9,0.3194444444444445,1.0,1.0,1.0,1.0,0.0
14,0.3194444444444445,1.0,1.0,1.0,1.0,0.0
15,0.3194444444444445,1.0,1.0,1.0,1.0,0.0
17,0.3194444444444445,1.0,1.0,1.0,1.0,0.0
18,0.3194444444444445,1.0,1.0,1.0,1.0,0.0
19,0.3194444444444445,1.0,1.0,1.0,1.0,0.0
20,0.3194444444444445,1.0,1.0,1.0,1.0,0.0
21,0.3194444444444445,1.0,1.0,1.0,1.0,0.0
22,0.3194444444444445,1.0,1.0,1.0,1.0,0.0
23,0.0,0.0,0.0,0.0,0.0,1.0
24,0.0,0.0,0.0,0.0,0.0,1.0
25,0.0,0.0,0.0,0.0,0.0,1.0
28,0.3194444444444445,1.0,1.0,1.0,1.0,0.0
29,0.30000000000000004,0.9299030703233043,0.9130434782608695,0.30434782608695654,0.9130434782608694,0.08695652173913047
30,0.30000000000000004,0.9299030703233043,0.9130434782608695,0.30434782608695654,0.9130434782608694,0.08695652173913047
31,0.30000000000000004,0.9299030703233043,0.9130434782608695,0.30434782608695654,0.9130434782608694,0.08695652173913047
32,0.30000000000000004,0.9299030703233043,0.9130434782608695,0.30434782608695654,0.9130434782608694,0.08695652173913047
33,0.30000000000000004,0.9299030703233043,0.9130434782608695,0.30434782608695654,0.9130434782608694,0.08695652173913047
34,0.25757575757575757,0.7830558285699681,0.7391304347826086,0.10559006211180123,0.7391304347826086,0.26086956521739124
35,0.25757575757575757,0.7830558285699681,0.7391304347826086,0.10559006211180123,0.7391304347826086,0.26086956521739124
36,0.25757575757575757,0.7830558285699681,0.7391304347826086,0.10559006211180123,0.7391304347826086,0.26086956521739124
40,0.3194444444444445,1.0,1.0,1.0,1.0,0.0
41,0.30985915492957744,0.9652081244109298,0.9565217391304348,0.47826086956521735,0.9565217391304345,0.04347826086956524
42,0.30985915492957744,0.9652081244109298,0.9565217391304348,0.47826086956521735,0.9565217391304345,0.04347826086956524
43,0.30985915492957744,0.9652081244109298,0.9565217391304348,0.47826086956521735,0.9565217391304345,0.04347826086956524
44,0.30985915492957744,0.9652081244109298,0.9565217391304348,0.47826086956521735,0.9565217391304345,0.04347826086956524
45,0.30985915492957744,0.9652081244109298,0.9565217391304348,0.47826086956521735,0.9565217391304345,0.04347826086956524
46,0.30985915492957744,0.9652081244109298,0.9565217391304348,0.47826086956521735,0.9565217391304345,0.04347826086956524
47,1.0,0.21506172935873005,0.15217391304347827,0.0072855464159812,0.1497584541062801,0.6956521739130435
48,1.0,0.21506172935873005,0.15217391304347827,0.0072855464159812,0.1497584541062801,0.6956521739130435
53,0.12500000000000006,0.3641462895694904,0.30434782608695654,0.017902813299232736,0.3043478260869565,0.6956521739130435
55,0.12500000000000006,0.3641462895694904,0.30434782608695654,0.017902813299232736,0.3043478260869565,0.6956521739130435
