9,0.0,0.0,0.0,0.0,0.0,0.0
14,0.0,0.0,0.0,0.0,0.0,0.0
15,0.0,0.0,0.0,0.0,0.0,0.0
17,0.0,0.0,0.0,0.0,0.0,0.0
18,0.0,0.0,0.0,0.0,0.0,0.0
21,0.0,0.0,0.0,0.0,0.0,0.0
22,0.0,0.0,0.0,0.0,0.0,0.0
23,0.0,0.0,0.0,0.0,0.0,0.0
24,0.584415584415584,0.5603917729049033,0.6363636363636369,0.5151515151515151,0.5345454545454547,0.6363636363636362
25,0.584415584415584,0.5603917729049033,0.6363636363636369,0.5151515151515151,0.5345454545454547,0.6363636363636362
26,0.584415584415584,0.5603917729049033,0.6363636363636369,0.5151515151515151,0.5345454545454547,0.6363636363636362
27,0.584415584415584,0.5603917729049033,0.6363636363636369,0.5151515151515151,0.5345454545454547,0.6363636363636362
28,0.584415584415584,0.5603917729049033,0.6363636363636369,0.5151515151515151,0.5345454545454547,0.6363636363636362
29,1.0,1.0,1.0,1.0,1.0,1.0
33,0.0,0.0,0.0,0.0,0.0,0.0
34,0.0,0.0,0.0,0.0,0.0,0.0
35,0.0,0.0,0.0,0.0,0.0,0.0
36,0.0,0.0,0.0,0.0,0.0,0.0
38,0.0,0.0,0.0,0.0,0.0,0.0
40,0.0,0.0,0.0,0.0,0.0,0.0
