3,0,1.0,1.0,1.0,1.0,1.0
6,0,1.0,1.0,1.0,1.0,1.0
7,0,1.0,1.0,1.0,1.0,1.0
8,0,1.0,1.0,1.0,1.0,1.0
10,0,0.18332654393115452,0.1111111111111111,0.003484024473147518,0.11111111111111112,0.11111111111111112
12,0,1.0,1.0,1.0,1.0,1.0
14,0,0.1421529037037566,0.08333333333333333,0.0025338359804709227,0.08333333333333334,0.08333333333333334
16,0,1.0,1.0,1.0,1.0,1.0
18,0,0.0,0.0,0.0,0.0,0.0
20,0,1.0,1.0,1.0,1.0,1.0
22,0,0.4815324258789178,0.3611111111111111,0.015753849791623562,0.3611111111111111,0.3611111111111111
23,0,0.4815324258789178,0.3611111111111111,0.015753849791623562,0.3611111111111111,0.3611111111111111
25,0,0.6142858138070953,0.5,0.027872195785180146,0.5000000000000001,0.5000000000000001
27,0,0.2947005178321477,0.19444444444444445,0.006727771396422794,0.19444444444444442,0.19444444444444442
29,0,0.6142858138070953,0.5,0.027872195785180146,0.5000000000000001,0.5000000000000001
30,0,0.6142858138070953,0.5,0.027872195785180146,0.5000000000000001,0.5000000000000001
