3,0.7666666666666666,0.874474632195206,0.929203539823009,0.7333333333333333,0.7647058823529411,0.0
7,0.7666666666666666,0.874474632195206,0.929203539823009,0.7333333333333333,0.7647058823529411,0.0
8,0.7666666666666666,0.874474632195206,0.929203539823009,0.7333333333333333,0.7647058823529411,0.0
10,0.7666666666666666,0.874474632195206,0.929203539823009,0.7333333333333333,0.7647058823529411,0.0
11,0.7666666666666666,0.874474632195206,0.929203539823009,0.7333333333333333,0.7647058823529411,0.0
12,0.7666666666666666,0.874474632195206,0.929203539823009,0.7333333333333333,0.7647058823529411,0.0
13,0.7666666666666666,0.874474632195206,0.929203539823009,0.7333333333333333,0.7647058823529411,0.0
15,0.0,0.0,0.06194690265486726,0.0,0.0,0.36363636363636365
16,0.0,0.0,0.06194690265486726,0.0,0.0,0.36363636363636365
18,0.8214285714285714,0.9309493362512626,0.9646017699115045,0.8461538461538461,0.8666666666666666,0.3636363636363636
21,0.8214285714285714,0.9309493362512626,0.9646017699115045,0.8461538461538461,0.8666666666666666,0.3636363636363636
23,0.8214285714285714,0.9309493362512626,0.9646017699115045,0.8461538461538461,0.8666666666666666,0.3636363636363636
25,0.8679245283018867,0.9813067629253163,0.9911504424778761,0.9565217391304347,0.9629629629629629,0.6363636363636362
27,0.8679245283018867,0.9813067629253163,0.9911504424778761,0.9565217391304347,0.9629629629629629,0.6363636363636362
30,0.0,0.0,0.08849557522123895,0.0,0.0,0.09090909090909091
32,0.8679245283018867,0.9813067629253163,0.9911504424778761,0.9565217391304347,0.9629629629629629,0.6363636363636362
33,0.8679245283018867,0.9813067629253163,0.9911504424778761,0.9565217391304347,0.9629629629629629,0.6363636363636362
36,0.0,0.0,0.07079646017699115,0.0,0.0,0.27272727272727276
40,0.0,0.0,0.0,0.0,0.0,1.0
42,0.0,0.0,0.0,0.0,0.0,1.0
45,0.0,0.0,0.09734513274336284,0.0,0.0,0.0
47,0.0,0.0,0.0,0.0,0.0,1.0
48,0.0,0.0,0.0,0.0,0.0,1.0
51,0.0,0.0,0.09734513274336284,0.0,0.0,0.0
56,0.8214285714285714,0.9309493362512626,0.9646017699115045,0.8461538461538461,0.8666666666666666,0.3636363636363636
57,0.0,0.0,0.06194690265486726,0.0,0.0,0.36363636363636365
61,0.8846153846153845,1.0,1.0,1.0,1.0,0.7272727272727275
62,0.8846153846153845,1.0,1.0,1.0,1.0,0.7272727272727275
64,0.8846153846153845,1.0,1.0,1.0,1.0,0.7272727272727275
65,0.8846153846153845,1.0,1.0,1.0,1.0,0.7272727272727275
68,0.8846153846153845,1.0,1.0,1.0,1.0,0.7272727272727275
69,1.0,0.5700877125495689,0.336283185840708,0.7857142857142857,0.8125,0.31818181818181823
73,0.8846153846153845,1.0,1.0,1.0,1.0,0.7272727272727275
74,1.0,0.5700877125495689,0.336283185840708,0.7857142857142857,0.8125,0.31818181818181823
78,0.8518518518518517,0.8345229603962802,0.7610619469026549,0.8684210526315789,0.8863636363636362,0.40909090909090917
79,0.8518518518518517,0.8345229603962802,0.7610619469026549,0.8684210526315789,0.8863636363636362,0.40909090909090917
81,0.8518518518518517,0.8345229603962802,0.7610619469026549,0.8684210526315789,0.8863636363636362,0.40909090909090917
82,0.8518518518518517,0.8345229603962802,0.7610619469026549,0.8684210526315789,0.8863636363636362,0.40909090909090917
83,0.8518518518518517,0.8345229603962802,0.7610619469026549,0.8684210526315789,0.8863636363636362,0.40909090909090917
85,0.8518518518518517,0.8345229603962802,0.7610619469026549,0.8684210526315789,0.8863636363636362,0.40909090909090917
86,0.8518518518518517,0.8345229603962802,0.7610619469026549,0.8684210526315789,0.8863636363636362,0.40909090909090917
90,0.8518518518518517,0.8345229603962802,0.7610619469026549,0.8684210526315789,0.8863636363636362,0.40909090909090917
94,0.8214285714285714,0.9309493362512626,0.9646017699115045,0.8461538461538461,0.8666666666666666,0.3636363636363636
