4,0.4047619047619049,0.9822527842584547,1.0,0.566326530612245,0.6218487394957983,0.0
7,0.4047619047619049,0.9822527842584547,1.0,0.566326530612245,0.6218487394957983,0.0
9,0.4047619047619049,0.9822527842584547,1.0,0.566326530612245,0.6218487394957983,0.0
12,0.4047619047619049,0.9822527842584547,1.0,0.566326530612245,0.6218487394957983,0.0
13,0.4214876033057851,0.7520076373080293,0.627906976744186,0.5142857142857143,0.5714285714285714,0.0909090909090906
16,0.4047619047619049,0.9822527842584547,1.0,0.566326530612245,0.6218487394957983,0.0
17,0.39662107803700725,0.7275112037556604,0.62015503875969,0.47959183673469385,0.5371428571428571,0.045454545454545726
19,0.4047619047619049,0.9822527842584547,1.0,0.566326530612245,0.6218487394957983,0.0
20,0.5234604105571847,1.0,0.8527131782945737,0.7443609022556391,0.7857142857142858,0.7272727272727274
22,0.4047619047619049,0.9822527842584547,1.0,0.566326530612245,0.6218487394957983,0.0
23,0.3157380254154448,0.5141910575569452,0.4108527131782946,0.3321428571428572,0.38509316770186336,0.40909090909090895
25,0.4047619047619049,0.9822527842584547,1.0,0.566326530612245,0.6218487394957983,0.0
26,0.3730407523510974,0.5616104851951501,0.42635658914728686,0.39285714285714285,0.44897959183673464,0.13636363636363633
28,0.4047619047619049,0.9822527842584547,1.0,0.566326530612245,0.6218487394957983,0.0
29,0.44774851316907416,0.7782336165027263,0.6356589147286822,0.5526315789473684,0.608695652173913,0.22727272727272735
32,0.4047619047619049,0.9822527842584547,1.0,0.566326530612245,0.6218487394957983,0.0
33,0.7727272727272728,0.7045622086415885,0.2868217054263566,0.6964285714285715,0.7428571428571429,0.7272727272727274
34,0.28977272727272735,0.6254117959354599,0.5813953488372093,0.3461538461538462,0.4,0.7272727272727274
35,0.07024793388429747,0.03157416716164854,0.01550387596899223,0.028571428571428574,0.035714285714285726,0.7272727272727274
36,0.4047619047619049,0.5884002202889344,0.43410852713178294,0.42857142857142866,0.4857142857142857,0.0
37,1.0,0.9443663775564426,0.3023255813953489,1.0,1.0,1.0
39,0.0,0.0,0.0,0.0,0.0,1.0
42,0.4047619047619049,0.9822527842584547,1.0,0.566326530612245,0.6218487394957983,0.0
