7,0,0.0,0.0,0.0,0.0,0.0
9,0,0.0,0.0,0.0,0.0,0.0
12,0,0.0,0.0,0.0,0.0,0.0
14,0,0.0,0.0,0.0,0.0,0.0
17,0,0.0,0.0,0.0,0.0,0.0
20,0,1.0,1.0,1.0,1.0,1.0
26,0,1.0,1.0,1.0,1.0,1.0
30,0,1.0,1.0,1.0,1.0,1.0
31,0,1.0,1.0,1.0,1.0,1.0
32,0,1.0,1.0,1.0,1.0,1.0
34,0,1.0,1.0,1.0,1.0,1.0
36,0,1.0,1.0,1.0,1.0,1.0
38,0,0.995133791073302,0.9902912621359223,0.9902912621359223,0.9902912621359223,0.9902912621359223
39,0,0.995133791073302,0.9902912621359223,0.9902912621359223,0.9902912621359223,0.9902912621359223
42,0,1.0,1.0,1.0,1.0,1.0
44,0,1.0,1.0,1.0,1.0,1.0
47,0,1.0,1.0,1.0,1.0,1.0
49,0,1.0,1.0,1.0,1.0,1.0
51,0,0.0,0.0,0.0,0.0,0.0
52,0,0.0,0.0,0.0,0.0,0.0
54,0,0.0,0.0,0.0,0.0,0.0
56,0,0.0,0.0,0.0,0.0,0.0
57,0,0.0,0.0,0.0,0.0,0.0
59,0,0.0,0.0,0.0,0.0,0.0
60,0,0.0,0.0,0.0,0.0,0.0
62,0,0.0,0.0,0.0,0.0,0.0
64,0,0.0,0.0,0.0,0.0,0.0
65,0,0.0,0.0,0.0,0.0,0.0
66,0,0.0,0.0,0.0,0.0,0.0
67,0,0.0,0.0,0.0,0.0,0.0
71,0,1.0,1.0,1.0,1.0,1.0
