3,0.55625,0.3513641844631532,0.4274193548387097,0.11250000000000002,0.12345679012345678,0.0
5,0.55625,0.3513641844631532,0.4274193548387097,0.11250000000000002,0.12345679012345678,0.0
6,0.55625,0.3513641844631532,0.4274193548387097,0.11250000000000002,0.12345679012345678,0.0
8,0.55625,0.3513641844631532,0.4274193548387097,0.11250000000000002,0.12345679012345678,0.0
9,0.55625,0.3513641844631532,0.4274193548387097,0.11250000000000002,0.12345679012345678,0.0
10,0.0,0.0,0.3548387096774194,0.0,0.0,0.11267605633802819
11,0.0,0.0,0.3548387096774194,0.0,0.0,0.11267605633802819
13,0.5855263157894737,0.3701166050988026,0.4919354838709678,0.125,0.136986301369863,0.11267605633802814
14,0.5855263157894737,0.3701166050988026,0.4919354838709678,0.125,0.136986301369863,0.11267605633802814
15,0.0,0.0,0.3306451612903226,0.0,0.0,0.15492957746478875
16,0.0,0.0,0.3306451612903226,0.0,0.0,0.15492957746478875
18,0.6312056737588653,0.40160966445124946,0.5806451612903226,0.1475409836065574,0.16129032258064516,0.267605633802817
19,0.6312056737588653,0.40160966445124946,0.5806451612903226,0.1475409836065574,0.16129032258064516,0.267605633802817
20,1.0,1.0,1.0,1.0,1.0,1.0
21,1.0,1.0,1.0,1.0,1.0,1.0
22,1.0,1.0,1.0,1.0,1.0,1.0
24,1.0,1.0,1.0,1.0,1.0,1.0
26,0.0,0.0,0.0,0.0,0.0,0.7323943661971831
27,0.0,0.0,0.29838709677419356,0.0,0.0,0.21126760563380284
29,0.0,0.0,0.29838709677419356,0.0,0.0,0.21126760563380284
30,0.0,0.0,0.3870967741935484,0.0,0.0,0.05633802816901409
31,0.0,0.0,0.3870967741935484,0.0,0.0,0.05633802816901409
33,0.0,0.0,0.3870967741935484,0.0,0.0,0.05633802816901409
35,0.0,0.0,0.3306451612903226,0.0,0.0,0.15492957746478875
36,0.0,0.0,0.37903225806451607,0.0,0.0,0.07042253521126761
37,0.0,0.0,0.37903225806451607,0.0,0.0,0.07042253521126761
39,0.0,0.0,0.37903225806451607,0.0,0.0,0.07042253521126761
40,0.0,0.0,0.37903225806451607,0.0,0.0,0.07042253521126761
42,0.0,0.0,0.3709677419354839,0.0,0.0,0.08450704225352113
43,0.0,0.0,0.37903225806451607,0.0,0.0,0.07042253521126761
44,0.0,0.0,0.37903225806451607,0.0,0.0,0.07042253521126761
46,0.0,0.0,0.37903225806451607,0.0,0.0,0.07042253521126761
47,0.0,0.0,0.37903225806451607,0.0,0.0,0.07042253521126761
50,0.0,0.0,0.12096774193548387,0.0,0.0,0.5211267605633804
51,0.0,0.0,0.12096774193548387,0.0,0.0,0.5211267605633804
52,0.0,0.0,0.12096774193548387,0.0,0.0,0.5211267605633804
53,0.0,0.0,0.14516129032258066,0.0,0.0,0.47887323943661975
54,0.0,0.0,0.14516129032258066,0.0,0.0,0.47887323943661975
56,0.0,0.0,0.12096774193548387,0.0,0.0,0.5211267605633804
57,0.0,0.0,0.12096774193548387,0.0,0.0,0.5211267605633804
58,0.0,0.0,0.12096774193548387,0.0,0.0,0.5211267605633804
60,0.0,0.0,0.12096774193548387,0.0,0.0,0.5211267605633804
62,0.0,0.0,0.41129032258064513,0.0,0.0,0.014084507042253523
