3,0,1.0,1.0,1.0,1.0,1.0
4,0,1.0,1.0,1.0,1.0,1.0
6,0,1.0,1.0,1.0,1.0,1.0
7,0,1.0,1.0,1.0,1.0,1.0
9,0,1.0,1.0,1.0,1.0,1.0
10,0,1.0,1.0,1.0,1.0,1.0
12,0,1.0,1.0,1.0,1.0,1.0
13,0,1.0,1.0,1.0,1.0,1.0
14,0,1.0,1.0,1.0,1.0,1.0
16,0,0.6603629880012944,0.625,0.2230971128608924,0.6249999999999999,0.6249999999999999
17,0,0.6603629880012944,0.625,0.2230971128608924,0.6249999999999999,0.6249999999999999
18,0,0.6603629880012944,0.625,0.2230971128608924,0.6249999999999999,0.6249999999999999
20,0,1.0,1.0,1.0,1.0,1.0
21,0,1.0,1.0,1.0,1.0,1.0
22,0,0.1444901142571813,0.125,0.01912260967379078,0.12500000000000003,0.12500000000000003
23,0,0.0,0.0,0.0,0.0,0.0
24,0,1.0,1.0,1.0,1.0,1.0
25,0,1.0,1.0,1.0,1.0,1.0
