2,0,1.0,1.0,1.0,1.0,1.0
4,0,1.0,1.0,1.0,1.0,1.0
5,0,1.0,1.0,1.0,1.0,1.0
7,0,1.0,1.0,1.0,1.0,1.0
9,0,0.06930921217523146,0.029411764705882353,0.0008927242969796163,0.029411764705882353,0.029411764705882353
11,0,0.944298026753693,0.9117647058823529,0.3044189852700491,0.9117647058823529,0.9117647058823529
13,0,0.642133126175719,0.5,0.029459901800327336,0.5,0.5
17,0,0.5075342814274781,0.35294117647058826,0.016069037345633093,0.35294117647058826,0.35294117647058826
19,0,0.5075342814274781,0.35294117647058826,0.016069037345633093,0.35294117647058826,0.35294117647058826
20,0,0.5075342814274781,0.35294117647058826,0.016069037345633093,0.35294117647058826,0.35294117647058826
21,0,0.5075342814274781,0.35294117647058826,0.016069037345633093,0.35294117647058826,0.35294117647058826
23,0,0.34580468567296213,0.20588235294117646,0.007637752318603383,0.2058823529411765,0.2058823529411765
24,0,0.34580468567296213,0.20588235294117646,0.007637752318603383,0.2058823529411765,0.2058823529411765
28,0,0.22575760875288978,0.11764705882352941,0.0039279869067103115,0.11764705882352941,0.11764705882352941
29,0,0.22575760875288978,0.11764705882352941,0.0039279869067103115,0.11764705882352941,0.11764705882352941
30,0,0.22575760875288978,0.11764705882352941,0.0039279869067103115,0.11764705882352941,0.11764705882352941
31,0,0.22575760875288978,0.11764705882352941,0.0039279869067103115,0.11764705882352941,0.11764705882352941
33,0,0.17921776914495724,0.08823529411764706,0.002850958238741355,0.08823529411764706,0.08823529411764706
35,0,0.0,0.0,0.0,0.0,0.0
36,0,0.0,0.0,0.0,0.0,0.0
43,0,0.5075342814274781,0.35294117647058826,0.016069037345633093,0.35294117647058826,0.35294117647058826
45,0,0.41484950375638985,0.2647058823529412,0.01060556464811784,0.2647058823529412,0.2647058823529412
49,0,0.06930921217523146,0.029411764705882353,0.0008927242969796163,0.029411764705882353,0.029411764705882353
52,0,1.0,1.0,1.0,1.0,1.0
