4,0.43522017860642204,1.0,1.0,0.8682585426101276,0.907780979827089,0.0
6,0.43522017860642204,1.0,1.0,0.8682585426101276,0.907780979827089,0.0
7,0.43522017860642204,1.0,1.0,0.8682585426101276,0.907780979827089,0.0
8,0.43522017860642204,1.0,1.0,0.8682585426101276,0.907780979827089,0.0
9,0.5706603531182323,0.9897147082028714,0.8416523235800344,1.0,1.0,0.918287937743191
10,0.5706603531182323,0.9897147082028714,0.8416523235800344,1.0,1.0,0.918287937743191
11,0.5706603531182323,0.9897147082028714,0.8416523235800344,1.0,1.0,0.918287937743191
12,0.5184606481481484,0.6672463163685015,0.4638554216867471,0.5864553314121038,0.6792918896665293,0.35797665369649795
13,0.5452100144837575,0.6051884923802473,0.3812392426850259,0.5186009955462405,0.61671469740634,0.39688715953307374
15,0.48450223272918325,0.1127840418356317,0.005163511187607578,0.03309152340256385,0.048631123919308364,0.04669260700389101
16,0.48450223272918325,0.1127840418356317,0.005163511187607578,0.03309152340256385,0.048631123919308364,0.04669260700389101
19,0.5706603531182323,0.9897147082028714,0.8416523235800344,1.0,1.0,0.918287937743191
20,0.5846560846560849,0.9083525322545177,0.7168674698795181,0.9063400576368876,0.9352894943673039,0.8715953307392996
21,0.48450223272918297,0.683965016440518,0.5043029259896731,0.596541786743516,0.6883174462425181,0.23346303501945534
22,0.48450223272918297,0.683965016440518,0.5043029259896731,0.596541786743516,0.6883174462425181,0.23346303501945534
23,0.29045414462081137,0.23519815053511317,0.12650602409638556,0.15994236311239196,0.22140999507977782,0.32684824902723736
24,0.29045414462081137,0.23519815053511317,0.12650602409638556,0.15994236311239196,0.22140999507977782,0.32684824902723736
25,0.29045414462081137,0.23519815053511317,0.12650602409638556,0.15994236311239196,0.22140999507977782,0.32684824902723736
26,0.29045414462081137,0.23519815053511317,0.12650602409638556,0.15994236311239196,0.22140999507977782,0.32684824902723736
27,0.29045414462081137,0.23519815053511317,0.12650602409638556,0.15994236311239196,0.22140999507977782,0.32684824902723736
31,0.48450223272918297,0.683965016440518,0.5043029259896731,0.596541786743516,0.6883174462425181,0.23346303501945534
32,0.48450223272918297,0.683965016440518,0.5043029259896731,0.596541786743516,0.6883174462425181,0.23346303501945534
33,0.48450223272918297,0.683965016440518,0.5043029259896731,0.596541786743516,0.6883174462425181,0.23346303501945534
35,0.48450223272918297,0.683965016440518,0.5043029259896731,0.596541786743516,0.6883174462425181,0.23346303501945534
37,0.48450223272918297,0.683965016440518,0.5043029259896731,0.596541786743516,0.6883174462425181,0.23346303501945534
38,0.48450223272918297,0.683965016440518,0.5043029259896731,0.596541786743516,0.6883174462425181,0.23346303501945534
39,0.48450223272918297,0.683965016440518,0.5043029259896731,0.596541786743516,0.6883174462425181,0.23346303501945534
42,1.0,0.6173482127309843,0.22030981067125652,0.4620557156580211,0.5619596541786742,1.0
43,1.0,0.6173482127309843,0.22030981067125652,0.4620557156580211,0.5619596541786742,1.0
46,0.5706603531182323,0.9897147082028714,0.8416523235800344,1.0,1.0,0.918287937743191
47,0.5846560846560849,0.9083525322545177,0.7168674698795181,0.9063400576368876,0.9352894943673039,0.8715953307392996
52,0.0,0.04036174252895326,0.03872633390705681,0.03144166112465824,0.04624354935996247,0.9182879377431906
53,0.0,0.04036174252895326,0.03872633390705681,0.03144166112465824,0.04624354935996247,0.9182879377431906
55,0.40360873694207017,0.5343838098173413,0.3769363166953529,0.42931897467010466,0.5291066282420748,0.12840466926070063
56,0.48450223272918325,0.1127840418356317,0.005163511187607578,0.03309152340256385,0.048631123919308364,0.04669260700389101
57,0.48450223272918325,0.1127840418356317,0.005163511187607578,0.03309152340256385,0.048631123919308364,0.04669260700389101
59,0.3790003595828838,0.4052870899593641,0.25215146299483654,0.3065561959654179,0.3976945244956772,0.17509727626459165
60,0.3790003595828838,0.4052870899593641,0.25215146299483654,0.3065561959654179,0.3976945244956772,0.17509727626459165
61,0.3790003595828838,0.4052870899593641,0.25215146299483654,0.3065561959654179,0.3976945244956772,0.17509727626459165
62,0.41632975510014403,0.37743247566069615,0.2117039586919105,0.2791151042549585,0.36640592836558245,0.050583657587548764
63,0.04396062729396067,0.0,0.0,0.0,0.0,0.5836575875486382
64,0.3790003595828838,0.4052870899593641,0.25215146299483654,0.3065561959654179,0.3976945244956772,0.17509727626459165
