7,0,1.0,1.0,1.0,1.0,1.0
9,0,1.0,1.0,1.0,1.0,1.0
10,0,1.0,1.0,1.0,1.0,1.0
12,0,1.0,1.0,1.0,1.0,1.0
14,0,1.0,1.0,1.0,1.0,1.0
15,0,1.0,1.0,1.0,1.0,1.0
17,0,1.0,1.0,1.0,1.0,1.0
18,0,0.5114083119567588,0.26153846153846155,0.005448717948717949,0.26153846153846155,0.26153846153846155
19,0,0.5114083119567588,0.26153846153846155,0.005448717948717949,0.26153846153846155,0.26153846153846155
21,0,0.8593378488473195,0.7384615384615385,0.04343891402714933,0.7384615384615385,0.7384615384615385
22,0,0.5114083119567588,0.26153846153846155,0.005448717948717949,0.26153846153846155,0.26153846153846155
23,0,0.5114083119567588,0.26153846153846155,0.005448717948717949,0.26153846153846155,0.26153846153846155
25,0,0.690596174998875,0.47692307692307695,0.014027149321266969,0.47692307692307695,0.47692307692307695
26,0,0.5262348115842175,0.27692307692307694,0.005891980360065467,0.27692307692307694,0.27692307692307694
27,0,0.5262348115842175,0.27692307692307694,0.005891980360065467,0.27692307692307694,0.27692307692307694
29,0,0.4472135954999579,0.2,0.0038461538461538464,0.2,0.2
30,0,0.2773500981126146,0.07692307692307693,0.001282051282051282,0.07692307692307693,0.07692307692307693
31,0,0.2773500981126146,0.07692307692307693,0.001282051282051282,0.07692307692307693,0.07692307692307693
33,0,0.3508232077228117,0.12307692307692308,0.0021592442645074223,0.12307692307692308,0.12307692307692308
34,0,0.3508232077228117,0.12307692307692308,0.0021592442645074223,0.12307692307692308,0.12307692307692308
35,0,0.3508232077228117,0.12307692307692308,0.0021592442645074223,0.12307692307692308,0.12307692307692308
36,0,0.3508232077228117,0.12307692307692308,0.0021592442645074223,0.12307692307692308,0.12307692307692308
39,0,1.0,1.0,1.0,1.0,1.0
40,0,1.0,1.0,1.0,1.0,1.0
41,0,0.9607689228305228,0.9230769230769231,0.18461538461538463,0.9230769230769231,0.9230769230769231
42,0,0.6076436202502,0.36923076923076925,0.00900562851782364,0.36923076923076925,0.36923076923076925
43,0,0.6076436202502,0.36923076923076925,0.00900562851782364,0.36923076923076925,0.36923076923076925
44,0,0.3508232077228117,0.12307692307692308,0.0021592442645074223,0.12307692307692308,0.12307692307692308
45,0,0.3508232077228117,0.12307692307692308,0.0021592442645074223,0.12307692307692308,0.12307692307692308
47,0,0.5406548735632486,0.2923076923076923,0.006354515050167224,0.2923076923076923,0.2923076923076923
48,0,0.4296689244236597,0.18461538461538463,0.0034833091436865023,0.18461538461538463,0.18461538461538463
49,0,0.4296689244236597,0.18461538461538463,0.0034833091436865023,0.18461538461538463,0.18461538461538463
51,0,0.4472135954999579,0.2,0.0038461538461538464,0.2,0.2
52,0,0.0,0.0,0.0,0.0,0.0
53,0,0.0,0.0,0.0,0.0,0.0
55,0,0.4472135954999579,0.2,0.0038461538461538464,0.2,0.2
56,0,0.12403473458920847,0.015384615384615385,0.0002403846153846154,0.015384615384615385,0.015384615384615385
57,0,0.12403473458920847,0.015384615384615385,0.0002403846153846154,0.015384615384615385,0.015384615384615385
58,0,0.12403473458920847,0.015384615384615385,0.0002403846153846154,0.015384615384615385,0.015384615384615385
61,0,0.0,0.0,0.0,0.0,0.0
62,0,0.0,0.0,0.0,0.0,0.0
63,0,0.0,0.0,0.0,0.0,0.0
65,0,0.12403473458920847,0.015384615384615385,0.0002403846153846154,0.015384615384615385,0.015384615384615385
66,0,0.12403473458920847,0.015384615384615385,0.0002403846153846154,0.015384615384615385,0.015384615384615385
67,0,0.12403473458920847,0.015384615384615385,0.0002403846153846154,0.015384615384615385,0.015384615384615385
68,0,0.12403473458920847,0.015384615384615385,0.0002403846153846154,0.015384615384615385,0.015384615384615385
71,0,0.4296689244236597,0.18461538461538463,0.0034833091436865023,0.18461538461538463,0.18461538461538463
72,0,0.4296689244236597,0.18461538461538463,0.0034833091436865023,0.18461538461538463,0.18461538461538463
75,0,0.9114654303752999,0.8307692307692308,0.07552447552447553,0.8307692307692308,0.8307692307692308
76,0,0.5948496901286525,0.35384615384615387,0.008424908424908426,0.35384615384615387,0.35384615384615387
77,0,0.5948496901286525,0.35384615384615387,0.008424908424908426,0.35384615384615387,0.35384615384615387
78,0,0.17541160386140586,0.03076923076923077,0.0004884004884004884,0.03076923076923077,0.03076923076923077
79,0,0.17541160386140586,0.03076923076923077,0.0004884004884004884,0.03076923076923077,0.03076923076923077
81,0,0.5948496901286525,0.35384615384615387,0.008424908424908426,0.35384615384615387,0.35384615384615387
82,0,0.21483446221182986,0.046153846153846156,0.0007444168734491315,0.046153846153846156,0.046153846153846156
83,0,0.21483446221182986,0.046153846153846156,0.0007444168734491315,0.046153846153846156,0.046153846153846156
85,0,0.5547001962252291,0.3076923076923077,0.006837606837606838,0.3076923076923077,0.3076923076923077
86,0,0.24806946917841693,0.06153846153846154,0.001008827238335435,0.06153846153846154,0.06153846153846154
87,0,0.24806946917841693,0.06153846153846154,0.001008827238335435,0.06153846153846154,0.06153846153846154
88,0,0.24806946917841693,0.06153846153846154,0.001008827238335435,0.06153846153846154,0.06153846153846154
90,0,0.5114083119567588,0.26153846153846155,0.005448717948717949,0.26153846153846155,0.26153846153846155
91,0,0.4803844614152614,0.23076923076923078,0.004615384615384615,0.23076923076923078,0.23076923076923078
92,0,0.4803844614152614,0.23076923076923078,0.004615384615384615,0.23076923076923078,0.23076923076923078
93,0,0.4803844614152614,0.23076923076923078,0.004615384615384615,0.23076923076923078,0.23076923076923078
96,0,0.3281650616569468,0.1076923076923077,0.001856763925729443,0.1076923076923077,0.1076923076923077
97,0,0.3281650616569468,0.1076923076923077,0.001856763925729443,0.1076923076923077,0.1076923076923077
101,0,0.7745966692414834,0.6,0.023076923076923078,0.6,0.6
103,0,0.7745966692414834,0.6,0.023076923076923078,0.6,0.6
104,0,0.7745966692414834,0.6,0.023076923076923078,0.6,0.6
105,0,0.7745966692414834,0.6,0.023076923076923078,0.6,0.6
106,0,0.7745966692414834,0.6,0.023076923076923078,0.6,0.6
108,0,0.7016464154456235,0.49230769230769234,0.014918414918414918,0.49230769230769234,0.49230769230769234
111,0,1.0,1.0,1.0,1.0,1.0
113,0,1.0,1.0,1.0,1.0,1.0
115,0,1.0,1.0,1.0,1.0,1.0
116,0,1.0,1.0,1.0,1.0,1.0
118,0,1.0,1.0,1.0,1.0,1.0
119,0,0.5948496901286525,0.35384615384615387,0.008424908424908426,0.35384615384615387,0.35384615384615387
121,0,0.5948496901286525,0.35384615384615387,0.008424908424908426,0.35384615384615387,0.35384615384615387
122,0,0.5948496901286525,0.35384615384615387,0.008424908424908426,0.35384615384615387,0.35384615384615387
124,0,0.8038369524685004,0.6461538461538462,0.02809364548494983,0.6461538461538462,0.6461538461538462
125,0,0.3508232077228117,0.12307692307692308,0.0021592442645074223,0.12307692307692308,0.12307692307692308
126,0,0.3508232077228117,0.12307692307692308,0.0021592442645074223,0.12307692307692308,0.12307692307692308
127,0,0.3508232077228117,0.12307692307692308,0.0021592442645074223,0.12307692307692308,0.12307692307692308
129,0,0.3508232077228117,0.12307692307692308,0.0021592442645074223,0.12307692307692308,0.12307692307692308
131,0,0.3508232077228117,0.12307692307692308,0.0021592442645074223,0.12307692307692308,0.12307692307692308
132,0,0.2773500981126146,0.07692307692307693,0.001282051282051282,0.07692307692307693,0.07692307692307693
134,0,0.2773500981126146,0.07692307692307693,0.001282051282051282,0.07692307692307693,0.07692307692307693
135,0,0.2773500981126146,0.07692307692307693,0.001282051282051282,0.07692307692307693,0.07692307692307693
136,0,0.2773500981126146,0.07692307692307693,0.001282051282051282,0.07692307692307693,0.07692307692307693
139,0,0.21483446221182986,0.046153846153846156,0.0007444168734491315,0.046153846153846156,0.046153846153846156
140,0,0.21483446221182986,0.046153846153846156,0.0007444168734491315,0.046153846153846156,0.046153846153846156
141,0,0.21483446221182986,0.046153846153846156,0.0007444168734491315,0.046153846153846156,0.046153846153846156
142,0,0.21483446221182986,0.046153846153846156,0.0007444168734491315,0.046153846153846156,0.046153846153846156
143,0,0.21483446221182986,0.046153846153846156,0.0007444168734491315,0.046153846153846156,0.046153846153846156
144,0,0.21483446221182986,0.046153846153846156,0.0007444168734491315,0.046153846153846156,0.046153846153846156
145,0,0.21483446221182986,0.046153846153846156,0.0007444168734491315,0.046153846153846156,0.046153846153846156
147,0,0.21483446221182986,0.046153846153846156,0.0007444168734491315,0.046153846153846156,0.046153846153846156
148,0,0.17541160386140586,0.03076923076923077,0.0004884004884004884,0.03076923076923077,0.03076923076923077
149,0,0.17541160386140586,0.03076923076923077,0.0004884004884004884,0.03076923076923077,0.03076923076923077
150,0,0.17541160386140586,0.03076923076923077,0.0004884004884004884,0.03076923076923077,0.03076923076923077
151,0,0.17541160386140586,0.03076923076923077,0.0004884004884004884,0.03076923076923077,0.03076923076923077
152,0,0.17541160386140586,0.03076923076923077,0.0004884004884004884,0.03076923076923077,0.03076923076923077
153,0,0.17541160386140586,0.03076923076923077,0.0004884004884004884,0.03076923076923077,0.03076923076923077
155,0,0.17541160386140586,0.03076923076923077,0.0004884004884004884,0.03076923076923077,0.03076923076923077
156,0,0.17541160386140586,0.03076923076923077,0.0004884004884004884,0.03076923076923077,0.03076923076923077
157,0,0.17541160386140586,0.03076923076923077,0.0004884004884004884,0.03076923076923077,0.03076923076923077
161,0,0.3508232077228117,0.12307692307692308,0.0021592442645074223,0.12307692307692308,0.12307692307692308
162,0,0.21483446221182986,0.046153846153846156,0.0007444168734491315,0.046153846153846156,0.046153846153846156
163,0,0.3508232077228117,0.12307692307692308,0.0021592442645074223,0.12307692307692308,0.12307692307692308
166,0,0.7232405706795789,0.5230769230769231,0.016873449131513646,0.5230769230769231,0.5230769230769231
167,0,0.5948496901286525,0.35384615384615387,0.008424908424908426,0.35384615384615387,0.35384615384615387
168,0,0.5948496901286525,0.35384615384615387,0.008424908424908426,0.35384615384615387,0.35384615384615387
169,0,0.5948496901286525,0.35384615384615387,0.008424908424908426,0.35384615384615387,0.35384615384615387
170,0,0.5948496901286525,0.35384615384615387,0.008424908424908426,0.35384615384615387,0.35384615384615387
171,0,0.5948496901286525,0.35384615384615387,0.008424908424908426,0.35384615384615387,0.35384615384615387
173,0,0.5948496901286525,0.35384615384615387,0.008424908424908426,0.35384615384615387,0.35384615384615387
174,0,0.5948496901286525,0.35384615384615387,0.008424908424908426,0.35384615384615387,0.35384615384615387
175,0,0.5817744738827396,0.3384615384615385,0.007871198568872988,0.3384615384615385,0.3384615384615385
179,0,1.0,1.0,1.0,1.0,1.0
181,0,1.0,1.0,1.0,1.0,1.0
