3,0,1.0,1.0,1.0,1.0,1.0
5,0,1.0,1.0,1.0,1.0,1.0
6,0,1.0,1.0,1.0,1.0,1.0
7,0,1.0,1.0,1.0,1.0,1.0
8,0,1.0,1.0,1.0,1.0,1.0
10,0,1.0,1.0,1.0,1.0,1.0
11,0,1.0,1.0,1.0,1.0,1.0
13,0,0.9099522399071825,0.8695652173913043,0.2913165266106443,0.8695652173913043,0.8695652173913043
15,0,0.8466146068679029,0.782608695652174,0.15731092436974792,0.782608695652174,0.782608695652174
16,0,0.8466146068679029,0.782608695652174,0.15731092436974792,0.782608695652174,0.782608695652174
20,0,0.9099522399071825,0.8695652173913043,0.2913165266106443,0.8695652173913043,0.8695652173913043
21,0,0.9099522399071825,0.8695652173913043,0.2913165266106443,0.8695652173913043,0.8695652173913043
25,0,0.9099522399071825,0.8695652173913043,0.2913165266106443,0.8695652173913043,0.8695652173913043
27,0,1.0,1.0,1.0,1.0,1.0
28,0,0.9099522399071825,0.8695652173913043,0.2913165266106443,0.8695652173913043,0.8695652173913043
30,0,0.0,0.0,0.0,0.0,0.0
31,0,1.0,1.0,1.0,1.0,1.0
