3,0,1.0,1.0,1.0,1.0,1.0
8,0,1.0,1.0,1.0,1.0,1.0
9,0,1.0,1.0,1.0,1.0,1.0
10,0,1.0,1.0,1.0,1.0,1.0
11,0,1.0,1.0,1.0,1.0,1.0
12,0,1.0,1.0,1.0,1.0,1.0
13,0,1.0,1.0,1.0,1.0,1.0
14,0,1.0,1.0,1.0,1.0,1.0
15,0,0.9302303892253013,0.9148936170212766,0.23059554050239914,0.9148936170212764,0.9148936170212764
16,0,0.4630087939850903,0.40425531914893614,0.014555864682875692,0.40425531914893603,0.40425531914893603
17,0,0.4630087939850903,0.40425531914893614,0.014555864682875692,0.40425531914893603,0.40425531914893603
18,0,0.8766218739658461,0.851063829787234,0.1225757025926374,0.8510638297872342,0.8510638297872342
19,0,0.4412396318438977,0.3829787234042553,0.013314257350579577,0.3829787234042553,0.3829787234042553
20,0,0.4412396318438977,0.3829787234042553,0.013314257350579577,0.3829787234042553,0.3829787234042553
21,0,0.7276783283957654,0.6808510638297872,0.04576159563458462,0.6808510638297872,0.6808510638297872
22,0,0.10784200684020594,0.0851063829787234,0.0019954184142987486,0.08510638297872339,0.08510638297872339
23,0,0.10784200684020594,0.0851063829787234,0.0019954184142987486,0.08510638297872339,0.08510638297872339
24,0,0.6295772490042155,0.574468085106383,0.028958509737510584,0.5744680851063828,0.5744680851063828
25,0,0.0,0.0,0.0,0.0,0.0
26,0,0.0,0.0,0.0,0.0,0.0
28,0,1.0,1.0,1.0,1.0,1.0
30,0,1.0,1.0,1.0,1.0,1.0
