5,0.888888888888889,0.9128709291752769,0.95,0.75,0.8333333333333333,0.4999999999999999
6,0.888888888888889,0.9128709291752769,0.95,0.75,0.8333333333333333,0.4999999999999999
7,0.9411764705882353,0.9534625892455924,0.975,0.8571428571428571,0.9090909090909091,0.7500000000000001
8,0.9411764705882353,0.9534625892455924,0.975,0.8571428571428571,0.9090909090909091,0.7500000000000001
9,0.9411764705882353,0.9534625892455924,0.975,0.8571428571428571,0.9090909090909091,0.7500000000000001
10,1.0,1.0,1.0,1.0,1.0,1.0
11,0.9411764705882353,0.9534625892455924,0.975,0.8571428571428571,0.9090909090909091,0.7500000000000001
12,0.9411764705882353,0.9534625892455924,0.975,0.8571428571428571,0.9090909090909091,0.7500000000000001
14,0.9411764705882353,0.9534625892455924,0.975,0.8571428571428571,0.9090909090909091,0.7500000000000001
15,0.9411764705882353,0.9534625892455924,0.975,0.8571428571428571,0.9090909090909091,0.7500000000000001
16,0.9411764705882353,0.9534625892455924,0.975,0.8571428571428571,0.9090909090909091,0.7500000000000001
19,0.9411764705882353,0.9534625892455924,0.975,0.8571428571428571,0.9090909090909091,0.7500000000000001
21,0.888888888888889,0.9128709291752769,0.95,0.75,0.8333333333333333,0.4999999999999999
23,0.8,0.8451542547285166,0.8999999999999999,0.6000000000000001,0.7142857142857142,0.0
25,0.8,0.8451542547285166,0.8999999999999999,0.6000000000000001,0.7142857142857142,0.0
27,0.8,0.8451542547285166,0.8999999999999999,0.6000000000000001,0.7142857142857142,0.0
28,0.0,0.0,0.0,0.0,0.0,0.5
29,0.0,0.0,0.0,0.0,0.0,0.5
33,0.888888888888889,0.9128709291752769,0.95,0.75,0.8333333333333333,0.4999999999999999
34,0.888888888888889,0.9128709291752769,0.95,0.75,0.8333333333333333,0.4999999999999999
36,0.888888888888889,0.9128709291752769,0.95,0.75,0.8333333333333333,0.4999999999999999
38,0.888888888888889,0.9128709291752769,0.95,0.75,0.8333333333333333,0.4999999999999999
39,0.888888888888889,0.9128709291752769,0.95,0.75,0.8333333333333333,0.4999999999999999
40,0.888888888888889,0.9128709291752769,0.95,0.75,0.8333333333333333,0.4999999999999999
41,0.888888888888889,0.9128709291752769,0.95,0.75,0.8333333333333333,0.4999999999999999
43,0.888888888888889,0.9128709291752769,0.95,0.75,0.8333333333333333,0.4999999999999999
44,0.888888888888889,0.9128709291752769,0.95,0.75,0.8333333333333333,0.4999999999999999
45,0.888888888888889,0.9128709291752769,0.95,0.75,0.8333333333333333,0.4999999999999999
47,0.888888888888889,0.9128709291752769,0.95,0.75,0.8333333333333333,0.4999999999999999
48,1.0,1.0,1.0,1.0,1.0,1.0
49,0.888888888888889,0.9128709291752769,0.95,0.75,0.8333333333333333,0.4999999999999999
50,0.9411764705882353,0.9534625892455924,0.975,0.8571428571428571,0.9090909090909091,0.7500000000000001
51,0.888888888888889,0.9128709291752769,0.95,0.75,0.8333333333333333,0.4999999999999999
52,0.6153846153846153,0.35355339059327373,0.22499999999999998,0.21428571428571427,0.3125,0.37500000000000006
53,0.888888888888889,0.9128709291752769,0.95,0.75,0.8333333333333333,0.4999999999999999
54,0.7272727272727273,0.3952847075210474,0.25000000000000006,0.25,0.3571428571428571,0.12499999999999997
56,0.888888888888889,0.9128709291752769,0.95,0.75,0.8333333333333333,0.4999999999999999
59,0.888888888888889,0.9128709291752769,0.95,0.75,0.8333333333333333,0.4999999999999999
60,0.8888888888888887,0.7905694150420948,0.725,0.6428571428571429,0.7499999999999999,0.37500000000000006
64,0.888888888888889,0.9128709291752769,0.95,0.75,0.8333333333333333,0.4999999999999999
65,0.8888888888888887,0.7905694150420948,0.725,0.6428571428571429,0.7499999999999999,0.37500000000000006
66,0.96,0.8385254915624211,0.75,0.75,0.8333333333333333,0.625
67,0.0,0.0,0.05,0.0,0.0,0.0
68,0.0,0.0,0.05,0.0,0.0,0.0
71,0.888888888888889,0.9128709291752769,0.95,0.75,0.8333333333333333,0.4999999999999999
72,0.888888888888889,0.9128709291752769,0.95,0.75,0.8333333333333333,0.4999999999999999
73,0.96,0.8385254915624211,0.75,0.75,0.8333333333333333,0.625
74,0.96,0.8385254915624211,0.75,0.75,0.8333333333333333,0.625
76,0.888888888888889,0.9128709291752769,0.95,0.75,0.8333333333333333,0.4999999999999999
78,0.888888888888889,0.9128709291752769,0.95,0.75,0.8333333333333333,0.4999999999999999
79,0.888888888888889,0.9128709291752769,0.95,0.75,0.8333333333333333,0.4999999999999999
80,0.96,0.8385254915624211,0.75,0.75,0.8333333333333333,0.625
82,0.888888888888889,0.9128709291752769,0.95,0.75,0.8333333333333333,0.4999999999999999
