2,0.5541383219954649,1.0,1.0,0.946938775510204,0.9490909090909091,0.0
4,0.5541383219954649,1.0,1.0,0.946938775510204,0.9490909090909091,0.0
5,0.5541383219954649,1.0,1.0,0.946938775510204,0.9490909090909091,0.0
6,0.5541383219954649,1.0,1.0,0.946938775510204,0.9490909090909091,0.0
8,0.5541383219954649,1.0,1.0,0.946938775510204,0.9490909090909091,0.0
9,0.5541383219954649,1.0,1.0,0.946938775510204,0.9490909090909091,0.0
11,0.5541383219954649,1.0,1.0,0.946938775510204,0.9490909090909091,0.0
12,0.5541383219954649,1.0,1.0,0.946938775510204,0.9490909090909091,0.0
15,0.5541383219954649,1.0,1.0,0.946938775510204,0.9490909090909091,0.0
17,1.0,0.16472580936789327,0.0,1.0,1.0,0.37681159420289845
18,1.0,0.16472580936789327,0.0,1.0,1.0,0.37681159420289845
21,0.3728070175438593,0.4390939499466995,0.460122699386503,0.5333333333333332,0.544186046511628,0.37681159420289845
22,0.3728070175438593,0.4390939499466995,0.460122699386503,0.5333333333333332,0.544186046511628,0.37681159420289845
24,0.3728070175438593,0.4390939499466995,0.460122699386503,0.5333333333333332,0.544186046511628,0.37681159420289845
26,0.0,0.0,0.1595092024539878,0.0,0.0,1.0
28,0.21271271271271253,0.10379046490182588,0.19018404907975459,0.23529411764705888,0.24324324324324348,0.5652173913043479
30,0.0,0.0,0.1595092024539878,0.0,0.0,1.0
34,0.3728070175438593,0.4390939499466995,0.460122699386503,0.5333333333333332,0.544186046511628,0.37681159420289845
36,0.5841924398625429,0.5668010330839051,0.49079754601226994,0.8470588235294118,0.8526315789473684,0.05797101449275368
38,0.3728070175438593,0.4390939499466995,0.460122699386503,0.5333333333333332,0.544186046511628,0.37681159420289845
42,0.3728070175438593,0.4390939499466995,0.460122699386503,0.5333333333333332,0.544186046511628,0.37681159420289845
43,0.3728070175438593,0.4390939499466995,0.460122699386503,0.5333333333333332,0.544186046511628,0.37681159420289845
