8,0,1.0,1.0,1.0,1.0,1.0
11,0,1.0,1.0,1.0,1.0,1.0
12,0,1.0,1.0,1.0,1.0,1.0
14,0,1.0,1.0,1.0,1.0,1.0
15,0,1.0,1.0,1.0,1.0,1.0
17,0,1.0,1.0,1.0,1.0,1.0
18,0,1.0,1.0,1.0,1.0,1.0
19,0,1.0,1.0,1.0,1.0,1.0
21,0,1.0,1.0,1.0,1.0,1.0
22,0,0.9077439061773311,0.8888888888888888,0.3007518796992481,0.888888888888889,0.888888888888889
24,0,1.0,1.0,1.0,1.0,1.0
25,0,0.0,0.0,0.0,0.0,0.0
27,0,0.3867318096074053,0.3333333333333333,0.018796992481203006,0.33333333333333326,0.33333333333333326
29,0,1.0,1.0,1.0,1.0,1.0
