3,0,1.0,1.0,1.0,1.0,1.0
6,0,1.0,1.0,1.0,1.0,1.0
7,0,1.0,1.0,1.0,1.0,1.0
8,0,1.0,1.0,1.0,1.0,1.0
9,0,1.0,1.0,1.0,1.0,1.0
11,0,0.0,0.0,0.0,0.0,0.0
12,0,0.0,0.0,0.0,0.0,0.0
14,0,0.9216708557204227,0.8846153846153846,0.2960497114957834,0.8846153846153846,0.8846153846153846
15,0,0.9216708557204227,0.8846153846153846,0.2960497114957834,0.8846153846153846,0.8846153846153846
16,0,0.9216708557204227,0.8846153846153846,0.2960497114957834,0.8846153846153846,0.8846153846153846
18,0,0.9216708557204227,0.8846153846153846,0.2960497114957834,0.8846153846153846,0.8846153846153846
19,0,0.9216708557204227,0.8846153846153846,0.2960497114957834,0.8846153846153846,0.8846153846153846
20,0,0.9216708557204227,0.8846153846153846,0.2960497114957834,0.8846153846153846,0.8846153846153846
22,0,0.9216708557204227,0.8846153846153846,0.2960497114957834,0.8846153846153846,0.8846153846153846
24,0,0.8669120860652151,0.8076923076923077,0.16218375499334223,0.8076923076923077,0.8076923076923077
25,0,0.8669120860652151,0.8076923076923077,0.16218375499334223,0.8076923076923077,0.8076923076923077
26,0,0.8669120860652151,0.8076923076923077,0.16218375499334223,0.8076923076923077,0.8076923076923077
29,0,0.9216708557204227,0.8846153846153846,0.2960497114957834,0.8846153846153846,0.8846153846153846
30,0,0.8669120860652151,0.8076923076923077,0.16218375499334223,0.8076923076923077,0.8076923076923077
31,0,0.9216708557204227,0.8846153846153846,0.2960497114957834,0.8846153846153846,0.8846153846153846
33,0,0.9216708557204227,0.8846153846153846,0.2960497114957834,0.8846153846153846,0.8846153846153846
34,0,0.9216708557204227,0.8846153846153846,0.2960497114957834,0.8846153846153846,0.8846153846153846
36,0,0.9216708557204227,0.8846153846153846,0.2960497114957834,0.8846153846153846,0.8846153846153846
37,0,0.34708722273158976,0.23076923076923078,0.011584553928095874,0.23076923076923078,0.23076923076923078
38,0,0.9216708557204227,0.8846153846153846,0.2960497114957834,0.8846153846153846,0.8846153846153846
39,0,0.4337597958823449,0.3076923076923077,0.01716230211569759,0.3076923076923077,0.3076923076923077
41,0,0.9216708557204227,0.8846153846153846,0.2960497114957834,0.8846153846153846,0.8846153846153846
42,0,0.0,0.0,0.0,0.0,0.0
43,0,0.8386764596199683,0.7692307692307693,0.1287172658677319,0.7692307692307693,0.7692307692307693
44,0,0.19639106124243808,0.11538461538461539,0.005036762577432988,0.11538461538461538,0.11538461538461538
46,0,0.6545251033318673,0.5384615384615384,0.04505104305370617,0.5384615384615384,0.5384615384615384
47,0,0.9216708557204227,0.8846153846153846,0.2960497114957834,0.8846153846153846,0.8846153846153846
