3,0,1.0,1.0,1.0,1.0,1.0
5,0,1.0,1.0,1.0,1.0,1.0
8,0,1.0,1.0,1.0,1.0,1.0
9,0,1.0,1.0,1.0,1.0,1.0
14,0,1.0,1.0,1.0,1.0,1.0
15,0,1.0,1.0,1.0,1.0,1.0
16,0,1.0,1.0,1.0,1.0,1.0
17,0,1.0,1.0,1.0,1.0,1.0
19,0,1.0,1.0,1.0,1.0,1.0
21,0,0.7056637735501541,0.6571428571428571,0.05537252914343639,0.6571428571428571,0.6571428571428571
22,0,0.7056637735501541,0.6571428571428571,0.05537252914343639,0.6571428571428571,0.6571428571428571
23,0,0.7056637735501541,0.6571428571428571,0.05537252914343639,0.6571428571428571,0.6571428571428571
26,0,1.0,1.0,1.0,1.0,1.0
27,0,1.0,1.0,1.0,1.0,1.0
29,0,1.0,1.0,1.0,1.0,1.0
30,0,1.0,1.0,1.0,1.0,1.0
31,0,1.0,1.0,1.0,1.0,1.0
32,0,1.0,1.0,1.0,1.0,1.0
33,0,1.0,1.0,1.0,1.0,1.0
34,0,1.0,1.0,1.0,1.0,1.0
35,0,1.0,1.0,1.0,1.0,1.0
36,0,0.0,0.0,0.0,0.0,0.0
37,0,0.0,0.0,0.0,0.0,0.0
39,0,0.7572304325944468,0.7142857142857143,0.0722250380131779,0.7142857142857143,0.7142857142857143
40,0,0.7572304325944468,0.7142857142857143,0.0722250380131779,0.7142857142857143,0.7142857142857143
42,0,1.0,1.0,1.0,1.0,1.0
44,0,1.0,1.0,1.0,1.0,1.0
47,0,1.0,1.0,1.0,1.0,1.0
