3,0,1.0,1.0,1.0,1.0,1.0
5,0,1.0,1.0,1.0,1.0,1.0
8,0,1.0,1.0,1.0,1.0,1.0
9,0,1.0,1.0,1.0,1.0,1.0
10,0,1.0,1.0,1.0,1.0,1.0
11,0,1.0,1.0,1.0,1.0,1.0
12,0,1.0,1.0,1.0,1.0,1.0
13,0,1.0,1.0,1.0,1.0,1.0
15,0,1.0,1.0,1.0,1.0,1.0
17,0,0.6772678096749647,0.6666666666666666,0.9189189189189189,0.6666666666666666,0.6666666666666666
18,0,0.6772678096749647,0.6666666666666666,0.9189189189189189,0.6666666666666666,0.6666666666666666
20,0,0.6772678096749647,0.6666666666666666,0.9189189189189189,0.6666666666666666,0.6666666666666666
22,0,0.6772678096749647,0.6666666666666666,0.9189189189189189,0.6666666666666666,0.6666666666666666
23,0,0.6772678096749647,0.6666666666666666,0.9189189189189189,0.6666666666666666,0.6666666666666666
24,0,0.6772678096749647,0.6666666666666666,0.9189189189189189,0.6666666666666666,0.6666666666666666
26,0,0.0,0.0,0.0,0.0,0.0
28,0,0.0,0.0,0.0,0.0,0.0
29,0,0.0,0.0,0.0,0.0,0.0
32,0,0.6772678096749647,0.6666666666666666,0.9189189189189189,0.6666666666666666,0.6666666666666666
34,0,0.0,0.0,0.0,0.0,0.0
36,0,0.6772678096749647,0.6666666666666666,0.9189189189189189,0.6666666666666666,0.6666666666666666
38,0,1.0,1.0,1.0,1.0,1.0
40,0,1.0,1.0,1.0,1.0,1.0
41,0,1.0,1.0,1.0,1.0,1.0
