27,0.0,0.0,0.0,0.0,0.0,1.0
28,0.0,0.0,0.0,0.0,0.0,1.0
31,0.9594594594594595,0.9653072991634227,0.9876033057851239,0.918918918918919,0.9318181818181818,0.0
33,0.9594594594594595,0.9653072991634227,0.9876033057851239,0.918918918918919,0.9318181818181818,0.0
34,0.986111111111111,0.9880235200593536,0.9958677685950413,0.9714285714285715,0.976190476190476,0.2
35,0.986111111111111,0.9880235200593536,0.9958677685950413,0.9714285714285715,0.976190476190476,0.2
37,0.9594594594594595,0.9653072991634227,0.9876033057851239,0.918918918918919,0.9318181818181818,0.0
38,0.9594594594594595,0.9653072991634227,0.9876033057851239,0.918918918918919,0.9318181818181818,0.0
39,0.9594594594594595,0.9653072991634227,0.9876033057851239,0.918918918918919,0.9318181818181818,0.0
40,0.9594594594594595,0.9653072991634227,0.9876033057851239,0.918918918918919,0.9318181818181818,0.0
42,0.9594594594594595,0.9653072991634227,0.9876033057851239,0.918918918918919,0.9318181818181818,0.0
43,0.9594594594594595,0.9653072991634227,0.9876033057851239,0.918918918918919,0.9318181818181818,0.0
46,0.9594594594594595,0.9653072991634227,0.9876033057851239,0.918918918918919,0.9318181818181818,0.0
47,0.9594594594594595,0.9653072991634227,0.9876033057851239,0.918918918918919,0.9318181818181818,0.0
49,0.9594594594594595,0.9653072991634227,0.9876033057851239,0.918918918918919,0.9318181818181818,0.0
50,0.9594594594594595,0.9653072991634227,0.9876033057851239,0.918918918918919,0.9318181818181818,0.0
51,0.9594594594594595,0.9653072991634227,0.9876033057851239,0.918918918918919,0.9318181818181818,0.0
52,0.9594594594594595,0.9653072991634227,0.9876033057851239,0.918918918918919,0.9318181818181818,0.0
53,0.9594594594594595,0.9653072991634227,0.9876033057851239,0.918918918918919,0.9318181818181818,0.0
54,0.9594594594594595,0.9653072991634227,0.9876033057851239,0.918918918918919,0.9318181818181818,0.0
56,0.9594594594594595,0.9653072991634227,0.9876033057851239,0.918918918918919,0.9318181818181818,0.0
57,0.9594594594594595,0.9653072991634227,0.9876033057851239,0.918918918918919,0.9318181818181818,0.0
58,0.9594594594594595,0.9653072991634227,0.9876033057851239,0.918918918918919,0.9318181818181818,0.0
59,0.6228070175438596,0.26406039300974804,0.15289256198347104,0.2857142857142857,0.32539682539682535,0.5714285714285715
60,0.6228070175438596,0.26406039300974804,0.15289256198347104,0.2857142857142857,0.32539682539682535,0.5714285714285715
61,0.8987341772151899,0.3457362111448452,0.1735537190082644,0.40476190476190477,0.45054945054945056,0.0714285714285715
62,0.986111111111111,0.3734377890799553,0.1776859504132231,0.4415584415584416,0.488095238095238,0.02857142857142851
63,0.6228070175438596,0.26406039300974804,0.15289256198347104,0.2857142857142857,0.32539682539682535,0.5714285714285715
64,0.6228070175438596,0.26406039300974804,0.15289256198347104,0.2857142857142857,0.32539682539682535,0.5714285714285715
65,0.6228070175438596,0.26406039300974804,0.15289256198347104,0.2857142857142857,0.32539682539682535,0.5714285714285715
67,0.9594594594594595,0.9653072991634227,0.9876033057851239,0.918918918918919,0.9318181818181818,0.0
68,0.9594594594594595,0.9653072991634227,0.9876033057851239,0.918918918918919,0.9318181818181818,0.0
69,0.9594594594594595,0.9653072991634227,0.9876033057851239,0.918918918918919,0.9318181818181818,0.0
70,0.9594594594594595,0.9653072991634227,0.9876033057851239,0.918918918918919,0.9318181818181818,0.0
71,0.0,0.0,0.028925619834710738,0.0,0.0,0.3
72,0.0,0.0,0.028925619834710738,0.0,0.0,0.3
73,0.0,0.0,0.028925619834710738,0.0,0.0,0.3
74,0.0,0.0,0.028925619834710738,0.0,0.0,0.3
77,1.0,1.0,1.0,1.0,1.0,0.2999999999999998
78,0.7634408602150538,0.30491067797299276,0.16528925619834708,0.3469387755102041,0.3904761904761904,0.27142857142857146
79,0.7634408602150538,0.30491067797299276,0.16528925619834708,0.3469387755102041,0.3904761904761904,0.27142857142857146
82,0.9594594594594595,0.9653072991634227,0.9876033057851239,0.918918918918919,0.9318181818181818,0.0
83,0.9594594594594595,0.9653072991634227,0.9876033057851239,0.918918918918919,0.9318181818181818,0.0
84,0.9594594594594595,0.9653072991634227,0.9876033057851239,0.918918918918919,0.9318181818181818,0.0
85,0.9594594594594595,0.9653072991634227,0.9876033057851239,0.918918918918919,0.9318181818181818,0.0
86,0.9594594594594595,0.9653072991634227,0.9876033057851239,0.918918918918919,0.9318181818181818,0.0
88,0.9594594594594595,0.9653072991634227,0.9876033057851239,0.918918918918919,0.9318181818181818,0.0
91,0.9594594594594595,0.9653072991634227,0.9876033057851239,0.918918918918919,0.9318181818181818,0.0
92,0.9594594594594595,0.9653072991634227,0.9876033057851239,0.918918918918919,0.9318181818181818,0.0
93,0.9594594594594595,0.9653072991634227,0.9876033057851239,0.918918918918919,0.9318181818181818,0.0
94,0.9594594594594595,0.9653072991634227,0.9876033057851239,0.918918918918919,0.9318181818181818,0.0
95,0.9594594594594595,0.9653072991634227,0.9876033057851239,0.918918918918919,0.9318181818181818,0.0
96,0.9594594594594595,0.9653072991634227,0.9876033057851239,0.918918918918919,0.9318181818181818,0.0
97,0.9594594594594595,0.9653072991634227,0.9876033057851239,0.918918918918919,0.9318181818181818,0.0
98,0.9594594594594595,0.9653072991634227,0.9876033057851239,0.918918918918919,0.9318181818181818,0.0
