3,0.7962962962962963,0.8852533362759811,1.0,0.6349206349206349,0.7183673469387755,0.0
5,0.7962962962962963,0.8852533362759811,1.0,0.6349206349206349,0.7183673469387755,0.0
6,0.7962962962962963,0.8852533362759811,1.0,0.6349206349206349,0.7183673469387755,0.0
7,0.7962962962962963,0.8852533362759811,1.0,0.6349206349206349,0.7183673469387755,0.0
8,0.7962962962962963,0.8852533362759811,1.0,0.6349206349206349,0.7183673469387755,0.0
9,0.7962962962962963,0.8852533362759811,1.0,0.6349206349206349,0.7183673469387755,0.0
10,0.7962962962962963,0.8852533362759811,1.0,0.6349206349206349,0.7183673469387755,0.0
11,0.7962962962962963,0.8852533362759811,1.0,0.6349206349206349,0.7183673469387755,0.0
12,0.7962962962962963,0.8852533362759811,1.0,0.6349206349206349,0.7183673469387755,0.0
13,0.0,0.0,0.0,0.0,0.0,0.831168831168831
15,0.7962962962962963,0.8852533362759811,1.0,0.6349206349206349,0.7183673469387755,0.0
16,0.6683937823834196,0.4763305116224668,0.3804878048780488,0.3383458646616541,0.42857142857142855,0.4025974025974025
18,0.7962962962962963,0.8852533362759811,1.0,0.6349206349206349,0.7183673469387755,0.0
19,0.32824427480916035,0.1749635530559413,0.11219512195121951,0.10714285714285715,0.14965986394557823,0.9999999999999999
21,0.7962962962962963,0.8852533362759811,1.0,0.6349206349206349,0.7183673469387755,0.0
22,1.0,1.0,0.926829268292683,1.0,1.0,1.0
24,0.7962962962962963,0.8852533362759811,1.0,0.6349206349206349,0.7183673469387755,0.0
25,0.0,0.0,0.014634146341463412,0.0,0.0,0.5194805194805194
27,0.7962962962962963,0.8852533362759811,1.0,0.6349206349206349,0.7183673469387755,0.0
28,0.6683937823834196,0.4763305116224668,0.3804878048780488,0.3383458646616541,0.42857142857142855,0.4025974025974025
30,0.7962962962962963,0.8852533362759811,1.0,0.6349206349206349,0.7183673469387755,0.0
31,0.7962962962962963,0.8852533362759811,1.0,0.6349206349206349,0.7183673469387755,0.0
