3,0,1.0,1.0,1.0,1.0,1.0
5,0,1.0,1.0,1.0,1.0,1.0
7,0,1.0,1.0,1.0,1.0,1.0
9,0,1.0,1.0,1.0,1.0,1.0
10,0,1.0,1.0,1.0,1.0,1.0
12,0,1.0,1.0,1.0,1.0,1.0
13,0,0.3708286933869706,0.3125,0.014366164808642685,0.3125000000000001,0.3125000000000001
15,0,0.3708286933869706,0.3125,0.014366164808642685,0.3125000000000001,0.3125000000000001
16,0,0.8184046238739259,0.78125,0.11287700921076396,0.78125,0.78125
17,0,0.4685019685029529,0.40625,0.021624858606693723,0.40625,0.40625
19,0,0.1583123951776999,0.125,0.004515080368430558,0.12500000000000003,0.12500000000000003
20,0,0.1583123951776999,0.125,0.004515080368430558,0.12500000000000003,0.12500000000000003
21,0,0.0,0.0,0.0,0.0,0.0
23,0,0.0,0.0,0.0,0.0,0.0
25,0,0.0,0.0,0.0,0.0,0.0
30,0,1.0,1.0,1.0,1.0,1.0
32,0,1.0,1.0,1.0,1.0,1.0
