3,0.8206800832755031,0.9675408219495083,0.9879032258064514,0.7962962962962963,0.8054173576561635,0.5303030303030303
5,0.8206800832755031,0.9675408219495083,0.9879032258064514,0.7962962962962963,0.8054173576561635,0.5303030303030303
6,0.8744318181818183,1.0,1.0,0.8637790332705586,0.8703703703703703,0.7575757575757575
8,0.8206800832755031,0.9675408219495083,0.9879032258064514,0.7962962962962963,0.8054173576561635,0.5303030303030303
12,0.7043478260869566,0.8996329738263824,0.9596774193548386,0.6616568259080337,0.6743410076743411,0.0
14,0.7043478260869566,0.8996329738263824,0.9596774193548386,0.6616568259080337,0.6743410076743411,0.0
16,0.7043478260869566,0.8996329738263824,0.9596774193548386,0.6616568259080337,0.6743410076743411,0.0
18,0.7043478260869566,0.8996329738263824,0.9596774193548386,0.6616568259080337,0.6743410076743411,0.0
21,0.8206800832755031,0.9675408219495083,0.9879032258064514,0.7962962962962963,0.8054173576561635,0.5303030303030303
23,0.8206800832755031,0.9675408219495083,0.9879032258064514,0.7962962962962963,0.8054173576561635,0.5303030303030303
26,0.7043478260869566,0.8996329738263824,0.9596774193548386,0.6616568259080337,0.6743410076743411,0.0
27,0.0,0.0,0.0,0.0,0.0,1.0
29,1.0,0.9191955504336137,0.786290322580645,1.0,1.0,1.0
32,0.7043478260869566,0.8996329738263824,0.9596774193548386,0.6616568259080337,0.6743410076743411,0.0
