4,1.0,1.0,1.0,1.0,1.0,0.0
7,1.0,1.0,1.0,1.0,1.0,0.0
8,1.0,1.0,1.0,1.0,1.0,0.0
9,1.0,1.0,1.0,1.0,1.0,0.0
11,1.0,1.0,1.0,1.0,1.0,0.0
15,1.0,1.0,1.0,1.0,1.0,0.0
16,1.0,1.0,1.0,1.0,1.0,0.0
17,0.0,0.0,0.0,0.0,0.0,1.0
18,0.0,0.0,0.0,0.0,0.0,1.0
24,1.0,1.0,1.0,1.0,1.0,0.0
26,1.0,1.0,1.0,1.0,1.0,0.0
27,0.7943001608825562,0.5731774259088228,0.507936507936508,0.5818181818181819,0.6198347107438017,0.26315789473684204
28,0.7943001608825562,0.5731774259088228,0.507936507936508,0.5818181818181819,0.6198347107438017,0.26315789473684204
29,0.7943001608825562,0.5731774259088228,0.507936507936508,0.5818181818181819,0.6198347107438017,0.26315789473684204
30,0.7943001608825562,0.5731774259088228,0.507936507936508,0.5818181818181819,0.6198347107438017,0.26315789473684204
31,0.44582043343653316,0.2985701134056273,0.253968253968254,0.29090909090909106,0.32467532467532456,0.6315789473684215
32,0.44582043343653316,0.2985701134056273,0.253968253968254,0.29090909090909106,0.32467532467532456,0.6315789473684215
35,0.7943001608825562,0.5731774259088228,0.507936507936508,0.5818181818181819,0.6198347107438017,0.26315789473684204
36,0.7943001608825562,0.5731774259088228,0.507936507936508,0.5818181818181819,0.6198347107438017,0.26315789473684204
37,0.7943001608825562,0.5731774259088228,0.507936507936508,0.5818181818181819,0.6198347107438017,0.26315789473684204
40,1.0,1.0,1.0,1.0,1.0,0.0
