3,0.7386363636363614,1.0,1.0,1.0,1.0,0.0
6,0.7386363636363614,1.0,1.0,1.0,1.0,0.0
8,0.3771760154738859,0.5056226633183145,0.5,0.44999999999999984,0.5000000000000009,0.49999999999999933
9,0.3771760154738859,0.5056226633183145,0.5,0.44999999999999984,0.5000000000000009,0.49999999999999933
10,0.3771760154738859,0.5056226633183145,0.5,0.44999999999999984,0.5000000000000009,0.49999999999999933
12,0.3771760154738859,0.5056226633183145,0.5,0.44999999999999984,0.5000000000000009,0.49999999999999933
14,0.0,0.0,0.0,0.0,0.0,1.0
15,0.0,0.0,0.0,0.0,0.0,1.0
18,0.3771760154738859,0.5056226633183145,0.5,0.44999999999999984,0.5000000000000009,0.49999999999999933
19,0.3771760154738859,0.5056226633183145,0.5,0.44999999999999984,0.5000000000000009,0.49999999999999933
20,0.3771760154738859,0.5056226633183145,0.5,0.44999999999999984,0.5000000000000009,0.49999999999999933
23,0.7386363636363614,1.0,1.0,1.0,1.0,0.0
26,0.7386363636363614,1.0,1.0,1.0,1.0,0.0
27,0.7386363636363614,1.0,1.0,1.0,1.0,0.0
29,0.7386363636363614,1.0,1.0,1.0,1.0,0.0
30,0.7386363636363614,1.0,1.0,1.0,1.0,0.0
31,0.7386363636363614,1.0,1.0,1.0,1.0,0.0
33,0.7386363636363614,1.0,1.0,1.0,1.0,0.0
35,0.7386363636363614,1.0,1.0,1.0,1.0,0.0
37,0.7386363636363614,1.0,1.0,1.0,1.0,0.0
38,0.7386363636363614,1.0,1.0,1.0,1.0,0.0
40,0.3771760154738859,0.5056226633183145,0.5,0.44999999999999984,0.5000000000000009,0.49999999999999933
41,1.0,0.28830845443857794,0.049999999999998934,0.3000000000000003,0.3437500000000003,0.3333333333333333
42,1.0,0.28830845443857794,0.049999999999998934,0.3000000000000003,0.3437500000000003,0.3333333333333333
46,0.7386363636363614,1.0,1.0,1.0,1.0,0.0
49,0.7386363636363614,1.0,1.0,1.0,1.0,0.0
