2,0.8380952380952382,1.0,1.0,1.0,1.0,0.0
4,0.8380952380952382,1.0,1.0,1.0,1.0,0.0
5,0.8380952380952382,1.0,1.0,1.0,1.0,0.0
6,0.8380952380952382,1.0,1.0,1.0,1.0,0.0
7,0.8380952380952382,1.0,1.0,1.0,1.0,0.0
8,0.0,0.0,0.0,0.0,0.0,1.0
9,0.8380952380952382,1.0,1.0,1.0,1.0,0.0
10,0.7746478873239439,0.262375280448839,0.1326164874551972,0.23100754310344832,0.2895633012820511,0.07812499999999971
11,0.8380952380952382,1.0,1.0,1.0,1.0,0.0
12,0.9892617449664434,0.3655395920337888,0.19713261648745525,0.33935546874999994,0.41070713141025633,0.19531250000000003
13,0.8380952380952382,1.0,1.0,1.0,1.0,0.0
15,0.6294277929155319,0.2368995271402301,0.13082437275985662,0.20507812499999994,0.25927734374999994,0.2656249999999998
18,1.0,0.5490774612484897,0.38351254480286734,0.5421605603448276,0.6163699127906977,0.2656250000000005
19,0.8380952380952382,1.0,1.0,1.0,1.0,0.0
