3,0.0,0.6893811378684088,0.9615384615384635,0.5775,0.6176470588235278,0.0
6,0.0,0.6893811378684088,0.9615384615384635,0.5775,0.6176470588235278,0.0
7,0.0,0.6893811378684088,0.9615384615384635,0.5775,0.6176470588235278,0.0
9,0.0,0.6893811378684088,0.9615384615384635,0.5775,0.6176470588235278,0.0
11,0.0,0.6893811378684088,0.9615384615384635,0.5775,0.6176470588235278,0.0
13,0.0,0.6893811378684088,0.9615384615384635,0.5775,0.6176470588235278,0.0
14,1.0,1.0,1.0,1.0,1.0,1.0
15,1.0,1.0,1.0,1.0,1.0,1.0
16,1.0,1.0,1.0,1.0,1.0,1.0
17,0.395189003436425,0.0,0.0,0.0,0.0,0.3846153846153844
18,0.395189003436425,0.0,0.0,0.0,0.0,0.3846153846153844
19,0.395189003436425,0.0,0.0,0.0,0.0,0.3846153846153844
22,0.395189003436425,0.0,0.0,0.0,0.0,0.3846153846153844
25,1.0,1.0,1.0,1.0,1.0,1.0
26,1.0,1.0,1.0,1.0,1.0,1.0
31,0.0,0.6893811378684088,0.9615384615384635,0.5775,0.6176470588235278,0.0
33,0.0,0.6893811378684088,0.9615384615384635,0.5775,0.6176470588235278,0.0
35,0.0,0.6893811378684088,0.9615384615384635,0.5775,0.6176470588235278,0.0
