5,0.9285714285714286,0.9860132971832692,0.9963898916967509,0.9583333333333334,0.9722222222222222,0.0
6,0.9285714285714286,0.9860132971832692,0.9963898916967509,0.9583333333333334,0.9722222222222222,0.0
7,0.9285714285714286,0.9860132971832692,0.9963898916967509,0.9583333333333334,0.9722222222222222,0.0
8,0.9285714285714286,0.9860132971832692,0.9963898916967509,0.9583333333333334,0.9722222222222222,0.0
9,0.9285714285714286,0.9860132971832692,0.9963898916967509,0.9583333333333334,0.9722222222222222,0.0
10,0.9285714285714286,0.9860132971832692,0.9963898916967509,0.9583333333333334,0.9722222222222222,0.0
12,0.9285714285714286,0.9860132971832692,0.9963898916967509,0.9583333333333334,0.9722222222222222,0.0
14,0.9285714285714286,0.9860132971832692,0.9963898916967509,0.9583333333333334,0.9722222222222222,0.0
19,0.9285714285714286,0.9860132971832692,0.9963898916967509,0.9583333333333334,0.9722222222222222,0.0
21,0.9285714285714286,0.9860132971832692,0.9963898916967509,0.9583333333333334,0.9722222222222222,0.0
23,0.9483282674772037,1.0,1.0,1.0,1.0,0.49999999999999933
25,0.9285714285714286,0.9860132971832692,0.9963898916967509,0.9583333333333334,0.9722222222222222,0.0
27,0.9285714285714286,0.9860132971832692,0.9963898916967509,0.9583333333333334,0.9722222222222222,0.0
28,0.9285714285714286,0.9860132971832692,0.9963898916967509,0.9583333333333334,0.9722222222222222,0.0
36,0.9285714285714286,0.9860132971832692,0.9963898916967509,0.9583333333333334,0.9722222222222222,0.0
37,0.9285714285714286,0.9860132971832692,0.9963898916967509,0.9583333333333334,0.9722222222222222,0.0
39,0.9285714285714286,0.9860132971832692,0.9963898916967509,0.9583333333333334,0.9722222222222222,0.0
41,0.9285714285714286,0.9860132971832692,0.9963898916967509,0.9583333333333334,0.9722222222222222,0.0
44,1.0,0.791724374628012,0.5884476534296028,0.7892156862745098,0.8506944444444445,1.0
46,0.9285714285714286,0.9860132971832692,0.9963898916967509,0.9583333333333334,0.9722222222222222,0.0
47,0.9285714285714286,0.9860132971832692,0.9963898916967509,0.9583333333333334,0.9722222222222222,0.0
51,0.0,0.0,0.0,0.0,0.0,0.0
53,0.0,0.0,0.0,0.0,0.0,0.0
