2,0.6666666666666667,1.0,1.0,0.7222222222222221,0.7619047619047619,0.0
3,0.6666666666666667,1.0,1.0,0.7222222222222221,0.7619047619047619,0.0
4,0.6666666666666667,1.0,1.0,0.7222222222222221,0.7619047619047619,0.0
5,0.6666666666666667,1.0,1.0,0.7222222222222221,0.7619047619047619,0.0
6,0.6666666666666667,1.0,1.0,0.7222222222222221,0.7619047619047619,0.0
7,0.6666666666666667,1.0,1.0,0.7222222222222221,0.7619047619047619,0.0
8,0.0,0.0,0.023090586145648313,0.0,0.0,0.0
10,0.6666666666666667,1.0,1.0,0.7222222222222221,0.7619047619047619,0.0
11,1.0,0.8366600265340756,0.3374777975133215,1.0,1.0,0.923076923076923
13,0.5833333333333334,0.749863375533979,0.6856127886323269,0.5321637426900584,0.5833333333333334,0.9230769230769234
14,0.0,0.0,0.0,0.0,0.0,1.0
15,0.0,0.0,0.010657193605683837,0.0,0.0,0.5384615384615384
17,0.0,0.0,0.012433392539964476,0.0,0.0,0.46153846153846156
19,0.5833333333333334,0.749863375533979,0.6856127886323269,0.5321637426900584,0.5833333333333334,0.9230769230769234
20,0.5925925925925927,0.40583972495671383,0.21314387211367675,0.3768115942028985,0.4266666666666667,0.2307692307692307
21,0.6153846153846155,0.2958039891549808,0.11900532859680284,0.2708333333333333,0.3137254901960784,0.0769230769230769
23,0.5714285714285715,0.2788866755113585,0.1172291296625222,0.2549019607843137,0.2962962962962963,0.1538461538461538
25,0.5833333333333334,0.749863375533979,0.6856127886323269,0.5321637426900584,0.5833333333333334,0.9230769230769234
26,0.7058823529411766,0.5758289219624358,0.31971580817051515,0.5652173913043478,0.6153846153846154,0.1538461538461538
27,0.8,0.5291502622129182,0.22557726465364122,0.5416666666666666,0.5925925925925926,0.30769230769230776
29,0.5714285714285715,0.2788866755113585,0.1172291296625222,0.2549019607843137,0.2962962962962963,0.1538461538461538
31,0.5833333333333334,0.749863375533979,0.6856127886323269,0.5321637426900584,0.5833333333333334,0.9230769230769234
32,0.7272727272727273,0.4830458915396479,0.22202486678507993,0.48148148148148145,0.5333333333333333,0.15384615384615394
33,0.9411764705882355,0.6324555320336758,0.23090586145648312,0.6666666666666666,0.7111111111111111,0.5384615384615385
35,0.0,0.0,0.014209591474245114,0.0,0.0,0.3846153846153846
38,0.6666666666666667,1.0,1.0,0.7222222222222221,0.7619047619047619,0.0
