4,0.6333333333333333,0.5590169943749475,0.7591240875912408,0.26666666666666666,0.3125,0.0
8,0.6333333333333333,0.5590169943749475,0.7591240875912408,0.26666666666666666,0.3125,0.0
10,0.6333333333333333,0.5590169943749475,0.7591240875912408,0.26666666666666666,0.3125,0.0
11,0.6333333333333333,0.5590169943749475,0.7591240875912408,0.26666666666666666,0.3125,0.0
13,0.6333333333333333,0.5590169943749475,0.7591240875912408,0.26666666666666666,0.3125,0.0
14,0.6333333333333333,0.5590169943749475,0.7591240875912408,0.26666666666666666,0.3125,0.0
15,0.6333333333333333,0.5590169943749475,0.7591240875912408,0.26666666666666666,0.3125,0.0
16,0.0,0.0,0.0,0.0,0.0,0.3333333333333333
19,0.7215189873417722,0.6367145399670134,0.8394160583941607,0.35294117647058826,0.40540540540540543,0.3333333333333333
20,0.7215189873417722,0.6367145399670134,0.8394160583941607,0.35294117647058826,0.40540540540540543,0.3333333333333333
23,0.7215189873417722,0.6367145399670134,0.8394160583941607,0.35294117647058826,0.40540540540540543,0.3333333333333333
25,0.6229508196721311,0.44946657497549475,0.5255474452554744,0.25,0.2941176470588235,0.030303030303030346
26,0.6229508196721311,0.44946657497549475,0.5255474452554744,0.25,0.2941176470588235,0.030303030303030346
27,0.6229508196721311,0.44946657497549475,0.5255474452554744,0.25,0.2941176470588235,0.030303030303030346
31,1.0,1.0,1.0,1.0,1.0,1.0
32,1.0,1.0,1.0,1.0,1.0,1.0
33,1.0,1.0,1.0,1.0,1.0,1.0
36,0.7215189873417722,0.6367145399670134,0.8394160583941607,0.35294117647058826,0.40540540540540543,0.3333333333333333
39,0.6333333333333333,0.5590169943749475,0.7591240875912408,0.26666666666666666,0.3125,0.0
