4,0.8708025720409623,1.0,1.0,1.0,1.0,0.0
7,0.8708025720409623,1.0,1.0,1.0,1.0,0.0
9,0.8708025720409623,1.0,1.0,1.0,1.0,0.0
10,0.8708025720409623,1.0,1.0,1.0,1.0,0.0
11,0.8708025720409623,1.0,1.0,1.0,1.0,0.0
13,0.8708025720409623,1.0,1.0,1.0,1.0,0.0
16,0.8708025720409623,1.0,1.0,1.0,1.0,0.0
17,0.8708025720409623,1.0,1.0,1.0,1.0,0.0
18,0.8708025720409623,1.0,1.0,1.0,1.0,0.0
19,0.8708025720409623,1.0,1.0,1.0,1.0,0.0
20,0.8708025720409623,1.0,1.0,1.0,1.0,0.0
21,0.8708025720409623,1.0,1.0,1.0,1.0,0.0
22,0.0,0.6769602055652517,0.6836734693877552,0.6308546595847416,0.6749415362475265,1.0
23,0.0,0.6769602055652517,0.6836734693877552,0.6308546595847416,0.6749415362475265,1.0
26,0.8708025720409623,1.0,1.0,1.0,1.0,0.0
27,0.8708025720409623,1.0,1.0,1.0,1.0,0.0
28,0.8708025720409623,1.0,1.0,1.0,1.0,0.0
32,0.8708025720409623,1.0,1.0,1.0,1.0,0.0
33,0.8708025720409623,1.0,1.0,1.0,1.0,0.0
34,0.8708025720409623,1.0,1.0,1.0,1.0,0.0
35,0.8708025720409623,1.0,1.0,1.0,1.0,0.0
36,0.0,0.6769602055652517,0.6836734693877552,0.6308546595847416,0.6749415362475265,1.0
37,0.0,0.6769602055652517,0.6836734693877552,0.6308546595847416,0.6749415362475265,1.0
40,0.8708025720409623,1.0,1.0,1.0,1.0,0.0
41,0.8708025720409623,1.0,1.0,1.0,1.0,0.0
42,0.8708025720409623,1.0,1.0,1.0,1.0,0.0
48,0.8708025720409623,1.0,1.0,1.0,1.0,0.0
49,1.0,0.0,0.0,0.0,0.0,0.04225352112676039
52,0.8315478962893957,0.7511536399877558,0.6918367346938776,0.7892606583917969,0.8198321296115559,0.04225352112676142
55,0.8708025720409623,1.0,1.0,1.0,1.0,0.0
