2,0.8783068783068784,1.0,1.0,1.0,1.0,0.0
3,0.8783068783068784,1.0,1.0,1.0,1.0,0.0
5,0.8783068783068784,1.0,1.0,1.0,1.0,0.0
6,0.8783068783068784,1.0,1.0,1.0,1.0,0.0
7,0.8783068783068784,1.0,1.0,1.0,1.0,0.0
9,0.8783068783068784,1.0,1.0,1.0,1.0,0.0
10,0.8783068783068784,1.0,1.0,1.0,1.0,0.0
12,0.9038544204040695,0.9441413786902094,0.8658743633276741,0.9327272727272727,0.9617768595041323,0.31521739130434817
13,0.9038544204040695,0.9441413786902094,0.8658743633276741,0.9327272727272727,0.9617768595041323,0.31521739130434817
17,0.888175494917068,0.9593542782019753,0.9100169779286927,0.9440559440559442,0.9683794466403162,0.13043478260869576
18,0.888175494917068,0.9593542782019753,0.9100169779286927,0.9440559440559442,0.9683794466403162,0.13043478260869576
21,0.8783068783068784,1.0,1.0,1.0,1.0,0.0
22,0.8783068783068784,1.0,1.0,1.0,1.0,0.0
23,0.8783068783068784,1.0,1.0,1.0,1.0,0.0
25,0.8783068783068784,1.0,1.0,1.0,1.0,0.0
26,0.8578811369509045,0.7874598245032007,0.6349745331069611,0.6608391608391608,0.7795454545454545,0.1956521739130433
27,0.8783068783068784,1.0,1.0,1.0,1.0,0.0
28,1.0,0.8572776724330806,0.6434634974533108,0.8181818181818182,0.890909090909091,1.0
30,0.8783068783068784,1.0,1.0,1.0,1.0,0.0
31,0.0,0.0,0.0,0.0,0.0,0.0
32,0.8783068783068784,1.0,1.0,1.0,1.0,0.0
33,0.9679300291545189,0.7793830999764658,0.5500848896434635,0.6694214876033058,0.786096256684492,0.652173913043478
36,0.7904761904761904,0.6363636363636364,0.4499151103565365,0.45454545454545453,0.601965601965602,0.6521739130434785
37,0.828446662507798,0.5839673225796118,0.3616298811544992,0.39272727272727276,0.5399449035812672,0.28260869565217367
39,0.6680080482897385,0.25979436665882194,0.08828522920203735,0.10227272727272728,0.17132867132867133,0.3695652173913042
40,0.7904761904761904,0.6363636363636364,0.4499151103565365,0.45454545454545453,0.601965601965602,0.6521739130434785
41,0.828446662507798,0.5839673225796118,0.3616298811544992,0.39272727272727276,0.5399449035812672,0.28260869565217367
43,0.6680080482897385,0.25979436665882194,0.08828522920203735,0.10227272727272728,0.17132867132867133,0.3695652173913042
44,0.7904761904761904,0.6363636363636364,0.4499151103565365,0.45454545454545453,0.601965601965602,0.6521739130434785
45,0.828446662507798,0.5839673225796118,0.3616298811544992,0.39272727272727276,0.5399449035812672,0.28260869565217367
47,0.6680080482897385,0.25979436665882194,0.08828522920203735,0.10227272727272728,0.17132867132867133,0.3695652173913042
49,0.8783068783068784,1.0,1.0,1.0,1.0,0.0
