3,0.0,0.0,0.0,0.0,0.0,0
4,0.0,0.0,0.0,0.0,0.0,0
5,0.0,0.0,0.0,0.0,0.0,0
7,0.0,0.0,0.0,0.0,0.0,0
10,0.0,0.0,0.0,0.0,0.0,0
11,0.0,0.0,0.0,0.0,0.0,0
12,0.0,0.0,0.0,0.0,0.0,0
14,0.0,0.0,0.0,0.0,0.0,0
17,1.0,1.0,1.0,1.0,1.0,0
18,1.0,1.0,1.0,1.0,1.0,0
19,1.0,1.0,1.0,1.0,1.0,0
20,1.0,1.0,1.0,1.0,1.0,0
21,1.0,1.0,1.0,1.0,1.0,0
23,1.0,1.0,1.0,1.0,1.0,0
24,0.0,0.0,0.0,0.0,0.0,0
26,1.0,1.0,1.0,1.0,1.0,0
27,0.0,0.0,0.0,0.0,0.0,0
28,0.0,0.0,0.0,0.0,0.0,0
29,0.0,0.0,0.0,0.0,0.0,0
30,0.0,0.0,0.0,0.0,0.0,0
31,0.0,0.0,0.0,0.0,0.0,0
34,0.0,0.0,0.0,0.0,0.0,0
36,1.0,1.0,1.0,1.0,1.0,0
37,1.0,1.0,1.0,1.0,1.0,0
