13,0.0,0.0,0.0,0.0,0.0,0.0
14,0.0,0.0,0.0,0.0,0.0,0.0
15,0.0,0.0,0.0,0.0,0.0,0.0
16,0.0,0.0,0.0,0.0,0.0,0.0
18,0.0,0.0,0.0,0.0,0.0,0.0
19,0.0,0.0,0.0,0.0,0.0,0.0
20,0.0,0.0,0.0,0.0,0.0,0.0
21,0.0,0.0,0.0,0.0,0.0,0.0
22,0.0,0.0,0.0,0.0,0.0,0.0
24,0.0,0.0,0.0,0.0,0.0,0.0
25,0.0,0.0,0.0,0.0,0.0,0.0
26,0.1530054644808744,0.15049052093120346,0.16666666666666666,0.1388888888888885,0.14529914529914548,0.16666666666666646
27,0.1530054644808744,0.15049052093120346,0.16666666666666666,0.1388888888888885,0.14529914529914548,0.16666666666666646
28,0.1530054644808744,0.15049052093120346,0.16666666666666666,0.1388888888888885,0.14529914529914548,0.16666666666666646
30,0.0,0.0,0.0,0.0,0.0,0.0
31,0.31111111111110984,0.3068830431333972,0.3333333333333333,0.28735632183908044,0.29824561403508726,0.33333333333333354
32,0.31111111111110984,0.3068830431333972,0.3333333333333333,0.28735632183908044,0.29824561403508726,0.33333333333333354
34,0.1530054644808744,0.15049052093120346,0.16666666666666666,0.1388888888888885,0.14529914529914548,0.16666666666666646
35,0.1530054644808744,0.15049052093120346,0.16666666666666666,0.1388888888888885,0.14529914529914548,0.16666666666666646
38,0.0,0.0,0.0,0.0,0.0,0.0
39,0.31111111111110984,0.3068830431333972,0.3333333333333333,0.28735632183908044,0.29824561403508726,0.33333333333333354
40,0.31111111111110984,0.3068830431333972,0.3333333333333333,0.28735632183908044,0.29824561403508726,0.33333333333333354
41,0.31111111111110984,0.3068830431333972,0.3333333333333333,0.28735632183908044,0.29824561403508726,0.33333333333333354
42,0.47457627118643914,0.46957371437729734,0.5,0.4464285714285717,0.4594594594594597,0.5
43,0.8187134502923956,0.8156302492141092,0.8333333333333334,0.8012820512820512,0.8095238095238088,0.8333333333333329
44,0.8187134502923956,0.8156302492141092,0.8333333333333334,0.8012820512820512,0.8095238095238088,0.8333333333333329
45,0.8187134502923956,0.8156302492141092,0.8333333333333334,0.8012820512820512,0.8095238095238088,0.8333333333333329
47,0.47457627118643914,0.46957371437729734,0.5,0.4464285714285717,0.4594594594594597,0.5
48,0.47457627118643914,0.46957371437729734,0.5,0.4464285714285717,0.4594594594594597,0.5
49,1.0,1.0,1.0,1.0,1.0,1.0
50,1.0,1.0,1.0,1.0,1.0,1.0
54,0.0,0.0,0.0,0.0,0.0,0.0
55,0.0,0.0,0.0,0.0,0.0,0.0
57,0.0,0.0,0.0,0.0,0.0,0.0
58,0.0,0.0,0.0,0.0,0.0,0.0
60,0.0,0.0,0.0,0.0,0.0,0.0
61,0.0,0.0,0.0,0.0,0.0,0.0
63,0.0,0.0,0.0,0.0,0.0,0.0
66,0.0,0.0,0.0,0.0,0.0,0.0
