2,0,1.0,1.0,1.0,1.0,1.0
7,0,1.0,1.0,1.0,1.0,1.0
8,0,1.0,1.0,1.0,1.0,1.0
9,0,1.0,1.0,1.0,1.0,1.0
10,0,0.0,0.0,0.0,0.0,0.0
11,0,1.0,1.0,1.0,1.0,1.0
13,0,0.8685974346347748,0.7878787878787878,0.11265451765005735,0.7878787878787878,0.7878787878787878
14,0,0.8685974346347748,0.7878787878787878,0.11265451765005735,0.7878787878787878,0.7878787878787878
15,0,0.8685974346347748,0.7878787878787878,0.11265451765005735,0.7878787878787878,0.7878787878787878
18,0,0.34066812232608495,0.18181818181818182,0.0067400138764991575,0.1818181818181818,0.1818181818181818
19,0,0.34066812232608495,0.18181818181818182,0.0067400138764991575,0.1818181818181818,0.1818181818181818
20,0,0.34066812232608495,0.18181818181818182,0.0067400138764991575,0.1818181818181818,0.1818181818181818
