10,0.0,0.21339050031637374,0.37499999999999983,0.04000000000000002,0.047619047619047596,0.0
14,0.0,0.21339050031637374,0.37499999999999983,0.04000000000000002,0.047619047619047596,0.0
15,0.0,0.21339050031637374,0.37499999999999983,0.04000000000000002,0.047619047619047596,0.0
17,0.0,0.21339050031637374,0.37499999999999983,0.04000000000000002,0.047619047619047596,0.0
18,0.0,0.21339050031637374,0.37499999999999983,0.04000000000000002,0.047619047619047596,0.0
20,0.0,0.21339050031637374,0.37499999999999983,0.04000000000000002,0.047619047619047596,0.0
22,0.0,0.21339050031637374,0.37499999999999983,0.04000000000000002,0.047619047619047596,0.0
24,0.0,0.21339050031637374,0.37499999999999983,0.04000000000000002,0.047619047619047596,0.0
27,0.0,0.21339050031637374,0.37499999999999983,0.04000000000000002,0.047619047619047596,0.0
29,0.0,0.21339050031637374,0.37499999999999983,0.04000000000000002,0.047619047619047596,0.0
31,0.0,0.21339050031637374,0.37499999999999983,0.04000000000000002,0.047619047619047596,0.0
32,0.0,0.21339050031637374,0.37499999999999983,0.04000000000000002,0.047619047619047596,0.0
33,0.0,0.21339050031637374,0.37499999999999983,0.04000000000000002,0.047619047619047596,0.0
35,0.11111111111111116,0.0,0.0,0.0,0.0,0.09999999999999998
37,0.11111111111111116,0.0,0.0,0.0,0.0,0.09999999999999998
39,0.11111111111111116,0.0,0.0,0.0,0.0,0.09999999999999998
40,0.11111111111111116,0.0,0.0,0.0,0.0,0.09999999999999998
41,0.11111111111111116,0.0,0.0,0.0,0.0,0.09999999999999998
45,0.0,0.21339050031637374,0.37499999999999983,0.04000000000000002,0.047619047619047596,0.0
47,0.25,0.3788873575803688,0.625,0.19999999999999998,0.20000000000000004,0.4
49,0.25,0.3788873575803688,0.625,0.19999999999999998,0.20000000000000004,0.4
50,0.25,0.3788873575803688,0.625,0.19999999999999998,0.20000000000000004,0.4
51,0.25,0.3788873575803688,0.625,0.19999999999999998,0.20000000000000004,0.4
54,0.0,0.21339050031637374,0.37499999999999983,0.04000000000000002,0.047619047619047596,0.0
56,0.11111111111111116,0.0,0.0,0.0,0.0,0.09999999999999998
58,0.4285714285714286,0.1550510257216821,0.12499999999999997,0.1,0.11111111111111109,0.3
59,0.4285714285714286,0.1550510257216821,0.12499999999999997,0.1,0.11111111111111109,0.3
60,0.4285714285714286,0.1550510257216821,0.12499999999999997,0.1,0.11111111111111109,0.3
63,0.0,0.21339050031637374,0.37499999999999983,0.04000000000000002,0.047619047619047596,0.0
65,1.0,1.0,1.0,1.0,1.0,1.0
66,1.0,1.0,1.0,1.0,1.0,1.0
67,1.0,1.0,1.0,1.0,1.0,1.0
68,1.0,1.0,1.0,1.0,1.0,1.0
69,1.0,1.0,1.0,1.0,1.0,1.0
70,1.0,1.0,1.0,1.0,1.0,1.0
71,1.0,1.0,1.0,1.0,1.0,1.0
72,1.0,1.0,1.0,1.0,1.0,1.0
73,1.0,1.0,1.0,1.0,1.0,1.0
77,0.0,0.21339050031637374,0.37499999999999983,0.04000000000000002,0.047619047619047596,0.0
78,0.0,0.21339050031637374,0.37499999999999983,0.04000000000000002,0.047619047619047596,0.0
80,1.0,1.0,1.0,1.0,1.0,1.0
82,0.0,0.21339050031637374,0.37499999999999983,0.04000000000000002,0.047619047619047596,0.0
