52,0.5,0.9128709291752769,0.9166666666666666,0.6666666666666666,0.8333333333333334,0.0
57,0.5,0.9128709291752769,0.9166666666666666,0.6666666666666666,0.8333333333333334,0.0
58,0.5,0.9128709291752769,0.9166666666666666,0.6666666666666666,0.8333333333333334,0.0
60,0.5,0.9128709291752769,0.9166666666666666,0.6666666666666666,0.8333333333333334,0.0
61,0.6666666666666666,0.8606629658238704,0.75,0.6666666666666666,0.8333333333333334,0.5
62,1.0,0.74535599249993,0.5,0.3333333333333333,0.5555555555555556,0.5
64,0.5,0.9128709291752769,0.9166666666666666,0.6666666666666666,0.8333333333333334,0.0
66,0.6000000000000001,1.0,1.0,1.0,1.0,0.5000000000000001
67,0.6000000000000001,1.0,1.0,1.0,1.0,0.5000000000000001
68,0.6000000000000001,1.0,1.0,1.0,1.0,0.5000000000000001
70,0.6000000000000001,1.0,1.0,1.0,1.0,0.5000000000000001
71,0.6000000000000001,1.0,1.0,1.0,1.0,0.5000000000000001
72,0.6000000000000001,1.0,1.0,1.0,1.0,0.5000000000000001
75,0.5,0.9128709291752769,0.9166666666666666,0.6666666666666666,0.8333333333333334,0.0
76,0.5,0.9128709291752769,0.9166666666666666,0.6666666666666666,0.8333333333333334,0.0
78,0.5,0.9128709291752769,0.9166666666666666,0.6666666666666666,0.8333333333333334,0.0
79,0.5,0.9128709291752769,0.9166666666666666,0.6666666666666666,0.8333333333333334,0.0
80,0.5,0.9128709291752769,0.9166666666666666,0.6666666666666666,0.8333333333333334,0.0
81,0.5,0.9128709291752769,0.9166666666666666,0.6666666666666666,0.8333333333333334,0.0
83,0.5,0.9128709291752769,0.9166666666666666,0.6666666666666666,0.8333333333333334,0.0
86,0.6000000000000001,1.0,1.0,1.0,1.0,0.5000000000000001
87,0.6000000000000001,1.0,1.0,1.0,1.0,0.5000000000000001
89,0.6000000000000001,1.0,1.0,1.0,1.0,0.5000000000000001
91,0.6000000000000001,1.0,1.0,1.0,1.0,0.5000000000000001
92,0.6666666666666666,0.8606629658238704,0.75,0.6666666666666666,0.8333333333333334,0.5
94,0.6000000000000001,1.0,1.0,1.0,1.0,0.5000000000000001
96,0.6000000000000001,1.0,1.0,1.0,1.0,0.5000000000000001
97,0.6000000000000001,1.0,1.0,1.0,1.0,0.5000000000000001
98,0.6000000000000001,1.0,1.0,1.0,1.0,0.5000000000000001
99,0.6000000000000001,1.0,1.0,1.0,1.0,0.5000000000000001
103,0.6000000000000001,1.0,1.0,1.0,1.0,0.5000000000000001
104,0.6000000000000001,1.0,1.0,1.0,1.0,0.5000000000000001
105,0.3333333333333333,0.4303314829119352,0.3333333333333333,0.16666666666666666,0.33333333333333337,0.5
106,0.0,0.0,0.0,0.0,0.0,1.0
110,0.5,0.9128709291752769,0.9166666666666666,0.6666666666666666,0.8333333333333334,0.0
