3,0.7894736842105263,0.8794926801296634,0.9595959595959596,0.7281553398058251,0.7804331590739357,0.0
5,0.7894736842105263,0.8794926801296634,0.9595959595959596,0.7281553398058251,0.7804331590739357,0.0
6,0.7894736842105263,0.8794926801296634,0.9595959595959596,0.7281553398058251,0.7804331590739357,0.0
7,0.7894736842105263,0.8794926801296634,0.9595959595959596,0.7281553398058251,0.7804331590739357,0.0
8,0.7894736842105263,0.8794926801296634,0.9595959595959596,0.7281553398058251,0.7804331590739357,0.0
9,0.7894736842105263,0.8794926801296634,0.9595959595959596,0.7281553398058251,0.7804331590739357,0.0
10,0.7894736842105263,0.8794926801296634,0.9595959595959596,0.7281553398058251,0.7804331590739357,0.0
11,0.7894736842105263,0.8794926801296634,0.9595959595959596,0.7281553398058251,0.7804331590739357,0.0
12,0.7894736842105263,0.8794926801296634,0.9595959595959596,0.7281553398058251,0.7804331590739357,0.0
14,0.7894736842105263,0.8794926801296634,0.9595959595959596,0.7281553398058251,0.7804331590739357,0.0
15,0.7894736842105263,0.8794926801296634,0.9595959595959596,0.7281553398058251,0.7804331590739357,0.0
16,0.11475409836065575,0.03478668821782936,0.020202020202020176,0.0342661336379212,0.044966785896780784,0.7666666666666667
18,0.7894736842105263,0.8794926801296634,0.9595959595959596,0.7281553398058251,0.7804331590739357,0.0
20,0.7894736842105263,0.8794926801296634,0.9595959595959596,0.7281553398058251,0.7804331590739357,0.0
21,0.7894736842105263,0.8794926801296634,0.9595959595959596,0.7281553398058251,0.7804331590739357,0.0
22,0.7894736842105263,0.8794926801296634,0.9595959595959596,0.7281553398058251,0.7804331590739357,0.0
23,0.7894736842105263,0.8794926801296634,0.9595959595959596,0.7281553398058251,0.7804331590739357,0.0
24,0.7894736842105263,0.8794926801296634,0.9595959595959596,0.7281553398058251,0.7804331590739357,0.0
26,0.7894736842105263,0.8794926801296634,0.9595959595959596,0.7281553398058251,0.7804331590739357,0.0
27,0.7894736842105263,0.8794926801296634,0.9595959595959596,0.7281553398058251,0.7804331590739357,0.0
28,1.0,1.0,1.0,1.0,1.0,0.4666666666666667
30,0.0,0.0,0.0,0.0,0.0,1.0
32,0.7894736842105263,0.8794926801296634,0.9595959595959596,0.7281553398058251,0.7804331590739357,0.0
33,0.7894736842105263,0.8794926801296634,0.9595959595959596,0.7281553398058251,0.7804331590739357,0.0
35,0.7894736842105263,0.8794926801296634,0.9595959595959596,0.7281553398058251,0.7804331590739357,0.0
36,0.7894736842105263,0.8794926801296634,0.9595959595959596,0.7281553398058251,0.7804331590739357,0.0
38,0.7894736842105263,0.8794926801296634,0.9595959595959596,0.7281553398058251,0.7804331590739357,0.0
39,0.7894736842105263,0.8794926801296634,0.9595959595959596,0.7281553398058251,0.7804331590739357,0.0
