3,0.6206139218195973,1.0,1.0,1.0,1.0,0.0
6,0.6206139218195973,1.0,1.0,1.0,1.0,0.0
7,0.6206139218195973,1.0,1.0,1.0,1.0,0.0
9,0.6206139218195973,1.0,1.0,1.0,1.0,0.0
10,0.6206139218195973,1.0,1.0,1.0,1.0,0.0
12,0.6206139218195973,1.0,1.0,1.0,1.0,0.0
13,0.6206139218195973,1.0,1.0,1.0,1.0,0.0
15,0.6206139218195973,1.0,1.0,1.0,1.0,0.0
17,0.6476159046916512,0.9148740815030084,0.8712233779098564,0.8734286952752492,0.9271781534460338,0.0890125173852574
19,0.0,0.26872919780338855,0.23972263496780585,0.17926419592544432,0.287239001889246,1.0
20,0.0,0.26872919780338855,0.23972263496780585,0.17926419592544432,0.287239001889246,1.0
21,0.0,0.26872919780338855,0.23972263496780585,0.17926419592544432,0.287239001889246,1.0
23,1.0,0.625335348965703,0.4534422981674096,0.4919284925262525,0.6411180779976567,0.6828929068150209
25,1.0,0.625335348965703,0.4534422981674096,0.4919284925262525,0.6411180779976567,0.6828929068150209
26,1.0,0.625335348965703,0.4534422981674096,0.4919284925262525,0.6411180779976567,0.6828929068150209
29,0.4155064685903917,0.0,0.0,0.0,0.0,0.12239221140472892
31,0.4155064685903917,0.0,0.0,0.0,0.0,0.12239221140472892
36,0.6206139218195973,1.0,1.0,1.0,1.0,0.0
