17,0,1.0,1.0,1.0,1.0,1.0
21,0,1.0,1.0,1.0,1.0,1.0
22,0,1.0,1.0,1.0,1.0,1.0
23,0,1.0,1.0,1.0,1.0,1.0
24,0,1.0,1.0,1.0,1.0,1.0
25,0,1.0,1.0,1.0,1.0,1.0
27,0,1.0,1.0,1.0,1.0,1.0
28,0,1.0,1.0,1.0,1.0,1.0
29,0,1.0,1.0,1.0,1.0,1.0
31,0,1.0,1.0,1.0,1.0,1.0
32,0,1.0,1.0,1.0,1.0,1.0
34,0,1.0,1.0,1.0,1.0,1.0
35,0,1.0,1.0,1.0,1.0,1.0
36,0,1.0,1.0,1.0,1.0,1.0
38,0,1.0,1.0,1.0,1.0,1.0
40,0,0.5516772843673704,0.30434782608695654,0.019021739130434784,0.30434782608695654,0.30434782608695654
44,0,0.8340576562282991,0.6956521739130435,0.09937888198757763,0.6956521739130435,0.6956521739130435
46,0,1.0,1.0,1.0,1.0,1.0
49,0,1.0,1.0,1.0,1.0,1.0
51,0,1.0,1.0,1.0,1.0,1.0
52,0,1.0,1.0,1.0,1.0,1.0
53,0,1.0,1.0,1.0,1.0,1.0
54,0,1.0,1.0,1.0,1.0,1.0
55,0,1.0,1.0,1.0,1.0,1.0
56,0,1.0,1.0,1.0,1.0,1.0
58,0,1.0,1.0,1.0,1.0,1.0
60,0,1.0,1.0,1.0,1.0,1.0
61,0,1.0,1.0,1.0,1.0,1.0
62,0,1.0,1.0,1.0,1.0,1.0
64,0,1.0,1.0,1.0,1.0,1.0
65,0,1.0,1.0,1.0,1.0,1.0
67,0,0.5516772843673704,0.30434782608695654,0.019021739130434784,0.30434782608695654,0.30434782608695654
69,0,0.9325048082403138,0.8695652173913043,0.2898550724637681,0.8695652173913043,0.8695652173913043
71,0,0.0,0.0,0.0,0.0,0.0
72,0,0.0,0.0,0.0,0.0,0.0
74,0,0.9325048082403138,0.8695652173913043,0.2898550724637681,0.8695652173913043,0.8695652173913043
76,0,0.41702882811414954,0.17391304347826086,0.009153318077803204,0.17391304347826086,0.17391304347826086
78,0,0.8340576562282991,0.6956521739130435,0.09937888198757763,0.6956521739130435,0.6956521739130435
80,0,0.8340576562282991,0.6956521739130435,0.09937888198757763,0.6956521739130435,0.6956521739130435
