3,0.5630952380952379,1.0,1.0,1.0,1.0,0.0
5,0.5630952380952379,1.0,1.0,1.0,1.0,0.0
6,0.5630952380952379,1.0,1.0,1.0,1.0,0.0
7,0.5630952380952379,1.0,1.0,1.0,1.0,0.0
8,0.5630952380952379,1.0,1.0,1.0,1.0,0.0
9,0.5630952380952379,1.0,1.0,1.0,1.0,0.0
10,0.5630952380952379,1.0,1.0,1.0,1.0,0.0
11,0.5630952380952379,1.0,1.0,1.0,1.0,0.0
12,0.5630952380952379,1.0,1.0,1.0,1.0,0.0
14,0.5630952380952379,1.0,1.0,1.0,1.0,0.0
15,0.0,0.0,0.0,0.0,0.0,0.9999999999999972
17,1.0,0.40909152229764967,0.290721649484536,0.4240447343895621,0.48208673790069145,1.0
19,0.5630952380952379,1.0,1.0,1.0,1.0,0.0
