4,0,1.0,1.0,1.0,1.0,1.0
9,0,1.0,1.0,1.0,1.0,1.0
11,0,1.0,1.0,1.0,1.0,1.0
13,0,1.0,1.0,1.0,1.0,1.0
16,0,1.0,1.0,1.0,1.0,1.0
18,0,1.0,1.0,1.0,1.0,1.0
20,0,1.0,1.0,1.0,1.0,1.0
22,0,1.0,1.0,1.0,1.0,1.0
24,0,1.0,1.0,1.0,1.0,1.0
27,0,1.0,1.0,1.0,1.0,1.0
29,0,1.0,1.0,1.0,1.0,1.0
31,0,1.0,1.0,1.0,1.0,1.0
32,0,0.5097047400680317,0.4375,0.049553708833487226,0.43750000000000006,0.43750000000000006
36,0,0.9509712414965825,0.9375,0.9556786703601108,0.9375,0.9375
38,0,0.9509712414965825,0.9375,0.9556786703601108,0.9375,0.9375
42,0,1.0,1.0,1.0,1.0,1.0
43,0,0.0,0.0,0.0,0.0,0.0
46,0,1.0,1.0,1.0,1.0,1.0
49,0,1.0,1.0,1.0,1.0,1.0
