2,0.8537735849056605,0.9635851797113859,1.0,0.8490566037735849,0.8823529411764706,0.0
4,0.8537735849056605,0.9635851797113859,1.0,0.8490566037735849,0.8823529411764706,0.0
5,0.8537735849056605,0.9635851797113859,1.0,0.8490566037735849,0.8823529411764706,0.0
6,0.8537735849056605,0.9635851797113859,1.0,0.8490566037735849,0.8823529411764706,0.0
7,0.8537735849056605,0.9635851797113859,1.0,0.8490566037735849,0.8823529411764706,0.0
9,0.8537735849056605,0.9635851797113859,1.0,0.8490566037735849,0.8823529411764706,0.0
10,0.8537735849056605,0.9635851797113859,1.0,0.8490566037735849,0.8823529411764706,0.0
12,1.0,0.8008741579734117,0.5442536327608982,0.8888888888888888,0.9142857142857143,0.9763779527559056
13,1.0,0.8008741579734117,0.5442536327608982,0.8888888888888888,0.9142857142857143,0.9763779527559056
15,0.8491957104557641,0.9270248108869579,0.9326287978863936,0.823529411764706,0.8615384615384616,0.06299212598425197
17,0.8457943925233645,0.5522801007384702,0.332892998678996,0.5357142857142858,0.6060606060606061,0.03937007874015748
18,0.8457943925233645,0.5522801007384702,0.332892998678996,0.5357142857142858,0.6060606060606061,0.03937007874015748
20,0.8847765363128494,0.9574271077563381,0.9379128137384413,0.8936170212765957,0.9180327868852459,0.4094488188976378
22,0.4813829787234043,0.1675148485651225,0.059445178335535004,0.13043478260869565,0.16666666666666666,0.6456692913385828
23,0.4813829787234043,0.1675148485651225,0.059445178335535004,0.13043478260869565,0.16666666666666666,0.6456692913385828
25,0.9336772291820192,1.0,0.9445178335535006,1.0,1.0,1.0
27,0.923469387755102,0.4587583063808975,0.202113606340819,0.42857142857142855,0.5,0.18897637795275607
28,0.923469387755102,0.4587583063808975,0.202113606340819,0.42857142857142855,0.5,0.18897637795275607
31,0.8537735849056605,0.9635851797113859,1.0,0.8490566037735849,0.8823529411764706,0.0
32,0.0,0.0,0.0,0.0,0.0,0.0
33,0.8537735849056605,0.9635851797113859,1.0,0.8490566037735849,0.8823529411764706,0.0
34,0.923469387755102,0.4587583063808975,0.202113606340819,0.42857142857142855,0.5,0.18897637795275607
35,0.8537735849056605,0.9635851797113859,1.0,0.8490566037735849,0.8823529411764706,0.0
36,0.9118387909319902,0.9081059371953873,0.8071334214002642,0.9,0.9230769230769231,0.6377952755905518
38,0.680451127819549,0.36458413252431454,0.1928665785997358,0.32142857142857145,0.3870967741935484,0.6377952755905512
39,0.8537735849056605,0.9635851797113859,1.0,0.8490566037735849,0.8823529411764706,0.0
