4,0.0,1.0,1.0,0.4285714285714277,0.43333333333333157,0.0
5,0.0,1.0,1.0,0.4285714285714277,0.43333333333333157,0.0
7,0.0,1.0,1.0,0.4285714285714277,0.43333333333333157,0.0
8,0.0,1.0,1.0,0.4285714285714277,0.43333333333333157,0.0
9,0.20588235294117707,0.32416010450544147,0.47826086956521746,0.0,0.0,0.2857142857142861
10,0.20588235294117707,0.32416010450544147,0.47826086956521746,0.0,0.0,0.2857142857142861
13,1.0,0.0,0.0,1.0,1.0,1.0
14,1.0,0.0,0.0,1.0,1.0,1.0
16,0.20588235294117707,0.32416010450544147,0.47826086956521746,0.0,0.0,0.2857142857142861
18,0.0,1.0,1.0,0.4285714285714277,0.43333333333333157,0.0
19,0.0,1.0,1.0,0.4285714285714277,0.43333333333333157,0.0
