2,0.7293103448275863,1.0,1.0,1.0,1.0,0.0
5,0.7293103448275863,1.0,1.0,1.0,1.0,0.0
6,0.7293103448275863,1.0,1.0,1.0,1.0,0.0
7,0.7293103448275863,1.0,1.0,1.0,1.0,0.0
9,0.7293103448275863,1.0,1.0,1.0,1.0,0.0
10,0.7293103448275863,1.0,1.0,1.0,1.0,0.0
11,0.7293103448275863,1.0,1.0,1.0,1.0,0.0
12,0.7293103448275863,1.0,1.0,1.0,1.0,0.0
13,0.7293103448275863,1.0,1.0,1.0,1.0,0.0
14,0.7293103448275863,1.0,1.0,1.0,1.0,0.0
15,0.7293103448275863,1.0,1.0,1.0,1.0,0.0
17,0.7293103448275863,1.0,1.0,1.0,1.0,0.0
18,1.0,0.7702094800671977,0.6851063829787234,0.49291166848418755,0.7475826972010179,1.0
19,1.0,0.7702094800671977,0.6851063829787234,0.49291166848418755,0.7475826972010179,1.0
20,1.0,0.7702094800671977,0.6851063829787234,0.49291166848418755,0.7475826972010179,1.0
25,0.0,0.0,0.0,0.0,0.0,0.9999999999999996
26,0.0,0.0,0.0,0.0,0.0,0.9999999999999996
