4,0.3875,1.0,1.0,1.0,1.0,0.0
6,0.3875,1.0,1.0,1.0,1.0,0.0
7,0.3875,1.0,1.0,1.0,1.0,0.0
8,0.3875,1.0,1.0,1.0,1.0,0.0
10,0.3875,1.0,1.0,1.0,1.0,0.0
12,0.3875,1.0,1.0,1.0,1.0,0.0
14,0.3875,1.0,1.0,1.0,1.0,0.0
15,0.2898550724637681,0.7625711830770558,0.6811594202898551,0.05704898446833931,0.6845878136200717,0.3548387096774194
16,0.3875,1.0,1.0,1.0,1.0,0.0
17,0.27941176470588236,0.7388402659271368,0.6521739130434783,0.05045492142266336,0.6559139784946237,0.38709677419354843
18,0.3875,1.0,1.0,1.0,1.0,0.0
19,0.26865671641791045,0.7146687566944049,0.6231884057971014,0.04480286738351255,0.6272401433691757,0.4193548387096773
21,0.3875,1.0,1.0,1.0,1.0,0.0
23,1.0,0.5575002455419742,0.43478260869565216,0.021505376344086023,0.44086021505376344,0.6451612903225806
24,1.0,0.5575002455419742,0.43478260869565216,0.021505376344086023,0.44086021505376344,0.6451612903225806
26,0.18333333333333332,0.5306288150445015,0.42028985507246375,0.020310633213859022,0.4265232974910394,0.6451612903225806
28,0.0,0.15208172190263736,0.10144927536231885,0.003472222222222223,0.11111111111111112,1.0
30,1.0,0.2694062499667959,0.17391304347826086,0.005932517612161662,0.17634408602150542,0.3548387096774194
32,1.0,0.05321067505404226,0.028985507246376812,0.0008433480919249425,0.029390681003584225,0.1935483870967742
34,1.0,0.0,0.0,0.0,0.0,0.16129032258064516
36,1.0,0.0,0.0,0.0,0.0,0.16129032258064516
38,0.18333333333333332,0.5306288150445015,0.42028985507246375,0.020310633213859022,0.4265232974910394,0.6451612903225806
39,0.18333333333333332,0.5306288150445015,0.42028985507246375,0.020310633213859022,0.4265232974910394,0.6451612903225806
41,0.18333333333333332,0.5306288150445015,0.42028985507246375,0.020310633213859022,0.4265232974910394,0.6451612903225806
43,0.18333333333333332,0.5306288150445015,0.42028985507246375,0.020310633213859022,0.4265232974910394,0.6451612903225806
45,0.18333333333333332,0.5306288150445015,0.42028985507246375,0.020310633213859022,0.4265232974910394,0.6451612903225806
46,0.18333333333333332,0.5306288150445015,0.42028985507246375,0.020310633213859022,0.4265232974910394,0.6451612903225806
49,0.18333333333333332,0.5306288150445015,0.42028985507246375,0.020310633213859022,0.4265232974910394,0.6451612903225806
51,0.18333333333333332,0.5306288150445015,0.42028985507246375,0.020310633213859022,0.4265232974910394,0.6451612903225806
53,0.18333333333333332,0.5306288150445015,0.42028985507246375,0.020310633213859022,0.4265232974910394,0.6451612903225806
54,0.18333333333333332,0.5306288150445015,0.42028985507246375,0.020310633213859022,0.4265232974910394,0.6451612903225806
57,0.18333333333333332,0.5306288150445015,0.42028985507246375,0.020310633213859022,0.4265232974910394,0.6451612903225806
59,0.18333333333333332,0.5306288150445015,0.42028985507246375,0.020310633213859022,0.4265232974910394,0.6451612903225806
61,0.18333333333333332,0.5306288150445015,0.42028985507246375,0.020310633213859022,0.4265232974910394,0.6451612903225806
62,0.18333333333333332,0.5306288150445015,0.42028985507246375,0.020310633213859022,0.4265232974910394,0.6451612903225806
66,0.18333333333333332,0.5306288150445015,0.42028985507246375,0.020310633213859022,0.4265232974910394,0.6451612903225806
