3,0.5,0.7385489458759963,0.864864864864865,0.16666666666666669,0.5454545454545454,0.0
5,0.5,0.7385489458759963,0.864864864864865,0.16666666666666669,0.5454545454545454,0.0
7,0.5,0.7385489458759963,0.864864864864865,0.16666666666666669,0.5454545454545454,0.0
8,0.5,0.7385489458759963,0.864864864864865,0.16666666666666669,0.5454545454545454,0.0
10,0.5,0.7385489458759963,0.864864864864865,0.16666666666666669,0.5454545454545454,0.0
11,0.5,0.7385489458759963,0.864864864864865,0.16666666666666669,0.5454545454545454,0.0
12,0.5,0.7385489458759963,0.864864864864865,0.16666666666666669,0.5454545454545454,0.0
13,0.5,0.7385489458759963,0.864864864864865,0.16666666666666669,0.5454545454545454,0.0
15,0.0,0.0,0.0,0.0,0.0,0.6
16,0.0,0.0,0.0,0.0,0.0,0.6
18,0.6000000000000001,0.816496580927726,0.9189189189189191,0.25,0.6666666666666666,0.4
20,0.6428571428571428,0.6572670690061992,0.5945945945945946,0.15,0.5142857142857142,0.32
21,0.6428571428571428,0.6572670690061992,0.5945945945945946,0.15,0.5142857142857142,0.32
22,0.6428571428571428,0.6572670690061992,0.5945945945945946,0.15,0.5142857142857142,0.32
23,0.6428571428571428,0.6572670690061992,0.5945945945945946,0.15,0.5142857142857142,0.32
24,0.6428571428571428,0.6572670690061992,0.5945945945945946,0.15,0.5142857142857142,0.32
26,0.6666666666666666,0.8660254037844385,0.9459459459459459,0.33333333333333337,0.75,0.6
28,0.8571428571428571,1.0,1.0,1.0,1.0,1.0
30,1.0,0.6928203230275509,0.45945945945945943,0.13333333333333333,0.48,0.48
31,1.0,0.6928203230275509,0.45945945945945943,0.13333333333333333,0.48,0.48
32,1.0,0.6928203230275509,0.45945945945945943,0.13333333333333333,0.48,0.48
33,1.0,0.6928203230275509,0.45945945945945943,0.13333333333333333,0.48,0.48
36,0.6666666666666666,0.8660254037844385,0.9459459459459459,0.33333333333333337,0.75,0.6
37,0.6666666666666666,0.8660254037844385,0.9459459459459459,0.33333333333333337,0.75,0.6
39,0.5,0.7385489458759963,0.864864864864865,0.16666666666666669,0.5454545454545454,0.0
40,0.0,0.0,0.0,0.0,0.0,0.6
43,0.6666666666666666,0.8660254037844385,0.9459459459459459,0.33333333333333337,0.75,0.6
44,0.0,0.0,0.05405405405405405,0.0,0.0,0.19999999999999998
46,0.75,0.9258200997725514,0.972972972972973,0.5,0.8571428571428571,0.8
48,0.6666666666666666,0.8660254037844385,0.9459459459459459,0.33333333333333337,0.75,0.6
50,0.8571428571428571,1.0,1.0,1.0,1.0,1.0
53,0.5,0.7385489458759963,0.864864864864865,0.16666666666666669,0.5454545454545454,0.0
