2,0.7378048780487804,0.7989354619369612,0.9279661016949152,0.548780487804878,0.6063829787234042,0.0
3,0.7378048780487804,0.7989354619369612,0.9279661016949152,0.548780487804878,0.6063829787234042,0.0
4,0.7378048780487804,0.7989354619369612,0.9279661016949152,0.548780487804878,0.6063829787234042,0.0
5,0.7378048780487804,0.7989354619369612,0.9279661016949152,0.548780487804878,0.6063829787234042,0.0
6,0.7378048780487804,0.7989354619369612,0.9279661016949152,0.548780487804878,0.6063829787234042,0.0
7,0.7378048780487804,0.7989354619369612,0.9279661016949152,0.548780487804878,0.6063829787234042,0.0
8,0.7378048780487804,0.7989354619369612,0.9279661016949152,0.548780487804878,0.6063829787234042,0.0
9,0.8402777777777777,0.9004503377814964,0.9703389830508474,0.7258064516129032,0.7702702702702704,0.588235294117647
10,0.4060402684563758,0.20942695414584778,0.13559322033898302,0.16304347826086957,0.19791666666666666,0.6568627450980391
11,0.7378048780487804,0.7989354619369612,0.9279661016949152,0.548780487804878,0.6063829787234042,0.0
12,0.7378048780487804,0.7989354619369612,0.9279661016949152,0.548780487804878,0.6063829787234042,0.0
13,0.7378048780487804,0.7989354619369612,0.9279661016949152,0.548780487804878,0.6063829787234042,0.0
14,0.9307692307692307,1.0,1.0,0.9375,0.9500000000000001,1.0
15,0.8175675675675674,0.5063696835418333,0.3432203389830508,0.5,0.5588235294117647,0.15686274509803913
16,0.7378048780487804,0.7989354619369612,0.9279661016949152,0.548780487804878,0.6063829787234042,0.0
17,0.7378048780487804,0.7989354619369612,0.9279661016949152,0.548780487804878,0.6063829787234042,0.0
18,0.7378048780487804,0.7989354619369612,0.9279661016949152,0.548780487804878,0.6063829787234042,0.0
19,0.8402777777777777,0.9004503377814964,0.9703389830508474,0.7258064516129032,0.7702702702702704,0.588235294117647
20,0.3757763975155279,0.19920476822239894,0.1271186440677966,0.15,0.1826923076923077,0.7745098039215687
21,0.7378048780487804,0.7989354619369612,0.9279661016949152,0.548780487804878,0.6063829787234042,0.0
22,0.7378048780487804,0.7989354619369612,0.9279661016949152,0.548780487804878,0.6063829787234042,0.0
23,0.7378048780487804,0.7989354619369612,0.9279661016949152,0.548780487804878,0.6063829787234042,0.0
24,0.8521126760563379,0.8333333333333334,0.8177966101694916,0.7211538461538463,0.7661290322580645,0.5392156862745099
25,0.0,0.0,0.0,0.0,0.0,0.47058823529411764
26,0.7378048780487804,0.7989354619369612,0.9279661016949152,0.548780487804878,0.6063829787234042,0.0
27,0.7378048780487804,0.7989354619369612,0.9279661016949152,0.548780487804878,0.6063829787234042,0.0
28,0.7378048780487804,0.7989354619369612,0.9279661016949152,0.548780487804878,0.6063829787234042,0.0
29,0.7378048780487804,0.7989354619369612,0.9279661016949152,0.548780487804878,0.6063829787234042,0.0
30,0.7378048780487804,0.7989354619369612,0.9279661016949152,0.548780487804878,0.6063829787234042,0.0
31,0.7378048780487804,0.7989354619369612,0.9279661016949152,0.548780487804878,0.6063829787234042,0.0
32,0.7378048780487804,0.7989354619369612,0.9279661016949152,0.548780487804878,0.6063829787234042,0.0
34,0.7378048780487804,0.7989354619369612,0.9279661016949152,0.548780487804878,0.6063829787234042,0.0
35,0.7378048780487804,0.7989354619369612,0.9279661016949152,0.548780487804878,0.6063829787234042,0.0
36,0.7378048780487804,0.7989354619369612,0.9279661016949152,0.548780487804878,0.6063829787234042,0.0
37,0.7378048780487804,0.7989354619369612,0.9279661016949152,0.548780487804878,0.6063829787234042,0.0
38,0.7378048780487804,0.7989354619369612,0.9279661016949152,0.548780487804878,0.6063829787234042,0.0
39,0.7378048780487804,0.7989354619369612,0.9279661016949152,0.548780487804878,0.6063829787234042,0.0
40,0.7378048780487804,0.7989354619369612,0.9279661016949152,0.548780487804878,0.6063829787234042,0.0
45,0.7378048780487804,0.7989354619369612,0.9279661016949152,0.548780487804878,0.6063829787234042,0.0
46,1.0,0.8856148855400954,0.690677966101695,1.0,1.0,0.8431372549019606
47,0.7378048780487804,0.7989354619369612,0.9279661016949152,0.548780487804878,0.6063829787234042,0.0
