12,0,1.0,1.0,1.0,1.0,1.0
15,0,1.0,1.0,1.0,1.0,1.0
16,0,1.0,1.0,1.0,1.0,1.0
17,0,1.0,1.0,1.0,1.0,1.0
19,0,0.5773502691896258,0.3333333333333333,0.041666666666666664,0.3333333333333333,0.3333333333333333
21,0,1.0,1.0,1.0,1.0,1.0
23,0,0.9574271077563381,0.9166666666666666,0.9166666666666666,0.9166666666666666,0.9166666666666666
25,0,0.9574271077563381,0.9166666666666666,0.9166666666666666,0.9166666666666666,0.9166666666666666
26,0,0.9574271077563381,0.9166666666666666,0.9166666666666666,0.9166666666666666,0.9166666666666666
28,0,0.5773502691896258,0.3333333333333333,0.041666666666666664,0.3333333333333333,0.3333333333333333
34,0,1.0,1.0,1.0,1.0,1.0
37,0,1.0,1.0,1.0,1.0,1.0
38,0,1.0,1.0,1.0,1.0,1.0
40,0,1.0,1.0,1.0,1.0,1.0
42,0,1.0,1.0,1.0,1.0,1.0
43,0,1.0,1.0,1.0,1.0,1.0
44,0,1.0,1.0,1.0,1.0,1.0
46,0,0.5773502691896258,0.3333333333333333,0.041666666666666664,0.3333333333333333,0.3333333333333333
47,0,0.5773502691896258,0.3333333333333333,0.041666666666666664,0.3333333333333333,0.3333333333333333
49,0,0.8660254037844386,0.75,0.25,0.75,0.75
52,0,0.8164965809277261,0.6666666666666666,0.16666666666666666,0.6666666666666666,0.6666666666666666
53,0,0.8164965809277261,0.6666666666666666,0.16666666666666666,0.6666666666666666,0.6666666666666666
54,0,0.8164965809277261,0.6666666666666666,0.16666666666666666,0.6666666666666666,0.6666666666666666
56,0,0.8164965809277261,0.6666666666666666,0.16666666666666666,0.6666666666666666,0.6666666666666666
58,0,0.6454972243679028,0.4166666666666667,0.05952380952380953,0.4166666666666667,0.4166666666666667
60,0,0.7637626158259734,0.5833333333333334,0.11666666666666665,0.5833333333333334,0.5833333333333334
62,0,0.7071067811865476,0.5,0.08333333333333333,0.5,0.5
65,0,0.8164965809277261,0.6666666666666666,0.16666666666666666,0.6666666666666666,0.6666666666666666
67,0,0.7637626158259734,0.5833333333333334,0.11666666666666665,0.5833333333333334,0.5833333333333334
68,0,0.7637626158259734,0.5833333333333334,0.11666666666666665,0.5833333333333334,0.5833333333333334
70,0,0.2886751345948129,0.08333333333333333,0.007575757575757576,0.08333333333333333,0.08333333333333333
71,0,0.2886751345948129,0.08333333333333333,0.007575757575757576,0.08333333333333333,0.08333333333333333
73,0,0.2886751345948129,0.08333333333333333,0.007575757575757576,0.08333333333333333,0.08333333333333333
75,0,0.0,0.0,0.0,0.0,0.0
77,0,0.0,0.0,0.0,0.0,0.0
79,0,0.0,0.0,0.0,0.0,0.0
80,0,0.0,0.0,0.0,0.0,0.0
81,0,0.0,0.0,0.0,0.0,0.0
84,0,0.0,0.0,0.0,0.0,0.0
87,0,0.2886751345948129,0.08333333333333333,0.007575757575757576,0.08333333333333333,0.08333333333333333
89,0,0.2886751345948129,0.08333333333333333,0.007575757575757576,0.08333333333333333,0.08333333333333333
91,0,0.2886751345948129,0.08333333333333333,0.007575757575757576,0.08333333333333333,0.08333333333333333
93,0,0.2886751345948129,0.08333333333333333,0.007575757575757576,0.08333333333333333,0.08333333333333333
95,0,0.2886751345948129,0.08333333333333333,0.007575757575757576,0.08333333333333333,0.08333333333333333
98,0,0.2886751345948129,0.08333333333333333,0.007575757575757576,0.08333333333333333,0.08333333333333333
100,0,0.2886751345948129,0.08333333333333333,0.007575757575757576,0.08333333333333333,0.08333333333333333
102,0,0.0,0.0,0.0,0.0,0.0
104,0,0.0,0.0,0.0,0.0,0.0
108,0,0.0,0.0,0.0,0.0,0.0
110,0,0.0,0.0,0.0,0.0,0.0
115,0,1.0,1.0,1.0,1.0,1.0
118,0,1.0,1.0,1.0,1.0,1.0
120,0,1.0,1.0,1.0,1.0,1.0
121,0,1.0,1.0,1.0,1.0,1.0
123,0,0.9574271077563381,0.9166666666666666,0.9166666666666666,0.9166666666666666,0.9166666666666666
124,0,0.9574271077563381,0.9166666666666666,0.9166666666666666,0.9166666666666666,0.9166666666666666
125,0,0.9574271077563381,0.9166666666666666,0.9166666666666666,0.9166666666666666,0.9166666666666666
127,0,1.0,1.0,1.0,1.0,1.0
129,0,1.0,1.0,1.0,1.0,1.0
