5,0.9473684210526315,0.966091783079296,0.9901477832512315,0.8947368421052632,0.9333333333333332,0.0
10,0.9473684210526315,0.966091783079296,0.9901477832512315,0.8947368421052632,0.9333333333333332,0.0
11,0.9473684210526315,0.966091783079296,0.9901477832512315,0.8947368421052632,0.9333333333333332,0.0
14,0.9473684210526315,0.966091783079296,0.9901477832512315,0.8947368421052632,0.9333333333333332,0.0
16,0.9473684210526315,0.966091783079296,0.9901477832512315,0.8947368421052632,0.9333333333333332,0.0
18,0.9473684210526315,0.966091783079296,0.9901477832512315,0.8947368421052632,0.9333333333333332,0.0
23,0.9473684210526315,0.966091783079296,0.9901477832512315,0.8947368421052632,0.9333333333333332,0.0
27,0.9473684210526315,0.966091783079296,0.9901477832512315,0.8947368421052632,0.9333333333333332,0.0
29,0.9473684210526315,0.966091783079296,0.9901477832512315,0.8947368421052632,0.9333333333333332,0.0
31,0.9473684210526315,0.966091783079296,0.9901477832512315,0.8947368421052632,0.9333333333333332,0.0
33,0.9729729729729731,0.9826073688810351,0.9950738916256157,0.9444444444444444,0.9655172413793103,0.5000000000000006
35,0.9729729729729731,0.9826073688810351,0.9950738916256157,0.9444444444444444,0.9655172413793103,0.5000000000000006
37,0.0,0.0,0.0,0.0,0.0,0.0
41,0.9729729729729731,0.9826073688810351,0.9950738916256157,0.9444444444444444,0.9655172413793103,0.5000000000000006
42,0.9729729729729731,0.9826073688810351,0.9950738916256157,0.9444444444444444,0.9655172413793103,0.5000000000000006
49,0.9473684210526315,0.966091783079296,0.9901477832512315,0.8947368421052632,0.9333333333333332,0.0
51,0.9473684210526315,0.966091783079296,0.9901477832512315,0.8947368421052632,0.9333333333333332,0.0
53,1.0,1.0,1.0,1.0,1.0,1.0
55,1.0,1.0,1.0,1.0,1.0,1.0
56,0.8780487804878049,0.5554637206007079,0.35467980295566504,0.4121212121212121,0.5358851674641149,0.5454545454545452
60,1.0,1.0,1.0,1.0,1.0,1.0
61,1.0,1.0,1.0,1.0,1.0,1.0
68,0.9473684210526315,0.966091783079296,0.9901477832512315,0.8947368421052632,0.9333333333333332,0.0
69,0.9729729729729731,0.9826073688810351,0.9950738916256157,0.9444444444444444,0.9655172413793103,0.5000000000000006
72,0.9473684210526315,0.966091783079296,0.9901477832512315,0.8947368421052632,0.9333333333333332,0.0
