2,0.7083333333333331,1.0,1.0,1.0,1.0,0.0
3,0.7083333333333331,1.0,1.0,1.0,1.0,0.0
4,0.7083333333333331,1.0,1.0,1.0,1.0,0.0
5,0.7083333333333331,1.0,1.0,1.0,1.0,0.0
6,0.7083333333333331,1.0,1.0,1.0,1.0,0.0
7,0.7083333333333331,1.0,1.0,1.0,1.0,0.0
9,0.7083333333333331,1.0,1.0,1.0,1.0,0.0
10,0.7083333333333331,1.0,1.0,1.0,1.0,0.0
11,1.0,0.8204786314453316,0.7083333333333333,0.9428571428571426,0.9533333333333331,1.0
13,0.7083333333333331,1.0,1.0,1.0,1.0,0.0
14,0.0,0.0,0.0,0.0,0.0,0.9999999999999993
18,1.0,0.8204786314453316,0.7083333333333333,0.9428571428571426,0.9533333333333331,1.0
21,1.0,0.8204786314453316,0.7083333333333333,0.9428571428571426,0.9533333333333331,1.0
23,1.0,0.5193573631534147,0.375,0.6,0.6499999999999999,0.6666666666666666
24,1.0,0.5193573631534147,0.375,0.6,0.6499999999999999,0.6666666666666666
27,1.0,0.8204786314453316,0.7083333333333333,0.9428571428571426,0.9533333333333331,1.0
28,1.0,0.12692848601326442,0.0416666666666667,0.12000000000000006,0.1444444444444444,0.3333333333333333
29,1.0,0.8204786314453316,0.7083333333333333,0.9428571428571426,0.9533333333333331,1.0
31,0.7083333333333331,1.0,1.0,1.0,1.0,0.0
