2,0.6752450980392158,1.0,1.0,0.8333333333333335,0.85,0.0
5,0.6752450980392158,1.0,1.0,0.8333333333333335,0.85,0.0
6,0.6752450980392158,1.0,1.0,0.8333333333333335,0.85,0.0
7,0.6752450980392158,1.0,1.0,0.8333333333333335,0.85,0.0
8,0.6752450980392158,1.0,1.0,0.8333333333333335,0.85,0.0
9,0.7929687500000001,0.8030981975343754,0.6339869281045754,0.8712121212121212,0.8846153846153848,0.421052631578947
10,0.6752450980392158,1.0,1.0,0.8333333333333335,0.85,0.0
11,0.6752450980392158,1.0,1.0,0.8333333333333335,0.85,0.0
12,0.6752450980392158,1.0,1.0,0.8333333333333335,0.85,0.0
13,0.5225225225225225,0.518659205430059,0.40522875816993476,0.5072463768115942,0.5384615384615385,0.4736842105263158
15,0.6752450980392158,1.0,1.0,0.8333333333333335,0.85,0.0
16,0.7929687500000001,0.4468722403491476,0.2418300653594772,0.5952380952380952,0.6250000000000001,0.2105263157894735
17,0.6214285714285716,0.7128782666343779,0.607843137254902,0.6730769230769231,0.7000000000000001,0.2105263157894741
18,0.0,0.0,0.0,0.0,0.0,1.0
20,1.0,0.7406852084402588,0.4575163398692811,1.0,1.0,0.7894736842105261
21,0.6752450980392158,1.0,1.0,0.8333333333333335,0.85,0.0
