10,0.7738095238095238,0.9249505911485287,0.9701492537313432,0.8163265306122448,0.8571428571428572,0.0
11,0.7738095238095238,0.9249505911485287,0.9701492537313432,0.8163265306122448,0.8571428571428572,0.0
12,0.7738095238095238,0.9249505911485287,0.9701492537313432,0.8163265306122448,0.8571428571428572,0.0
13,0.7738095238095238,0.9249505911485287,0.9701492537313432,0.8163265306122448,0.8571428571428572,0.0
14,0.7738095238095238,0.9249505911485287,0.9701492537313432,0.8163265306122448,0.8571428571428572,0.0
16,0.12037037037037057,0.36667026099684674,0.34328358208955223,0.26530612244897955,0.32773109243697485,1.0
17,0.12037037037037057,0.36667026099684674,0.34328358208955223,0.26530612244897955,0.32773109243697485,1.0
18,0.12037037037037057,0.36667026099684674,0.34328358208955223,0.26530612244897955,0.32773109243697485,1.0
20,0.7738095238095238,0.9249505911485287,0.9701492537313432,0.8163265306122448,0.8571428571428572,0.0
21,0.7738095238095238,0.9249505911485287,0.9701492537313432,0.8163265306122448,0.8571428571428572,0.0
22,1.0,1.0,1.0,1.0,1.0,0.5000000000000002
24,0.7738095238095238,0.9249505911485287,0.9701492537313432,0.8163265306122448,0.8571428571428572,0.0
25,1.0,1.0,1.0,1.0,1.0,0.5000000000000002
26,1.0,0.8725758863925022,0.8059701492537312,0.8831168831168831,0.9107142857142858,0.41666666666666674
27,0.40624999999999994,0.268762352212868,0.19402985074626866,0.22857142857142862,0.2857142857142857,0.3333333333333333
28,0.40624999999999994,0.268762352212868,0.19402985074626866,0.22857142857142862,0.2857142857142857,0.3333333333333333
29,0.40624999999999994,0.268762352212868,0.19402985074626866,0.22857142857142862,0.2857142857142857,0.3333333333333333
30,0.40624999999999994,0.268762352212868,0.19402985074626866,0.22857142857142862,0.2857142857142857,0.3333333333333333
33,0.5777777777777778,0.4729270464321845,0.3880597014925373,0.41558441558441556,0.4897959183673469,0.2499999999999999
34,0.5777777777777778,0.4729270464321845,0.3880597014925373,0.41558441558441556,0.4897959183673469,0.2499999999999999
35,0.5777777777777778,0.4729270464321845,0.3880597014925373,0.41558441558441556,0.4897959183673469,0.2499999999999999
38,0.7738095238095238,0.9249505911485287,0.9701492537313432,0.8163265306122448,0.8571428571428572,0.0
39,0.0,0.0,0.0,0.0,0.0,0.4166666666666667
40,0.0,0.0,0.0,0.0,0.0,0.4166666666666667
42,0.7738095238095238,0.9249505911485287,0.9701492537313432,0.8163265306122448,0.8571428571428572,0.0
43,0.7738095238095238,0.9249505911485287,0.9701492537313432,0.8163265306122448,0.8571428571428572,0.0
