2,0.0,0.0,0.41666666666666685,0.0,0.0,0.0
4,0.0,0.0,0.41666666666666685,0.0,0.0,0.0
5,0.0,0.0,0.41666666666666685,0.0,0.0,0.0
7,0.0,0.0,0.41666666666666685,0.0,0.0,0.0
8,0.0,0.0,0.41666666666666685,0.0,0.0,0.0
10,0.0,0.0,0.41666666666666685,0.0,0.0,0.0
13,0.0,0.0,0.41666666666666685,0.0,0.0,0.0
15,0.0,0.0,0.41666666666666685,0.0,0.0,0.0
16,0.14693171996542762,0.1727841483309103,0.5555555555555555,0.10932944606413995,0.11564625850340138,0.2380952380952382
18,0.0,0.0,0.41666666666666685,0.0,0.0,0.0
19,0.14693171996542762,0.1727841483309103,0.5555555555555555,0.10932944606413995,0.11564625850340138,0.2380952380952382
21,0.41975308641975323,0.5189872259360081,0.7777777777777775,0.35114045618247314,0.36569222283508007,0.619047619047619
22,1.0,0.5702064581341812,0.0,1.0,1.0,0.8253968253968254
24,0.752370916754478,1.0,1.0,0.7417582417582419,0.7536945812807881,1.0
26,0.0,0.0,0.41666666666666685,0.0,0.0,0.0
27,0.0,0.0,0.41666666666666685,0.0,0.0,0.0
