7,1.0,1.0,1.0,1.0,1.0,0.0
8,1.0,1.0,1.0,1.0,1.0,0.0
9,1.0,1.0,1.0,1.0,1.0,0.0
10,1.0,1.0,1.0,1.0,1.0,0.0
11,1.0,1.0,1.0,1.0,1.0,0.0
12,1.0,1.0,1.0,1.0,1.0,0.0
14,1.0,1.0,1.0,1.0,1.0,0.0
15,1.0,1.0,1.0,1.0,1.0,0.0
16,1.0,1.0,1.0,1.0,1.0,0.0
17,1.0,1.0,1.0,1.0,1.0,0.0
18,1.0,1.0,1.0,1.0,1.0,0.0
19,1.0,1.0,1.0,1.0,1.0,0.0
20,1.0,1.0,1.0,1.0,1.0,0.0
22,0.9278350515463918,0.8172935519138763,0.7142857142857143,0.8035714285714285,0.8382352941176472,1.0
23,1.0,1.0,1.0,1.0,1.0,0.0
25,1.0,1.0,1.0,1.0,1.0,0.0
27,1.0,1.0,1.0,1.0,1.0,0.0
28,1.0,1.0,1.0,1.0,1.0,0.0
31,0.0,0.0,0.0,0.0,0.0,0.0
32,0.0,0.0,0.0,0.0,0.0,0.0
