3,0.22773972602739775,1.0,1.0,1.0,1.0,0.0
6,0.22773972602739775,1.0,1.0,1.0,1.0,0.0
8,0.22773972602739775,1.0,1.0,1.0,1.0,0.0
9,0.22773972602739775,1.0,1.0,1.0,1.0,0.0
11,0.22773972602739775,1.0,1.0,1.0,1.0,0.0
13,0.0,0.6601077934939962,0.6595394736842104,0.5723449750534569,0.5807453416149065,0.9999999999999988
14,0.0,0.6601077934939962,0.6595394736842104,0.5723449750534569,0.5807453416149065,0.9999999999999988
15,0.0,0.6601077934939962,0.6595394736842104,0.5723449750534569,0.5807453416149065,0.9999999999999988
18,0.22773972602739775,1.0,1.0,1.0,1.0,0.0
20,1.0,0.0,0.0,0.0,0.0,1.0
