6,0.5931441739881891,1.0,1.0,0.6030534351145039,0.6085434173669468,0.0
8,0.5931441739881891,1.0,1.0,0.6030534351145039,0.6085434173669468,0.0
9,0.5931441739881891,1.0,1.0,0.6030534351145039,0.6085434173669468,0.0
10,1.0,0.7999151173048642,0.5540229885057472,1.0,1.0,1.0
11,1.0,0.7999151173048642,0.5540229885057472,1.0,1.0,1.0
12,0.0,0.0,0.0,0.0,0.0,0.6704545454545453
13,0.0,0.0,0.0,0.0,0.0,0.6704545454545453
14,0.7345711493648043,0.14843309205447835,0.032183908045976976,0.5,0.5057471264367815,0.1250000000000001
17,0.5931441739881891,1.0,1.0,0.6030534351145039,0.6085434173669468,0.0
20,0.5931441739881891,1.0,1.0,0.6030534351145039,0.6085434173669468,0.0
21,0.5931441739881891,1.0,1.0,0.6030534351145039,0.6085434173669468,0.0
22,0.5931441739881891,1.0,1.0,0.6030534351145039,0.6085434173669468,0.0
