2,0.6875,0.9258200997725514,0.9285714285714287,0.75,0.8571428571428571,0.0
4,0.6875,0.9258200997725514,0.9285714285714287,0.75,0.8571428571428571,0.0
5,0.6875,0.9258200997725514,0.9285714285714287,0.75,0.8571428571428571,0.0
7,0.6875,0.9258200997725514,0.9285714285714287,0.75,0.8571428571428571,0.0
8,0.6875,0.9258200997725514,0.9285714285714287,0.75,0.8571428571428571,0.0
10,0.6875,0.9258200997725514,0.9285714285714287,0.75,0.8571428571428571,0.0
11,0.6875,0.9258200997725514,0.9285714285714287,0.75,0.8571428571428571,0.0
12,0.6875,0.9258200997725514,0.9285714285714287,0.75,0.8571428571428571,0.0
13,0.4230769230769231,0.408248290463863,0.28571428571428575,0.2,0.3333333333333333,0.8333333333333334
14,0.7857142857142857,1.0,1.0,1.0,1.0,0.5
15,0.6470588235294118,0.7302967433402213,0.6428571428571428,0.5,0.6666666666666666,0.16666666666666674
21,0.6875,0.9258200997725514,0.9285714285714287,0.75,0.8571428571428571,0.0
23,0.6875,0.9258200997725514,0.9285714285714287,0.75,0.8571428571428571,0.0
25,0.6875,0.9258200997725514,0.9285714285714287,0.75,0.8571428571428571,0.0
26,0.6875,0.9258200997725514,0.9285714285714287,0.75,0.8571428571428571,0.0
29,0.6875,0.9258200997725514,0.9285714285714287,0.75,0.8571428571428571,0.0
31,0.6875,0.9258200997725514,0.9285714285714287,0.75,0.8571428571428571,0.0
33,0.6875,0.9258200997725514,0.9285714285714287,0.75,0.8571428571428571,0.0
34,0.6875,0.9258200997725514,0.9285714285714287,0.75,0.8571428571428571,0.0
38,0.6875,0.9258200997725514,0.9285714285714287,0.75,0.8571428571428571,0.0
40,0.7857142857142858,0.5773502691896258,0.42857142857142866,0.3333333333333333,0.5,0.16666666666666663
41,0.7857142857142858,0.5773502691896258,0.42857142857142866,0.3333333333333333,0.5,0.16666666666666663
43,0.6470588235294118,0.7302967433402213,0.6428571428571428,0.5,0.6666666666666666,0.16666666666666674
45,1.0,0.9428090415820632,0.7857142857142858,1.0,1.0,0.8333333333333333
46,1.0,0.9428090415820632,0.7857142857142858,1.0,1.0,0.8333333333333333
48,0.0,0.0,0.0,0.0,0.0,1.0
50,0.0,0.0,0.0,0.0,0.0,1.0
52,0.0,0.0,0.0,0.0,0.0,1.0
53,0.0,0.0,0.0,0.0,0.0,1.0
57,0.0,0.0,0.0,0.0,0.0,1.0
58,0.0,0.0,0.0,0.0,0.0,1.0
