3,0.8292682926829269,0.8517571227048422,0.9656019656019655,0.6585365853658537,0.7254901960784313,0.0
7,0.8292682926829269,0.8517571227048422,0.9656019656019655,0.6585365853658537,0.7254901960784313,0.0
8,0.8292682926829269,0.8517571227048422,0.9656019656019655,0.6585365853658537,0.7254901960784313,0.0
9,0.8292682926829269,0.8517571227048422,0.9656019656019655,0.6585365853658537,0.7254901960784313,0.0
10,0.8292682926829269,0.8517571227048422,0.9656019656019655,0.6585365853658537,0.7254901960784313,0.0
11,0.8292682926829269,0.8517571227048422,0.9656019656019655,0.6585365853658537,0.7254901960784313,0.0
12,0.8292682926829269,0.8517571227048422,0.9656019656019655,0.6585365853658537,0.7254901960784313,0.0
14,0.8292682926829269,0.8517571227048422,0.9656019656019655,0.6585365853658537,0.7254901960784313,0.0
15,0.8292682926829269,0.8517571227048422,0.9656019656019655,0.6585365853658537,0.7254901960784313,0.0
16,0.8292682926829269,0.8517571227048422,0.9656019656019655,0.6585365853658537,0.7254901960784313,0.0
24,0.8292682926829269,0.8517571227048422,0.9656019656019655,0.6585365853658537,0.7254901960784313,0.0
25,0.8292682926829269,0.8517571227048422,0.9656019656019655,0.6585365853658537,0.7254901960784313,0.0
26,0.8292682926829269,0.8517571227048422,0.9656019656019655,0.6585365853658537,0.7254901960784313,0.0
27,0.8292682926829269,0.8517571227048422,0.9656019656019655,0.6585365853658537,0.7254901960784313,0.0
30,0.8292682926829269,0.8517571227048422,0.9656019656019655,0.6585365853658537,0.7254901960784313,0.0
32,0.8292682926829269,0.8517571227048422,0.9656019656019655,0.6585365853658537,0.7254901960784313,0.0
33,0.8292682926829269,0.8517571227048422,0.9656019656019655,0.6585365853658537,0.7254901960784313,0.0
34,0.8292682926829269,0.8517571227048422,0.9656019656019655,0.6585365853658537,0.7254901960784313,0.0
35,0.8292682926829269,0.8517571227048422,0.9656019656019655,0.6585365853658537,0.7254901960784313,0.0
37,0.8292682926829269,0.8517571227048422,0.9656019656019655,0.6585365853658537,0.7254901960784313,0.0
38,0.8292682926829269,0.8517571227048422,0.9656019656019655,0.6585365853658537,0.7254901960784313,0.0
39,0.8292682926829269,0.8517571227048422,0.9656019656019655,0.6585365853658537,0.7254901960784313,0.0
47,0.8292682926829269,0.8517571227048422,0.9656019656019655,0.6585365853658537,0.7254901960784313,0.0
48,0.8292682926829269,0.8517571227048422,0.9656019656019655,0.6585365853658537,0.7254901960784313,0.0
49,0.8292682926829269,0.8517571227048422,0.9656019656019655,0.6585365853658537,0.7254901960784313,0.0
50,0.8292682926829269,0.8517571227048422,0.9656019656019655,0.6585365853658537,0.7254901960784313,0.0
53,0.8292682926829269,0.8517571227048422,0.9656019656019655,0.6585365853658537,0.7254901960784313,0.0
55,0.8292682926829269,0.8517571227048422,0.9656019656019655,0.6585365853658537,0.7254901960784313,0.0
56,0.8292682926829269,0.8517571227048422,0.9656019656019655,0.6585365853658537,0.7254901960784313,0.0
57,0.8292682926829269,0.8517571227048422,0.9656019656019655,0.6585365853658537,0.7254901960784313,0.0
58,0.8292682926829269,0.8517571227048422,0.9656019656019655,0.6585365853658537,0.7254901960784313,0.0
59,0.8292682926829269,0.8517571227048422,0.9656019656019655,0.6585365853658537,0.7254901960784313,0.0
60,1.0,1.0,1.0,1.0,1.0,0.9999999999999999
61,1.0,1.0,1.0,1.0,1.0,0.9999999999999999
62,1.0,1.0,1.0,1.0,1.0,0.9999999999999999
63,1.0,1.0,1.0,1.0,1.0,0.9999999999999999
64,1.0,1.0,1.0,1.0,1.0,0.9999999999999999
65,1.0,1.0,1.0,1.0,1.0,0.9999999999999999
66,1.0,1.0,1.0,1.0,1.0,0.9999999999999999
70,0.8292682926829269,0.8517571227048422,0.9656019656019655,0.6585365853658537,0.7254901960784313,0.0
71,1.0,1.0,1.0,1.0,1.0,0.9999999999999999
74,0.8292682926829269,0.8517571227048422,0.9656019656019655,0.6585365853658537,0.7254901960784313,0.0
75,0.0,0.0,0.0,0.0,0.0,1.0
78,0.8292682926829269,0.8517571227048422,0.9656019656019655,0.6585365853658537,0.7254901960784313,0.0
