2,0,1.0,1.0,1.0,1.0,1.0
5,0,1.0,1.0,1.0,1.0,1.0
6,0,1.0,1.0,1.0,1.0,1.0
8,0,1.0,1.0,1.0,1.0,1.0
10,0,1.0,1.0,1.0,1.0,1.0
11,0,1.0,1.0,1.0,1.0,1.0
13,0,0.0,0.0,0.0,0.0,0.0
15,0,0.8437199895169885,0.7894736842105263,0.19919168591224018,0.7894736842105263,0.7894736842105263
17,0,0.8437199895169885,0.7894736842105263,0.19919168591224018,0.7894736842105263,0.7894736842105263
19,0,0.2963079562693409,0.21052631578947367,0.014164742109314857,0.21052631578947367,0.21052631578947367
20,0,0.2963079562693409,0.21052631578947367,0.014164742109314857,0.21052631578947367,0.21052631578947367
22,0,0.47092422393011724,0.3684210526315789,0.030985373364126247,0.368421052631579,0.368421052631579
24,0,0.47092422393011724,0.3684210526315789,0.030985373364126247,0.368421052631579,0.368421052631579
25,0,0.47092422393011724,0.3684210526315789,0.030985373364126247,0.368421052631579,0.368421052631579
27,0,0.8437199895169885,0.7894736842105263,0.19919168591224018,0.7894736842105263,0.7894736842105263
28,0,0.8437199895169885,0.7894736842105263,0.19919168591224018,0.7894736842105263,0.7894736842105263
30,0,0.8437199895169885,0.7894736842105263,0.19919168591224018,0.7894736842105263,0.7894736842105263
32,0,0.8437199895169885,0.7894736842105263,0.19919168591224018,0.7894736842105263,0.7894736842105263
33,0,0.8437199895169885,0.7894736842105263,0.19919168591224018,0.7894736842105263,0.7894736842105263
35,0,0.8437199895169885,0.7894736842105263,0.19919168591224018,0.7894736842105263,0.7894736842105263
37,0,0.8437199895169885,0.7894736842105263,0.19919168591224018,0.7894736842105263,0.7894736842105263
38,0,0.8437199895169885,0.7894736842105263,0.19919168591224018,0.7894736842105263,0.7894736842105263
40,0,0.6699199614103213,0.5789473684210527,0.07303695150115473,0.5789473684210527,0.5789473684210527
42,0,0.8437199895169885,0.7894736842105263,0.19919168591224018,0.7894736842105263,0.7894736842105263
43,0,0.8437199895169885,0.7894736842105263,0.19919168591224018,0.7894736842105263,0.7894736842105263
45,0,0.41571806114812737,0.3157894736842105,0.024515899804583408,0.3157894736842105,0.3157894736842105
47,0,0.3576753433322483,0.2631578947368421,0.018970636753546686,0.26315789473684215,0.26315789473684215
49,0,0.3576753433322483,0.2631578947368421,0.018970636753546686,0.26315789473684215,0.26315789473684215
52,0,1.0,1.0,1.0,1.0,1.0
