3,0.5147058823529411,0.3380617018914066,1.0,0.058823529411764705,0.08571428571428572,0.0
5,0.5147058823529411,0.3380617018914066,1.0,0.058823529411764705,0.08571428571428572,0.0
6,0.5147058823529411,0.3380617018914066,1.0,0.058823529411764705,0.08571428571428572,0.0
8,0.5147058823529411,0.3380617018914066,1.0,0.058823529411764705,0.08571428571428572,0.0
9,0.5147058823529411,0.3380617018914066,1.0,0.058823529411764705,0.08571428571428572,0.0
12,1.0,1.0,0.983739837398374,1.0,1.0,0.6226415094339622
13,1.0,1.0,0.983739837398374,1.0,1.0,0.6226415094339622
15,1.0,1.0,0.983739837398374,1.0,1.0,0.6226415094339622
17,1.0,1.0,0.983739837398374,1.0,1.0,0.6226415094339622
18,1.0,1.0,0.983739837398374,1.0,1.0,0.6226415094339622
20,1.0,1.0,0.983739837398374,1.0,1.0,0.6226415094339622
23,0.34653465346534645,0.17149858514250882,0.44715447154471544,0.029411764705882353,0.04347826086956522,0.6226415094339623
25,0.7291666666666666,0.3651483716701107,0.8780487804878049,0.13333333333333333,0.1875,0.37735849056603776
26,0.7291666666666666,0.3651483716701107,0.8780487804878049,0.13333333333333333,0.1875,0.37735849056603776
28,0.7291666666666666,0.3651483716701107,0.8780487804878049,0.13333333333333333,0.1875,0.37735849056603776
30,0.7291666666666666,0.3651483716701107,0.8780487804878049,0.13333333333333333,0.1875,0.37735849056603776
32,0.7291666666666666,0.3651483716701107,0.8780487804878049,0.13333333333333333,0.1875,0.37735849056603776
33,0.7291666666666666,0.3651483716701107,0.8780487804878049,0.13333333333333333,0.1875,0.37735849056603776
36,0.0,0.0,0.0,0.0,0.0,1.0
38,0.0,0.0,0.34959349593495936,0.0,0.0,0.18867924528301888
39,0.0,0.0,0.34959349593495936,0.0,0.0,0.18867924528301888
41,0.0,0.0,0.34959349593495936,0.0,0.0,0.18867924528301888
43,0.0,0.0,0.34959349593495936,0.0,0.0,0.18867924528301888
45,0.0,0.0,0.34959349593495936,0.0,0.0,0.18867924528301888
46,0.0,0.0,0.34959349593495936,0.0,0.0,0.18867924528301888
49,0.0,0.0,0.08130081300813007,0.0,0.0,0.8113207547169811
51,0.0,0.0,0.08130081300813007,0.0,0.0,0.8113207547169811
53,0.0,0.0,0.08130081300813007,0.0,0.0,0.8113207547169811
54,0.0,0.0,0.08130081300813007,0.0,0.0,0.8113207547169811
56,0.0,0.0,0.30081300813008127,0.0,0.0,0.3018867924528302
57,0.0,0.0,0.30081300813008127,0.0,0.0,0.3018867924528302
61,0.0,0.0,0.08130081300813007,0.0,0.0,0.8113207547169811
63,0.0,0.0,0.30081300813008127,0.0,0.0,0.3018867924528302
64,0.0,0.0,0.30081300813008127,0.0,0.0,0.3018867924528302
66,0.0,0.0,0.30081300813008127,0.0,0.0,0.3018867924528302
68,0.0,0.0,0.30081300813008127,0.0,0.0,0.3018867924528302
70,0.0,0.0,0.30081300813008127,0.0,0.0,0.3018867924528302
71,0.0,0.0,0.30081300813008127,0.0,0.0,0.3018867924528302
73,0.0,0.0,0.30081300813008127,0.0,0.0,0.3018867924528302
75,0.0,0.0,0.30081300813008127,0.0,0.0,0.3018867924528302
77,0.0,0.0,0.30081300813008127,0.0,0.0,0.3018867924528302
79,0.0,0.0,0.30081300813008127,0.0,0.0,0.3018867924528302
80,0.0,0.0,0.30081300813008127,0.0,0.0,0.3018867924528302
83,0.0,0.0,0.2113821138211382,0.0,0.0,0.5094339622641509
84,0.0,0.0,0.2113821138211382,0.0,0.0,0.5094339622641509
87,0.5147058823529411,0.3380617018914066,1.0,0.058823529411764705,0.08571428571428572,0.0
