2,0.380952380952381,1.0,1.0,1.0,1.0,0.0
4,0.380952380952381,1.0,1.0,1.0,1.0,0.0
5,0.380952380952381,1.0,1.0,1.0,1.0,0.0
6,0.380952380952381,1.0,1.0,1.0,1.0,0.0
7,0.380952380952381,1.0,1.0,1.0,1.0,0.0
9,0.380952380952381,1.0,1.0,1.0,1.0,0.0
10,0.380952380952381,1.0,1.0,1.0,1.0,0.0
12,0.3333333333333333,0.892951088078438,0.8448275862068966,0.5303899082568807,0.8486238532110092,0.9375000000000002
13,0.3333333333333333,0.892951088078438,0.8448275862068966,0.5303899082568807,0.8486238532110092,0.9375000000000002
14,0.3333333333333333,0.892951088078438,0.8448275862068966,0.5303899082568807,0.8486238532110092,0.9375000000000002
18,0.38461538461538464,0.8801832547830146,0.8017241379310343,0.5002866972477065,0.8324770642201835,0.06249999999999977
19,0.38461538461538464,0.8801832547830146,0.8017241379310343,0.5002866972477065,0.8324770642201835,0.06249999999999977
23,0.380952380952381,1.0,1.0,1.0,1.0,0.0
24,0.0,0.0,0.0,0.0,0.0,1.0
25,0.43478260869565216,0.989459855368681,0.9568965517241378,0.9518348623853211,0.989908256880734,0.9999999999999992
26,1.0,0.3004527291222484,0.11206896551724135,0.028669724770642196,0.1277850589777195,0.9374999999999999
28,0.38461538461538464,0.8801832547830146,0.8017241379310343,0.5002866972477065,0.8324770642201835,0.06249999999999977
29,0.380952380952381,1.0,1.0,1.0,1.0,0.0
