4,0.30303030303030315,0.7852889187618647,0.777777777777778,0.4909090909090911,0.5076923076923078,0.0
7,0.30303030303030315,0.7852889187618647,0.777777777777778,0.4909090909090911,0.5076923076923078,0.0
8,0.30303030303030315,0.7852889187618647,0.777777777777778,0.4909090909090911,0.5076923076923078,0.0
10,0.30303030303030315,0.7852889187618647,0.777777777777778,0.4909090909090911,0.5076923076923078,0.0
12,0.30303030303030315,0.7852889187618647,0.777777777777778,0.4909090909090911,0.5076923076923078,0.0
13,0.30303030303030315,0.7852889187618647,0.777777777777778,0.4909090909090911,0.5076923076923078,0.0
15,0.30303030303030315,0.7852889187618647,0.777777777777778,0.4909090909090911,0.5076923076923078,0.0
16,0.30303030303030315,0.7852889187618647,0.777777777777778,0.4909090909090911,0.5076923076923078,0.0
17,0.30303030303030315,0.7852889187618647,0.777777777777778,0.4909090909090911,0.5076923076923078,0.0
19,0.0,0.0,0.0,0.0,0.0,0.24999999999999983
20,0.0,0.0,0.0,0.0,0.0,0.24999999999999983
21,0.0,0.0,0.0,0.0,0.0,0.24999999999999983
22,0.0,0.0,0.0,0.0,0.0,0.24999999999999983
24,0.30303030303030315,0.7852889187618647,0.777777777777778,0.4909090909090911,0.5076923076923078,0.0
26,1.0,1.0,1.0,1.0,1.0,1.0
27,1.0,1.0,1.0,1.0,1.0,1.0
31,0.30303030303030315,0.7852889187618647,0.777777777777778,0.4909090909090911,0.5076923076923078,0.0
32,0.30303030303030315,0.7852889187618647,0.777777777777778,0.4909090909090911,0.5076923076923078,0.0
