8,0.08333333333333337,0.892612380887875,0.889763779527559,0.6645785876993165,0.886104783599089,0.3333333333333332
9,0.08333333333333337,0.892612380887875,0.889763779527559,0.6645785876993165,0.886104783599089,0.3333333333333332
12,0.12000000000000001,1.0,1.0,1.0,1.0,0.0
18,0.12000000000000001,1.0,1.0,1.0,1.0,0.0
19,0.12000000000000001,1.0,1.0,1.0,1.0,0.0
20,0.12000000000000001,1.0,1.0,1.0,1.0,0.0
21,0.12000000000000001,1.0,1.0,1.0,1.0,0.0
24,0.12000000000000001,1.0,1.0,1.0,1.0,0.0
26,0.12000000000000001,1.0,1.0,1.0,1.0,0.0
27,0.12000000000000001,1.0,1.0,1.0,1.0,0.0
28,0.08333333333333337,0.892612380887875,0.889763779527559,0.6645785876993165,0.886104783599089,0.3333333333333332
29,0.12000000000000001,1.0,1.0,1.0,1.0,0.0
30,1.0,0.0,0.0,0.0,0.0,1.0
31,1.0,0.0,0.0,0.0,0.0,1.0
34,0.0,0.6618062955445649,0.6692913385826772,0.32915717539863326,0.6583143507972666,1.0
35,0.0,0.6618062955445649,0.6692913385826772,0.32915717539863326,0.6583143507972666,1.0
36,0.0,0.6618062955445649,0.6692913385826772,0.32915717539863326,0.6583143507972666,1.0
37,0.0,0.6618062955445649,0.6692913385826772,0.32915717539863326,0.6583143507972666,1.0
38,0.0,0.6618062955445649,0.6692913385826772,0.32915717539863326,0.6583143507972666,1.0
40,0.0,0.6618062955445649,0.6692913385826772,0.32915717539863326,0.6583143507972666,1.0
41,0.0,0.6618062955445649,0.6692913385826772,0.32915717539863326,0.6583143507972666,1.0
42,0.0,0.6618062955445649,0.6692913385826772,0.32915717539863326,0.6583143507972666,1.0
43,0.0,0.6618062955445649,0.6692913385826772,0.32915717539863326,0.6583143507972666,1.0
44,0.0,0.6618062955445649,0.6692913385826772,0.32915717539863326,0.6583143507972666,1.0
47,0.0,0.6618062955445649,0.6692913385826772,0.32915717539863326,0.6583143507972666,1.0
50,0.0,0.6618062955445649,0.6692913385826772,0.32915717539863326,0.6583143507972666,1.0
