2,0.39285714285714324,0.7078216483087437,0.8571428571428571,0.4285714285714284,0.43589743589743574,0.0
6,0.39285714285714324,0.7078216483087437,0.8571428571428571,0.4285714285714284,0.43589743589743574,0.0
8,0.39285714285714324,0.7078216483087437,0.8571428571428571,0.4285714285714284,0.43589743589743574,0.0
9,0.39285714285714324,0.7078216483087437,0.8571428571428571,0.4285714285714284,0.43589743589743574,0.0
10,0.39285714285714324,0.7078216483087437,0.8571428571428571,0.4285714285714284,0.43589743589743574,0.0
13,0.39285714285714324,0.7078216483087437,0.8571428571428571,0.4285714285714284,0.43589743589743574,0.0
14,0.39285714285714324,0.7078216483087437,0.8571428571428571,0.4285714285714284,0.43589743589743574,0.0
16,0.39285714285714324,0.7078216483087437,0.8571428571428571,0.4285714285714284,0.43589743589743574,0.0
17,0.39285714285714324,0.7078216483087437,0.8571428571428571,0.4285714285714284,0.43589743589743574,0.0
19,0.39285714285714324,0.7078216483087437,0.8571428571428571,0.4285714285714284,0.43589743589743574,0.0
21,0.39285714285714324,0.7078216483087437,0.8571428571428571,0.4285714285714284,0.43589743589743574,0.0
24,0.39285714285714324,0.7078216483087437,0.8571428571428571,0.4285714285714284,0.43589743589743574,0.0
26,0.0,0.0,0.0,0.0,0.0,0.5500000000000002
27,0.0,0.0,0.0,0.0,0.0,0.5500000000000002
30,0.39285714285714324,0.7078216483087437,0.8571428571428571,0.4285714285714284,0.43589743589743574,0.0
31,0.39285714285714324,0.7078216483087437,0.8571428571428571,0.4285714285714284,0.43589743589743574,0.0
34,0.39285714285714324,0.7078216483087437,0.8571428571428571,0.4285714285714284,0.43589743589743574,0.0
36,0.5072463768115933,0.7616109355147727,0.8857142857142857,0.5294117647058822,0.5368421052631577,0.2
37,0.5072463768115933,0.7616109355147727,0.8857142857142857,0.5294117647058822,0.5368421052631577,0.2
40,0.39285714285714324,0.7078216483087437,0.8571428571428571,0.4285714285714284,0.43589743589743574,0.0
42,1.0,1.0,1.0,1.0,1.0,1.0
44,0.39285714285714324,0.7078216483087437,0.8571428571428571,0.4285714285714284,0.43589743589743574,0.0
46,0.39285714285714324,0.7078216483087437,0.8571428571428571,0.4285714285714284,0.43589743589743574,0.0
