3,0.8846153846153845,0.8819171036881969,0.45454545454545464,0.7692307692307693,0.7777777777777778,0.0
7,0.8846153846153845,0.8819171036881969,0.45454545454545464,0.7692307692307693,0.7777777777777778,0.0
9,0.8846153846153845,0.8819171036881969,0.45454545454545464,0.7692307692307693,0.7777777777777778,0.0
10,0.8846153846153845,0.8819171036881969,0.45454545454545464,0.7692307692307693,0.7777777777777778,0.0
12,0.8846153846153845,0.8819171036881969,0.45454545454545464,0.7692307692307693,0.7777777777777778,0.0
13,0.8846153846153845,0.8819171036881969,0.45454545454545464,0.7692307692307693,0.7777777777777778,0.0
14,1.0,1.0,1.0,1.0,1.0,1.0
15,1.0,1.0,1.0,1.0,1.0,1.0
18,0.8846153846153845,0.8819171036881969,0.45454545454545464,0.7692307692307693,0.7777777777777778,0.0
19,0.8846153846153845,0.8819171036881969,0.45454545454545464,0.7692307692307693,0.7777777777777778,0.0
20,0.8846153846153845,0.8819171036881969,0.45454545454545464,0.7692307692307693,0.7777777777777778,0.0
21,0.9199999999999999,0.916515138991168,0.6363636363636365,0.8333333333333333,0.8400000000000001,0.33333333333333315
24,0.8846153846153845,0.8819171036881969,0.45454545454545464,0.7692307692307693,0.7777777777777778,0.0
25,0.9583333333333331,0.9555330859059091,0.8181818181818182,0.9090909090909091,0.9130434782608696,0.6666666666666669
28,0.0,0.0,0.0,0.0,0.0,0.6666666666666669
30,0.8846153846153845,0.8819171036881969,0.45454545454545464,0.7692307692307693,0.7777777777777778,0.0
