2,0.5284552845528455,0.254000254000381,0.5021459227467812,0.05691056910569107,0.06451612903225806,0.0
6,0.5284552845528455,0.254000254000381,0.5021459227467812,0.05691056910569107,0.06451612903225806,0.0
7,0.5284552845528455,0.254000254000381,0.5021459227467812,0.05691056910569107,0.06451612903225806,0.0
8,0.5284552845528455,0.254000254000381,0.5021459227467812,0.05691056910569107,0.06451612903225806,0.0
9,0.6914893617021277,0.3481553119113957,0.7510729613733905,0.1076923076923077,0.12121212121212122,0.5
12,0.5284552845528455,0.254000254000381,0.5021459227467812,0.05691056910569107,0.06451612903225806,0.0
13,1.0,1.0,1.0,1.0,1.0,1.0
14,1.0,1.0,1.0,1.0,1.0,1.0
16,0.0,0.0,0.0,0.0,0.0,1.0
17,0.0,0.0,0.4463519313304721,0.0,0.0,0.10344827586206896
18,0.0,0.0,0.4463519313304721,0.0,0.0,0.10344827586206896
20,0.0,0.0,0.05150214592274674,0.0,0.0,0.896551724137931
21,0.0,0.0,0.4291845493562232,0.0,0.0,0.13793103448275862
22,0.0,0.0,0.4291845493562232,0.0,0.0,0.13793103448275862
24,0.0,0.0,0.12017167381974245,0.0,0.0,0.7586206896551724
25,0.0,0.0,0.48068669527896996,0.0,0.0,0.034482758620689655
26,0.0,0.0,0.48068669527896996,0.0,0.0,0.034482758620689655
28,0.0,0.0,0.13733905579399142,0.0,0.0,0.7241379310344828
29,0.0,0.0,0.4678111587982833,0.0,0.0,0.06034482758620689
30,0.0,0.0,0.4678111587982833,0.0,0.0,0.06034482758620689
32,0.0,0.0,0.167381974248927,0.0,0.0,0.6637931034482758
33,0.0,0.0,0.167381974248927,0.0,0.0,0.6637931034482758
34,0.0,0.0,0.3304721030042918,0.0,0.0,0.33620689655172414
37,0.0,0.0,0.334763948497854,0.0,0.0,0.3275862068965517
39,0.0,0.0,0.167381974248927,0.0,0.0,0.6637931034482758
