3,0,1.0,1.0,1.0,1.0,1.0
5,0,1.0,1.0,1.0,1.0,1.0
6,0,0.6747071051273267,0.6666666666666666,0.3893805309734514,0.666666666666667,0.666666666666667
7,0,0.6747071051273267,0.6666666666666666,0.3893805309734514,0.666666666666667,0.666666666666667
8,0,0.0,0.0,0.0,0.0,0.0
9,0,0.0,0.0,0.0,0.0,0.0
10,0,0.0,0.0,0.0,0.0,0.0
14,0,1.0,1.0,1.0,1.0,1.0
16,0,1.0,1.0,1.0,1.0,1.0
19,0,1.0,1.0,1.0,1.0,1.0
20,0,1.0,1.0,1.0,1.0,1.0
21,0,1.0,1.0,1.0,1.0,1.0
22,0,1.0,1.0,1.0,1.0,1.0
24,0,1.0,1.0,1.0,1.0,1.0
25,0,1.0,1.0,1.0,1.0,1.0
26,0,1.0,1.0,1.0,1.0,1.0
27,0,0.6747071051273267,0.6666666666666666,0.3893805309734514,0.666666666666667,0.666666666666667
29,0,1.0,1.0,1.0,1.0,1.0
30,0,1.0,1.0,1.0,1.0,1.0
31,0,1.0,1.0,1.0,1.0,1.0
