4,0.9400000000000001,0.9405399431259603,0.24999999999999983,0.88,0.8846153846153847,0.0
6,0.9400000000000001,0.9405399431259603,0.24999999999999983,0.88,0.8846153846153847,0.0
7,0.9400000000000001,0.9405399431259603,0.24999999999999983,0.88,0.8846153846153847,0.0
9,0.9400000000000001,0.9405399431259603,0.24999999999999983,0.88,0.8846153846153847,0.0
10,0.9400000000000001,0.9405399431259603,0.24999999999999983,0.88,0.8846153846153847,0.0
13,0.9400000000000001,0.9405399431259603,0.24999999999999983,0.88,0.8846153846153847,0.0
14,0.9400000000000001,0.9405399431259603,0.24999999999999983,0.88,0.8846153846153847,0.0
16,0.9400000000000001,0.9405399431259603,0.24999999999999983,0.88,0.8846153846153847,0.0
17,0.9400000000000001,0.9405399431259603,0.24999999999999983,0.88,0.8846153846153847,0.0
18,0.0,0.0,0.0,0.0,0.0,0.0
19,0.9400000000000001,0.9405399431259603,0.24999999999999983,0.88,0.8846153846153847,0.0
20,1.0,1.0,1.0,1.0,1.0,1.0
21,1.0,1.0,1.0,1.0,1.0,1.0
22,0.9400000000000001,0.9405399431259603,0.24999999999999983,0.88,0.8846153846153847,0.0
23,0.9400000000000001,0.9405399431259603,0.24999999999999983,0.88,0.8846153846153847,0.0
24,0.9400000000000001,0.9405399431259603,0.24999999999999983,0.88,0.8846153846153847,0.0
27,0.9400000000000001,0.9405399431259603,0.24999999999999983,0.88,0.8846153846153847,0.0
28,0.9400000000000001,0.9405399431259603,0.24999999999999983,0.88,0.8846153846153847,0.0
29,0.9400000000000001,0.9405399431259603,0.24999999999999983,0.88,0.8846153846153847,0.0
