4,0,0.0,0.0,0.0,0.0,0.0
6,0,0.0,0.0,0.0,0.0,0.0
7,0,0.0,0.0,0.0,0.0,0.0
10,0,1.0,1.0,1.0,1.0,1.0
12,0,1.0,1.0,1.0,1.0,1.0
13,0,1.0,1.0,1.0,1.0,1.0
14,0,1.0,1.0,1.0,1.0,1.0
15,0,1.0,1.0,1.0,1.0,1.0
16,0,1.0,1.0,1.0,1.0,1.0
18,0,1.0,1.0,1.0,1.0,1.0
19,0,1.0,1.0,1.0,1.0,1.0
20,0,0.8980265101338746,0.8064516129032258,0.13440860215053765,0.8064516129032258,0.8064516129032258
21,0,0.7184212081070996,0.5161290322580645,0.034408602150537634,0.5161290322580645,0.5161290322580645
22,0,0.7184212081070996,0.5161290322580645,0.034408602150537634,0.5161290322580645,0.5161290322580645
23,0,0.7184212081070996,0.5161290322580645,0.034408602150537634,0.5161290322580645,0.5161290322580645
24,0,0.47519096331149147,0.22580645161290322,0.009408602150537635,0.22580645161290322,0.22580645161290322
25,0,0.47519096331149147,0.22580645161290322,0.009408602150537635,0.22580645161290322,0.22580645161290322
26,0,0.47519096331149147,0.22580645161290322,0.009408602150537635,0.22580645161290322,0.22580645161290322
27,0,0.3592106040535498,0.12903225806451613,0.0047789725209080045,0.12903225806451613,0.12903225806451613
30,0,0.5388159060803247,0.2903225806451613,0.013196480938416423,0.2903225806451613,0.2903225806451613
31,0,0.5388159060803247,0.2903225806451613,0.013196480938416423,0.2903225806451613,0.2903225806451613
32,0,0.5388159060803247,0.2903225806451613,0.013196480938416423,0.2903225806451613,0.2903225806451613
33,0,0.5388159060803247,0.2903225806451613,0.013196480938416423,0.2903225806451613,0.2903225806451613
34,0,0.47519096331149147,0.22580645161290322,0.009408602150537635,0.22580645161290322,0.22580645161290322
37,0,0.7184212081070996,0.5161290322580645,0.034408602150537634,0.5161290322580645,0.5161290322580645
39,0,0.7184212081070996,0.5161290322580645,0.034408602150537634,0.5161290322580645,0.5161290322580645
