2,0.6041666666666666,0.8888484511142548,1.0,0.5091145833333333,0.53125,0.0
5,0.6041666666666666,0.8888484511142548,1.0,0.5091145833333333,0.53125,0.0
6,0.6041666666666666,0.8888484511142548,1.0,0.5091145833333333,0.53125,0.0
7,0.6041666666666666,0.8888484511142548,1.0,0.5091145833333333,0.53125,0.0
8,0.6041666666666666,0.8888484511142548,1.0,0.5091145833333333,0.53125,0.0
9,0.6041666666666666,0.8888484511142548,1.0,0.5091145833333333,0.53125,0.0
10,0.6041666666666666,0.8888484511142548,1.0,0.5091145833333333,0.53125,0.0
11,0.6041666666666666,0.8888484511142548,1.0,0.5091145833333333,0.53125,0.0
12,0.6041666666666666,0.8888484511142548,1.0,0.5091145833333333,0.53125,0.0
13,0.0,0.0,0.0,0.0,0.0,0.9999999999999998
14,0.0,0.0,0.0,0.0,0.0,0.9999999999999998
18,1.0,1.0,0.8160000000000001,1.0,1.0,1.0
19,1.0,1.0,0.8160000000000001,1.0,1.0,1.0
20,1.0,1.0,0.8160000000000001,1.0,1.0,1.0
