4,0,1.0,1.0,1.0,1.0,1.0
7,0,1.0,1.0,1.0,1.0,1.0
9,0,1.0,1.0,1.0,1.0,1.0
10,0,1.0,1.0,1.0,1.0,1.0
13,0,1.0,1.0,1.0,1.0,1.0
14,0,1.0,1.0,1.0,1.0,1.0
15,0,1.0,1.0,1.0,1.0,1.0
16,0,1.0,1.0,1.0,1.0,1.0
17,0,0.4761945983448077,0.42857142857142855,0.11470588235294117,0.4285714285714285,0.4285714285714285
18,0,0.4761945983448077,0.42857142857142855,0.11470588235294117,0.4285714285714285,0.4285714285714285
19,0,0.0,0.0,0.0,0.0,0.0
20,0,0.0,0.0,0.0,0.0,0.0
21,0,0.0,0.0,0.0,0.0,0.0
25,0,1.0,1.0,1.0,1.0,1.0
26,0,0.16976740660706735,0.14285714285714285,0.025490196078431383,0.14285714285714277,0.14285714285714277
28,0,0.0,0.0,0.0,0.0,0.0
31,0,1.0,1.0,1.0,1.0,1.0
