5,0.436046511627907,1.0,1.0,0.8527131782945735,0.8627450980392157,0.0
6,0.436046511627907,1.0,1.0,0.8527131782945735,0.8627450980392157,0.0
7,0.436046511627907,1.0,1.0,0.8527131782945735,0.8627450980392157,0.0
8,0.436046511627907,1.0,1.0,0.8527131782945735,0.8627450980392157,0.0
9,1.0,0.6260565649235652,0.36324786324786323,1.0,1.0,1.0
10,1.0,0.6260565649235652,0.36324786324786323,1.0,1.0,1.0
12,0.0,0.3345720991593402,0.3162393162393162,0.25089605734767023,0.2666666666666667,1.0
13,0.07177033492822994,0.0,0.0,0.0,0.0,0.40909090909090895
14,0.07177033492822994,0.0,0.0,0.0,0.0,0.40909090909090895
17,0.436046511627907,1.0,1.0,0.8527131782945735,0.8627450980392157,0.0
18,0.436046511627907,1.0,1.0,0.8527131782945735,0.8627450980392157,0.0
19,0.6400742115027835,0.8243882989143071,0.6837606837606837,0.9318996415770607,0.9369369369369371,0.590909090909091
20,0.6400742115027835,0.8243882989143071,0.6837606837606837,0.9318996415770607,0.9369369369369371,0.590909090909091
23,0.436046511627907,1.0,1.0,0.8527131782945735,0.8627450980392157,0.0
24,0.436046511627907,1.0,1.0,0.8527131782945735,0.8627450980392157,0.0
25,0.436046511627907,1.0,1.0,0.8527131782945735,0.8627450980392157,0.0
26,0.436046511627907,1.0,1.0,0.8527131782945735,0.8627450980392157,0.0
30,0.436046511627907,1.0,1.0,0.8527131782945735,0.8627450980392157,0.0
32,0.436046511627907,1.0,1.0,0.8527131782945735,0.8627450980392157,0.0
