6,0,1.0,1.0,1.0,1.0,1.0
13,0,1.0,1.0,1.0,1.0,1.0
16,0,1.0,1.0,1.0,1.0,1.0
18,0,1.0,1.0,1.0,1.0,1.0
19,0,1.0,1.0,1.0,1.0,1.0
20,0,1.0,1.0,1.0,1.0,1.0
23,0,1.0,1.0,1.0,1.0,1.0
24,0,1.0,1.0,1.0,1.0,1.0
25,0,1.0,1.0,1.0,1.0,1.0
29,0,1.0,1.0,1.0,1.0,1.0
30,0,1.0,1.0,1.0,1.0,1.0
31,0,1.0,1.0,1.0,1.0,1.0
32,0,1.0,1.0,1.0,1.0,1.0
33,0,1.0,1.0,1.0,1.0,1.0
34,0,1.0,1.0,1.0,1.0,1.0
35,0,1.0,1.0,1.0,1.0,1.0
36,0,1.0,1.0,1.0,1.0,1.0
37,0,0.2303252978813591,0.21428571428571427,0.02049910873440285,0.2142857142857145,0.2142857142857145
39,0,1.0,1.0,1.0,1.0,1.0
40,0,1.0,1.0,1.0,1.0,1.0
42,0,1.0,1.0,1.0,1.0,1.0
43,0,0.0,0.0,0.0,0.0,0.0
45,0,1.0,1.0,1.0,1.0,1.0
46,0,1.0,1.0,1.0,1.0,1.0
51,0,1.0,1.0,1.0,1.0,1.0
52,0,1.0,1.0,1.0,1.0,1.0
53,0,1.0,1.0,1.0,1.0,1.0
54,0,1.0,1.0,1.0,1.0,1.0
55,0,1.0,1.0,1.0,1.0,1.0
56,0,1.0,1.0,1.0,1.0,1.0
61,0,1.0,1.0,1.0,1.0,1.0
62,0,1.0,1.0,1.0,1.0,1.0
63,0,1.0,1.0,1.0,1.0,1.0
64,0,1.0,1.0,1.0,1.0,1.0
65,0,1.0,1.0,1.0,1.0,1.0
66,0,1.0,1.0,1.0,1.0,1.0
71,0,1.0,1.0,1.0,1.0,1.0
73,0,1.0,1.0,1.0,1.0,1.0
74,0,1.0,1.0,1.0,1.0,1.0
75,0,1.0,1.0,1.0,1.0,1.0
76,0,0.663070704804631,0.6428571428571429,0.13529411764705881,0.6428571428571428,0.6428571428571428
78,0,1.0,1.0,1.0,1.0,1.0
81,0,1.0,1.0,1.0,1.0,1.0
83,0,1.0,1.0,1.0,1.0,1.0
