3,0.3747459349593496,1.0,1.0,0.6551332955190017,0.6803562592775853,0.0
5,0.3747459349593496,1.0,1.0,0.6551332955190017,0.6803562592775853,0.0
6,0.3747459349593496,1.0,1.0,0.6551332955190017,0.6803562592775853,0.0
8,0.2485955056179774,0.49218728582975324,0.3944444444444445,0.3798449612403101,0.40697674418604657,0.41999999999999993
10,0.3747459349593496,1.0,1.0,0.6551332955190017,0.6803562592775853,0.0
14,0.3747459349593496,1.0,1.0,0.6551332955190017,0.6803562592775853,0.0
15,0.3747459349593496,1.0,1.0,0.6551332955190017,0.6803562592775853,0.0
17,0.3747459349593496,1.0,1.0,0.6551332955190017,0.6803562592775853,0.0
18,0.3747459349593496,1.0,1.0,0.6551332955190017,0.6803562592775853,0.0
20,0.3747459349593496,1.0,1.0,0.6551332955190017,0.6803562592775853,0.0
21,1.0,0.3603061000668048,0.044444444444444446,0.48837209302325585,0.5167958656330749,0.46000000000000013
22,1.0,0.3603061000668048,0.044444444444444446,0.48837209302325585,0.5167958656330749,0.46000000000000013
24,0.2895496535796766,0.8078529398425122,0.7833333333333332,0.5134168157423971,0.5417547568710359,0.4600000000000002
26,0.2895496535796766,0.8078529398425122,0.7833333333333332,0.5134168157423971,0.5417547568710359,0.4600000000000002
27,0.6632194244604316,0.9298699849522668,0.6555555555555556,1.0,1.0,1.0
28,0.6632194244604316,0.9298699849522668,0.6555555555555556,1.0,1.0,1.0
30,0.2895496535796766,0.8078529398425122,0.7833333333333332,0.5134168157423971,0.5417547568710359,0.4600000000000002
31,0.2895496535796766,0.8078529398425122,0.7833333333333332,0.5134168157423971,0.5417547568710359,0.4600000000000002
32,0.2895496535796766,0.8078529398425122,0.7833333333333332,0.5134168157423971,0.5417547568710359,0.4600000000000002
33,0.2895496535796766,0.8078529398425122,0.7833333333333332,0.5134168157423971,0.5417547568710359,0.4600000000000002
34,0.4272670025188919,0.9093032074293396,0.8166666666666667,0.6955602536997887,0.7190942472460219,0.2600000000000001
35,0.4272670025188919,0.9093032074293396,0.8166666666666667,0.6955602536997887,0.7190942472460219,0.2600000000000001
37,0.4272670025188919,0.9093032074293396,0.8166666666666667,0.6955602536997887,0.7190942472460219,0.2600000000000001
38,0.03545673076923076,0.21884134956125673,0.17777777777777778,0.13674418604651165,0.15073212747631348,0.8800000000000004
39,0.0,0.0,0.0,0.0,0.0,0.5000000000000002
40,0.0,0.0,0.0,0.0,0.0,0.5000000000000002
44,0.5338471849865952,0.9918132175163364,0.8388888888888888,0.8588612670408983,0.872093023255814,0.7400000000000001
46,0.5338471849865952,0.9918132175163364,0.8388888888888888,0.8588612670408983,0.872093023255814,0.7400000000000001
47,0.38458588957055206,0.7327113705684809,0.6111111111111112,0.5894145950280674,0.616631430584919,0.03999999999999968
48,0.38458588957055206,0.7327113705684809,0.6111111111111112,0.5894145950280674,0.616631430584919,0.03999999999999968
49,0.38458588957055206,0.7327113705684809,0.6111111111111112,0.5894145950280674,0.616631430584919,0.03999999999999968
52,0.5338471849865952,0.9918132175163364,0.8388888888888888,0.8588612670408983,0.872093023255814,0.7400000000000001
53,0.5338471849865952,0.9918132175163364,0.8388888888888888,0.8588612670408983,0.872093023255814,0.7400000000000001
55,0.2895496535796766,0.8078529398425122,0.7833333333333332,0.5134168157423971,0.5417547568710359,0.4600000000000002
57,0.2895496535796766,0.8078529398425122,0.7833333333333332,0.5134168157423971,0.5417547568710359,0.4600000000000002
