15,0,1.0,1.0,1.0,1.0,1.0
16,0,1.0,1.0,1.0,1.0,1.0
17,0,1.0,1.0,1.0,1.0,1.0
18,0,0.0,0.0,0.0,0.0,0.0
19,0,0.0,0.0,0.0,0.0,0.0
20,0,0.9826837862666576,0.9705882352941176,0.9714045416316233,0.9705882352941176,0.9705882352941176
21,0,0.0,0.0,0.0,0.0,0.0
22,0,0.0,0.0,0.0,0.0,0.0
23,0,0.9651109940991549,0.9411764705882353,0.4709840201850294,0.9411764705882353,0.9411764705882353
24,0,0.0,0.0,0.0,0.0,0.0
25,0,0.0,0.0,0.0,0.0,0.0
26,0,0.9472698684634054,0.9117647058823529,0.30417717970283153,0.9117647058823529,0.9117647058823529
27,0,0.9472698684634054,0.9117647058823529,0.30417717970283153,0.9117647058823529,0.9117647058823529
28,0,0.9472698684634054,0.9117647058823529,0.30417717970283153,0.9117647058823529,0.9117647058823529
29,0,0.9472698684634054,0.9117647058823529,0.30417717970283153,0.9117647058823529,0.9117647058823529
30,0,0.9291477283450473,0.8823529411764706,0.22077375946173255,0.8823529411764706,0.8823529411764706
37,0,0.9472698684634054,0.9117647058823529,0.30417717970283153,0.9117647058823529,0.9117647058823529
