4,0.14736842105263157,1.0,1.0,1.0,1.0,0.0
7,0.14736842105263157,1.0,1.0,1.0,1.0,0.0
8,0.14736842105263157,1.0,1.0,1.0,1.0,0.0
9,0.14736842105263157,1.0,1.0,1.0,1.0,0.0
10,0.0,0.7124889604146286,0.7561608300907913,0.6776556776556776,0.6981132075471699,0.9999999999999996
11,0.0,0.7124889604146286,0.7561608300907913,0.6776556776556776,0.6981132075471699,0.9999999999999996
13,0.14736842105263157,1.0,1.0,1.0,1.0,0.0
14,0.0,0.7124889604146286,0.7561608300907913,0.6776556776556776,0.6981132075471699,0.9999999999999996
17,1.0,0.3895836149900024,0.12256809338521399,0.7608695652173911,0.7777777777777778,1.0
19,0.14736842105263157,1.0,1.0,1.0,1.0,0.0
20,0.09052631578947365,0.8670739305533819,0.8787289234760052,0.8605072463768114,0.8715596330275232,0.4166666666666662
23,0.8105263157894735,0.0,0.0,0.0,0.0,0.41666666666666663
25,0.14736842105263157,1.0,1.0,1.0,1.0,0.0
