2,0,1.0,1.0,1.0,1.0,1.0
4,0,1.0,1.0,1.0,1.0,1.0
5,0,1.0,1.0,1.0,1.0,1.0
6,0,1.0,1.0,1.0,1.0,1.0
7,0,0.0,0.0,0.0,0.0,0.0
10,0,0.974744871391589,0.9583333333333334,0.9599332220367279,0.9583333333333333,0.9583333333333333
12,0,0.9489578808281798,0.9166666666666666,0.45909849749582643,0.9166666666666667,0.9166666666666667
13,0,0.9489578808281798,0.9166666666666666,0.45909849749582643,0.9166666666666667,0.9166666666666667
15,0,0.974744871391589,0.9583333333333334,0.9599332220367279,0.9583333333333333,0.9583333333333333
17,0,1.0,1.0,1.0,1.0,1.0
