4,0.85,0.8528028654224417,0.8928571428571428,0.7000000000000001,0.7272727272727273,0.0
6,0.85,0.8528028654224417,0.8928571428571428,0.7000000000000001,0.7272727272727273,0.0
8,0.85,0.8528028654224417,0.8928571428571428,0.7000000000000001,0.7272727272727273,0.0
9,0.85,0.8528028654224417,0.8928571428571428,0.7000000000000001,0.7272727272727273,0.0
10,0.0,0.0,0.10714285714285712,0.0,0.0,0.25
11,0.0,0.0,0.10714285714285712,0.0,0.0,0.25
13,0.894736842105263,0.8944271909999159,0.9285714285714285,0.7777777777777778,0.8,0.24999999999999994
15,0.894736842105263,0.8944271909999159,0.9285714285714285,0.7777777777777778,0.8,0.24999999999999994
17,0.894736842105263,0.8944271909999159,0.9285714285714285,0.7777777777777778,0.8,0.24999999999999994
19,0.894736842105263,0.8944271909999159,0.9285714285714285,0.7777777777777778,0.8,0.24999999999999994
20,0.894736842105263,0.8944271909999159,0.9285714285714285,0.7777777777777778,0.8,0.24999999999999994
22,0.894736842105263,0.8944271909999159,0.9285714285714285,0.7777777777777778,0.8,0.24999999999999994
23,0.894736842105263,0.8944271909999159,0.9285714285714285,0.7777777777777778,0.8,0.24999999999999994
24,0.894736842105263,0.8944271909999159,0.9285714285714285,0.7777777777777778,0.8,0.24999999999999994
25,0.894736842105263,0.8944271909999159,0.9285714285714285,0.7777777777777778,0.8,0.24999999999999994
26,0.894736842105263,0.8944271909999159,0.9285714285714285,0.7777777777777778,0.8,0.24999999999999994
27,0.9107142857142857,0.9097176522946839,0.9404761904761904,0.8076923076923078,0.8275862068965517,0.33333333333333326
30,0.894736842105263,0.8944271909999159,0.9285714285714285,0.7777777777777778,0.8,0.24999999999999994
31,0.0,0.0,0.0,0.0,0.0,1.0
42,0.894736842105263,0.8944271909999159,0.9285714285714285,0.7777777777777778,0.8,0.24999999999999994
44,0.894736842105263,0.8944271909999159,0.9285714285714285,0.7777777777777778,0.8,0.24999999999999994
45,0.894736842105263,0.8944271909999159,0.9285714285714285,0.7777777777777778,0.8,0.24999999999999994
46,0.894736842105263,0.8944271909999159,0.9285714285714285,0.7777777777777778,0.8,0.24999999999999994
47,0.894736842105263,0.8944271909999159,0.9285714285714285,0.7777777777777778,0.8,0.24999999999999994
48,0.894736842105263,0.8944271909999159,0.9285714285714285,0.7777777777777778,0.8,0.24999999999999994
49,1.0,1.0,1.0,1.0,1.0,0.7500000000000001
52,0.894736842105263,0.8944271909999159,0.9285714285714285,0.7777777777777778,0.8,0.24999999999999994
53,0.9714285714285715,0.7921180343813393,0.7023809523809523,0.875,0.8888888888888888,0.4166666666666666
66,0.894736842105263,0.8944271909999159,0.9285714285714285,0.7777777777777778,0.8,0.24999999999999994
69,0.894736842105263,0.8944271909999159,0.9285714285714285,0.7777777777777778,0.8,0.24999999999999994
70,0.894736842105263,0.8944271909999159,0.9285714285714285,0.7777777777777778,0.8,0.24999999999999994
71,0.894736842105263,0.8944271909999159,0.9285714285714285,0.7777777777777778,0.8,0.24999999999999994
72,0.894736842105263,0.8944271909999159,0.9285714285714285,0.7777777777777778,0.8,0.24999999999999994
75,0.894736842105263,0.8944271909999159,0.9285714285714285,0.7777777777777778,0.8,0.24999999999999994
76,0.894736842105263,0.8944271909999159,0.9285714285714285,0.7777777777777778,0.8,0.24999999999999994
