8,0.42,1.0,1.0,1.0,1.0,0.0
11,0.42,1.0,1.0,1.0,1.0,0.0
12,0.42,1.0,1.0,1.0,1.0,0.0
13,0.4081632653061224,0.5944126637341796,0.44117647058823534,0.062320230105465,0.453020134228188,0.047619047619047665
17,0.43137254901960775,0.6343943129244607,0.4852941176470589,0.0738255033557047,0.49832214765100674,0.047619047619047665
18,0.43137254901960775,0.6343943129244607,0.4852941176470589,0.0738255033557047,0.49832214765100674,0.047619047619047665
19,0.43137254901960775,0.6343943129244607,0.4852941176470589,0.0738255033557047,0.49832214765100674,0.047619047619047665
22,0.43137254901960775,0.6343943129244607,0.4852941176470589,0.0738255033557047,0.49832214765100674,0.047619047619047665
24,0.43137254901960775,0.6343943129244607,0.4852941176470589,0.0738255033557047,0.49832214765100674,0.047619047619047665
25,0.43137254901960775,0.6343943129244607,0.4852941176470589,0.0738255033557047,0.49832214765100674,0.047619047619047665
26,0.43137254901960775,0.6343943129244607,0.4852941176470589,0.0738255033557047,0.49832214765100674,0.047619047619047665
27,0.43137254901960775,0.6343943129244607,0.4852941176470589,0.0738255033557047,0.49832214765100674,0.047619047619047665
28,0.43137254901960775,0.6343943129244607,0.4852941176470589,0.0738255033557047,0.49832214765100674,0.047619047619047665
30,1.0,0.4077751097298696,0.23529411764705885,0.024608501118568236,0.23919463087248327,0.6666666666666667
32,0.43137254901960775,0.6343943129244607,0.4852941176470589,0.0738255033557047,0.49832214765100674,0.047619047619047665
34,0.43137254901960775,0.6343943129244607,0.4852941176470589,0.0738255033557047,0.49832214765100674,0.047619047619047665
35,0.43137254901960775,0.6343943129244607,0.4852941176470589,0.0738255033557047,0.49832214765100674,0.047619047619047665
38,0.2926829268292683,0.41349507687110626,0.2647058823529412,0.029082774049217004,0.2718120805369128,0.42857142857142855
39,0.2926829268292683,0.41349507687110626,0.2647058823529412,0.029082774049217004,0.2718120805369128,0.42857142857142855
40,0.2926829268292683,0.41349507687110626,0.2647058823529412,0.029082774049217004,0.2718120805369128,0.42857142857142855
42,0.0,0.0,0.0,0.0,0.0,1.0
44,0.2926829268292683,0.41349507687110626,0.2647058823529412,0.029082774049217004,0.2718120805369128,0.42857142857142855
46,0.2926829268292683,0.41349507687110626,0.2647058823529412,0.029082774049217004,0.2718120805369128,0.42857142857142855
47,0.2926829268292683,0.41349507687110626,0.2647058823529412,0.029082774049217004,0.2718120805369128,0.42857142857142855
51,0.43137254901960775,0.6343943129244607,0.4852941176470589,0.0738255033557047,0.49832214765100674,0.047619047619047665
52,0.43137254901960775,0.6343943129244607,0.4852941176470589,0.0738255033557047,0.49832214765100674,0.047619047619047665
53,0.43137254901960775,0.6343943129244607,0.4852941176470589,0.0738255033557047,0.49832214765100674,0.047619047619047665
55,0.43137254901960775,0.6343943129244607,0.4852941176470589,0.0738255033557047,0.49832214765100674,0.047619047619047665
58,0.42,1.0,1.0,1.0,1.0,0.0
