3,0.6046511627906977,0.7518094115561124,0.8449612403100774,0.34883720930232553,0.391304347826087,0.0
6,0.6046511627906977,0.7518094115561124,0.8449612403100774,0.34883720930232553,0.391304347826087,0.0
7,0.6046511627906977,0.7518094115561124,0.8449612403100774,0.34883720930232553,0.391304347826087,0.0
8,0.6046511627906977,0.7518094115561124,0.8449612403100774,0.34883720930232553,0.391304347826087,0.0
10,0.6046511627906977,0.7518094115561124,0.8449612403100774,0.34883720930232553,0.391304347826087,0.0
12,0.5445026178010471,0.5588490961899396,0.5658914728682171,0.27777777777777773,0.3157894736842105,0.3166666666666667
14,0.40944881889763785,0.31562138431599956,0.2790697674418604,0.16666666666666666,0.1935483870967742,0.6833333333333333
16,0.4642857142857143,0.34694433324435553,0.3178294573643411,0.19999999999999998,0.23076923076923078,0.43333333333333324
18,0.0,0.0,0.07751937984496123,0.0,0.0,0.49999999999999994
19,0.0,0.0,0.07751937984496123,0.0,0.0,0.49999999999999994
20,0.0,0.0,0.07751937984496123,0.0,0.0,0.49999999999999994
22,0.5714285714285715,0.4122312949338948,0.3720930232558139,0.27777777777777773,0.3157894736842105,0.08333333333333336
23,0.0,0.0,0.10077519379844958,0.0,0.0,0.35
26,0.742857142857143,0.5374838498865699,0.4263565891472868,0.45454545454545453,0.5,0.26666666666666655
27,0.742857142857143,0.5374838498865699,0.4263565891472868,0.45454545454545453,0.5,0.26666666666666655
31,0.611764705882353,0.4388537257362556,0.3875968992248062,0.3125,0.35294117647058826,0.016666666666666576
33,0.742857142857143,0.5374838498865699,0.4263565891472868,0.45454545454545453,0.5,0.26666666666666655
34,0.742857142857143,0.5374838498865699,0.4263565891472868,0.45454545454545453,0.5,0.26666666666666655
35,0.742857142857143,0.5374838498865699,0.4263565891472868,0.45454545454545453,0.5,0.26666666666666655
37,0.0,0.0,0.10077519379844958,0.0,0.0,0.35
38,0.0,0.0,0.10077519379844958,0.0,0.0,0.35
41,0.0,0.0,0.15503875968992245,0.0,0.0,0.0
42,0.0,0.0,0.15503875968992245,0.0,0.0,0.0
47,0.5048543689320388,0.3708990935094578,0.3410852713178294,0.22727272727272727,0.2608695652173913,0.2833333333333333
49,0.0,0.0,0.054263565891472854,0.0,0.0,0.6499999999999999
50,0.0,0.0,0.054263565891472854,0.0,0.0,0.6499999999999999
51,0.0,0.0,0.054263565891472854,0.0,0.0,0.6499999999999999
54,0.6582278481012659,0.4714045207910317,0.40310077519379844,0.3571428571428571,0.4,0.11666666666666663
55,0.0,0.0,0.08527131782945735,0.0,0.0,0.44999999999999996
59,1.0,0.8498365855987976,0.4728682170542636,1.0,1.0,0.5666666666666665
60,1.0,0.8498365855987976,0.4728682170542636,1.0,1.0,0.5666666666666665
63,0.7761194029850746,0.5665577237325317,0.4341085271317829,0.5,0.5454545454545455,0.3166666666666666
64,0.0,0.0,0.15503875968992245,0.0,0.0,0.0
67,0.7761194029850746,0.5665577237325317,0.4341085271317829,0.5,0.5454545454545455,0.3166666666666666
68,0.7761194029850746,0.5665577237325317,0.4341085271317829,0.5,0.5454545454545455,0.3166666666666666
73,0.6046511627906977,0.7518094115561124,0.8449612403100774,0.34883720930232553,0.391304347826087,0.0
74,0.0,0.0,0.0,0.0,0.0,0.9999999999999999
76,0.7878787878787878,1.0,1.0,0.6521739130434782,0.6923076923076924,1.0
77,0.6046511627906977,0.7518094115561124,0.8449612403100774,0.34883720930232553,0.391304347826087,0.0
