9,0.95131845841785,0.9307873718411457,0.8735177865612649,0.90625,0.923076923076923,0.14285714285714243
10,0.95131845841785,0.9307873718411457,0.8735177865612649,0.90625,0.923076923076923,0.14285714285714243
12,0.95131845841785,0.9307873718411457,0.8735177865612649,0.90625,0.923076923076923,0.14285714285714243
13,0.95131845841785,0.9307873718411457,0.8735177865612649,0.90625,0.923076923076923,0.14285714285714243
14,0.95131845841785,0.9307873718411457,0.8735177865612649,0.90625,0.923076923076923,0.14285714285714243
15,0.95131845841785,0.9307873718411457,0.8735177865612649,0.90625,0.923076923076923,0.14285714285714243
17,0.95131845841785,0.9307873718411457,0.8735177865612649,0.90625,0.923076923076923,0.14285714285714243
20,0.95131845841785,0.9307873718411457,0.8735177865612649,0.90625,0.923076923076923,0.14285714285714243
22,0.95131845841785,0.9307873718411457,0.8735177865612649,0.90625,0.923076923076923,0.14285714285714243
23,0.95131845841785,0.9307873718411457,0.8735177865612649,0.90625,0.923076923076923,0.14285714285714243
25,0.0,0.0,0.0,0.0,0.0,0.0
27,0.95131845841785,0.9307873718411457,0.8735177865612649,0.90625,0.923076923076923,0.14285714285714243
28,0.95131845841785,0.9307873718411457,0.8735177865612649,0.90625,0.923076923076923,0.14285714285714243
29,0.95131845841785,0.9307873718411457,0.8735177865612649,0.90625,0.923076923076923,0.14285714285714243
30,0.95131845841785,0.9307873718411457,0.8735177865612649,0.90625,0.923076923076923,0.14285714285714243
31,0.95131845841785,0.9307873718411457,0.8735177865612649,0.90625,0.923076923076923,0.14285714285714243
32,0.95131845841785,0.9307873718411457,0.8735177865612649,0.90625,0.923076923076923,0.14285714285714243
34,0.95131845841785,0.9307873718411457,0.8735177865612649,0.90625,0.923076923076923,0.14285714285714243
36,0.95131845841785,0.9307873718411457,0.8735177865612649,0.90625,0.923076923076923,0.14285714285714243
39,0.9571428571428572,1.0,1.0,0.946938775510204,0.9568106312292358,0.0
41,0.9571428571428572,1.0,1.0,0.946938775510204,0.9568106312292358,0.0
42,0.9571428571428572,1.0,1.0,0.946938775510204,0.9568106312292358,0.0
43,0.95131845841785,0.9307873718411457,0.8735177865612649,0.90625,0.923076923076923,0.14285714285714243
45,0.95131845841785,0.9307873718411457,0.8735177865612649,0.90625,0.923076923076923,0.14285714285714243
46,1.0,0.9698582370635412,0.8853754940711462,1.0,1.0,1.0
47,1.0,0.9698582370635412,0.8853754940711462,1.0,1.0,1.0
