4,0,1.0,1.0,1.0,1.0,1.0
7,0,1.0,1.0,1.0,1.0,1.0
9,0,1.0,1.0,1.0,1.0,1.0
10,0,1.0,1.0,1.0,1.0,1.0
11,0,1.0,1.0,1.0,1.0,1.0
12,0,1.0,1.0,1.0,1.0,1.0
13,0,1.0,1.0,1.0,1.0,1.0
15,0,1.0,1.0,1.0,1.0,1.0
16,0,1.0,1.0,1.0,1.0,1.0
19,0,1.0,1.0,1.0,1.0,1.0
20,0,0.724744871391589,0.625,0.2112676056338028,0.6250000000000001,0.6250000000000001
21,0,0.724744871391589,0.625,0.2112676056338028,0.6250000000000001,0.6250000000000001
23,0,0.3660254037844386,0.25,0.04225352112676056,0.25,0.25
24,0,0.3660254037844386,0.25,0.04225352112676056,0.25,0.25
25,0,0.3660254037844386,0.25,0.04225352112676056,0.25,0.25
26,0,0.0,0.0,0.0,0.0,0.0
28,0,0.3660254037844386,0.25,0.04225352112676056,0.25,0.25
29,0,0.3660254037844386,0.25,0.04225352112676056,0.25,0.25
31,0,0.0,0.0,0.0,0.0,0.0
32,0,0.0,0.0,0.0,0.0,0.0
33,0,0.0,0.0,0.0,0.0,0.0
34,0,0.0,0.0,0.0,0.0,0.0
35,0,0.0,0.0,0.0,0.0,0.0
37,0,0.0,0.0,0.0,0.0,0.0
40,0,1.0,1.0,1.0,1.0,1.0
