3,0.02083333333333336,1.0,1.0,1.0,1.0,0.0
5,0.02083333333333336,1.0,1.0,1.0,1.0,0.0
6,0.02083333333333336,1.0,1.0,1.0,1.0,0.0
7,0.0,0.9743104317546654,0.9568345323741008,0.4787045252883762,0.9574090505767525,0.9999999999999991
8,0.0,0.9743104317546654,0.9568345323741008,0.4787045252883762,0.9574090505767525,0.9999999999999991
11,1.0,0.07156141222232118,0.021582733812949638,0.0009258902048532078,0.022182786157941437,1.0
12,1.0,0.0,0.0,0.0,0.0,0.5
13,1.0,0.0,0.0,0.0,0.0,0.5
14,1.0,0.0,0.0,0.0,0.0,0.5
15,1.0,0.0,0.0,0.0,0.0,0.5
16,1.0,0.0,0.0,0.0,0.0,0.5
22,0.02083333333333336,1.0,1.0,1.0,1.0,0.0
