3,0.0,0.0,0.0,0.0,0.0,0.0
6,0.0,0.0,0.0,0.0,0.0,0.0
7,0.0,0.0,0.0,0.0,0.0,0.0
8,0.0,0.0,0.0,0.0,0.0,0.0
9,0.0,0.0,0.0,0.0,0.0,0.0
10,0.0,0.0,0.0,0.0,0.0,0.0
11,0.0,0.0,0.0,0.0,0.0,0.0
12,0.0,0.0,0.0,0.0,0.0,0.0
13,0.8179824561403509,1.0,1.0,1.0,1.0,0.0
16,0.8179824561403509,1.0,1.0,1.0,1.0,0.0
17,0.8179824561403509,1.0,1.0,1.0,1.0,0.0
18,0.8179824561403509,1.0,1.0,1.0,1.0,0.0
19,0.8179824561403509,1.0,1.0,1.0,1.0,0.0
21,0.8179824561403509,1.0,1.0,1.0,1.0,0.0
23,0.9809335963182116,0.5830204132100177,0.2790484903934126,0.37438423645320196,0.5134099616858238,0.548913043478261
25,0.7692987625220978,0.8219720048563601,0.7209515096065874,0.7055702917771882,0.8086206896551724,0.5489130434782608
27,1.0,0.5106158731221904,0.20951509606587376,0.28078817733990147,0.40770791075050716,0.4510869565217392
30,0.7043051359516617,0.6612089662596463,0.5114364135407137,0.49137931034482757,0.6300940438871473,1.0
31,0.8179824561403509,1.0,1.0,1.0,1.0,0.0
