3,0,0.8090169943749473,0.75,0.15151515151515152,0.7500000000000001,0.7500000000000001
5,0,0.8090169943749473,0.75,0.15151515151515152,0.7500000000000001,0.7500000000000001
7,0,1.0,1.0,1.0,1.0,1.0
9,0,1.0,1.0,1.0,1.0,1.0
10,0,1.0,1.0,1.0,1.0,1.0
11,0,1.0,1.0,1.0,1.0,1.0
13,0,1.0,1.0,1.0,1.0,1.0
15,0,1.0,1.0,1.0,1.0,1.0
16,0,1.0,1.0,1.0,1.0,1.0
18,0,1.0,1.0,1.0,1.0,1.0
20,0,1.0,1.0,1.0,1.0,1.0
22,0,0.5922415440691261,0.5,0.050505050505050504,0.49999999999999994,0.49999999999999994
23,0,0.5922415440691261,0.5,0.050505050505050504,0.49999999999999994,0.49999999999999994
28,0,0.0,0.0,0.0,0.0,0.0
31,0,1.0,1.0,1.0,1.0,1.0
32,0,1.0,1.0,1.0,1.0,1.0
