12,1.0,1.0,1.0,1.0,1.0,0.0
14,1.0,1.0,1.0,1.0,1.0,0.0
15,1.0,1.0,1.0,1.0,1.0,0.0
16,1.0,1.0,1.0,1.0,1.0,0.0
17,1.0,1.0,1.0,1.0,1.0,0.0
18,1.0,1.0,1.0,1.0,1.0,0.0
19,1.0,1.0,1.0,1.0,1.0,0.0
22,1.0,1.0,1.0,1.0,1.0,0.0
23,1.0,1.0,1.0,1.0,1.0,0.0
24,1.0,1.0,1.0,1.0,1.0,0.0
25,1.0,1.0,1.0,1.0,1.0,0.0
26,1.0,1.0,1.0,1.0,1.0,0.0
27,1.0,1.0,1.0,1.0,1.0,0.0
28,1.0,1.0,1.0,1.0,1.0,0.0
31,1.0,1.0,1.0,1.0,1.0,0.0
32,1.0,1.0,1.0,1.0,1.0,0.0
33,1.0,1.0,1.0,1.0,1.0,0.0
34,1.0,1.0,1.0,1.0,1.0,0.0
35,1.0,1.0,1.0,1.0,1.0,0.0
36,1.0,1.0,1.0,1.0,1.0,0.0
38,1.0,1.0,1.0,1.0,1.0,0.0
39,1.0,1.0,1.0,1.0,1.0,0.0
42,1.0,1.0,1.0,1.0,1.0,0.0
43,1.0,1.0,1.0,1.0,1.0,0.0
44,1.0,1.0,1.0,1.0,1.0,0.0
45,1.0,1.0,1.0,1.0,1.0,0.0
47,1.0,1.0,1.0,1.0,1.0,0.0
49,1.0,1.0,1.0,1.0,1.0,0.0
50,1.0,1.0,1.0,1.0,1.0,0.0
51,1.0,1.0,1.0,1.0,1.0,0.0
52,1.0,1.0,1.0,1.0,1.0,0.0
53,1.0,1.0,1.0,1.0,1.0,0.0
54,1.0,1.0,1.0,1.0,1.0,0.0
56,1.0,1.0,1.0,1.0,1.0,0.0
57,1.0,1.0,1.0,1.0,1.0,0.0
58,0.8,0.5270462766947299,0.28571428571428575,0.2222222222222222,0.4166666666666667,0.5
59,1.0,1.0,1.0,1.0,1.0,0.0
60,1.0,1.0,1.0,1.0,1.0,0.0
62,1.0,1.0,1.0,1.0,1.0,0.0
63,1.0,1.0,1.0,1.0,1.0,0.0
64,1.0,1.0,1.0,1.0,1.0,0.0
65,1.0,1.0,1.0,1.0,1.0,0.0
67,1.0,1.0,1.0,1.0,1.0,0.0
68,1.0,1.0,1.0,1.0,1.0,0.0
69,1.0,1.0,1.0,1.0,1.0,0.0
70,1.0,1.0,1.0,1.0,1.0,0.0
71,1.0,1.0,1.0,1.0,1.0,0.0
72,0.8,0.5270462766947299,0.28571428571428575,0.2222222222222222,0.4166666666666667,0.5
73,0.8,0.5270462766947299,0.28571428571428575,0.2222222222222222,0.4166666666666667,0.5
74,0.0,0.0,0.0,0.0,0.0,0.0
75,0.0,0.0,0.0,0.0,0.0,0.0
77,0.8,0.5270462766947299,0.28571428571428575,0.2222222222222222,0.4166666666666667,0.5
79,1.0,1.0,1.0,1.0,1.0,0.0
81,1.0,1.0,1.0,1.0,1.0,0.0
83,1.0,1.0,1.0,1.0,1.0,0.0
85,1.0,1.0,1.0,1.0,1.0,0.0
86,1.0,1.0,1.0,1.0,1.0,0.0
87,0.8,0.74535599249993,0.5714285714285715,0.4444444444444444,0.6666666666666667,1.0
88,0.8,0.74535599249993,0.5714285714285715,0.4444444444444444,0.6666666666666667,1.0
90,1.0,1.0,1.0,1.0,1.0,0.0
91,1.0,1.0,1.0,1.0,1.0,0.0
92,1.0,1.0,1.0,1.0,1.0,0.0
94,1.0,1.0,1.0,1.0,1.0,0.0
95,1.0,1.0,1.0,1.0,1.0,0.0
96,1.0,1.0,1.0,1.0,1.0,0.0
97,1.0,1.0,1.0,1.0,1.0,0.0
99,1.0,1.0,1.0,1.0,1.0,0.0
100,1.0,1.0,1.0,1.0,1.0,0.0
102,1.0,1.0,1.0,1.0,1.0,0.0
105,1.0,1.0,1.0,1.0,1.0,0.0
106,1.0,1.0,1.0,1.0,1.0,0.0
107,1.0,1.0,1.0,1.0,1.0,0.0
108,1.0,1.0,1.0,1.0,1.0,0.0
109,1.0,1.0,1.0,1.0,1.0,0.0
111,1.0,1.0,1.0,1.0,1.0,0.0
112,1.0,1.0,1.0,1.0,1.0,0.0
113,1.0,1.0,1.0,1.0,1.0,0.0
114,1.0,1.0,1.0,1.0,1.0,0.0
115,1.0,1.0,1.0,1.0,1.0,0.0
116,1.0,1.0,1.0,1.0,1.0,0.0
117,1.0,1.0,1.0,1.0,1.0,0.0
118,1.0,1.0,1.0,1.0,1.0,0.0
119,1.0,1.0,1.0,1.0,1.0,0.0
120,1.0,1.0,1.0,1.0,1.0,0.0
121,1.0,1.0,1.0,1.0,1.0,0.0
122,1.0,1.0,1.0,1.0,1.0,0.0
