7,0.4017857142857144,0.8819776506526265,0.9599999999999999,0.75,0.8,0.0
8,0.4017857142857144,0.8819776506526265,0.9599999999999999,0.75,0.8,0.0
9,0.4017857142857144,0.8819776506526265,0.9599999999999999,0.75,0.8,0.0
10,0.4017857142857144,0.8819776506526265,0.9599999999999999,0.75,0.8,0.0
11,0.4017857142857144,0.8819776506526265,0.9599999999999999,0.75,0.8,0.0
13,0.4017857142857144,0.8819776506526265,0.9599999999999999,0.75,0.8,0.0
16,0.4017857142857144,0.8819776506526265,0.9599999999999999,0.75,0.8,0.0
17,0.4017857142857144,0.8819776506526265,0.9599999999999999,0.75,0.8,0.0
19,0.4017857142857144,0.8819776506526265,0.9599999999999999,0.75,0.8,0.0
20,0.4017857142857144,0.8819776506526265,0.9599999999999999,0.75,0.8,0.0
21,0.4017857142857144,0.8819776506526265,0.9599999999999999,0.75,0.8,0.0
22,0.4017857142857144,0.8819776506526265,0.9599999999999999,0.75,0.8,0.0
23,0.4017857142857144,0.8819776506526265,0.9599999999999999,0.75,0.8,0.0
25,0.4017857142857144,0.8819776506526265,0.9599999999999999,0.75,0.8,0.0
26,1.0,1.0,1.0,1.0,1.0,1.0
27,0.0,0.0,0.0,0.0,0.0,0.4285714285714288
30,0.4017857142857144,0.8819776506526265,0.9599999999999999,0.75,0.8,0.0
31,0.4017857142857144,0.8819776506526265,0.9599999999999999,0.75,0.8,0.0
32,0.4017857142857144,0.8819776506526265,0.9599999999999999,0.75,0.8,0.0
