3,0.90625,0.9013878188659972,0.6470588235294119,0.8064516129032258,0.8125,0.24999999999999978
5,0.90625,0.9013878188659972,0.6470588235294119,0.8064516129032258,0.8125,0.24999999999999978
7,0.8787878787878788,0.874474632195206,0.5294117647058825,0.7575757575757576,0.7647058823529411,0.0
10,0.8787878787878788,0.874474632195206,0.5294117647058825,0.7575757575757576,0.7647058823529411,0.0
12,0.8787878787878788,0.874474632195206,0.5294117647058825,0.7575757575757576,0.7647058823529411,0.0
13,0.8787878787878788,0.874474632195206,0.5294117647058825,0.7575757575757576,0.7647058823529411,0.0
15,0.8787878787878788,0.874474632195206,0.5294117647058825,0.7575757575757576,0.7647058823529411,0.0
17,0.8787878787878788,0.874474632195206,0.5294117647058825,0.7575757575757576,0.7647058823529411,0.0
18,0.8787878787878788,0.874474632195206,0.5294117647058825,0.7575757575757576,0.7647058823529411,0.0
20,0.8787878787878788,0.874474632195206,0.5294117647058825,0.7575757575757576,0.7647058823529411,0.0
22,1.0,1.0,1.0,1.0,1.0,1.0
26,0.90625,0.9013878188659972,0.6470588235294119,0.8064516129032258,0.8125,0.24999999999999978
27,0.90625,0.9013878188659972,0.6470588235294119,0.8064516129032258,0.8125,0.24999999999999978
28,0.90625,0.9013878188659972,0.6470588235294119,0.8064516129032258,0.8125,0.24999999999999978
31,0.8787878787878788,0.874474632195206,0.5294117647058825,0.7575757575757576,0.7647058823529411,0.0
32,1.0,1.0,1.0,1.0,1.0,1.0
34,0.0,0.0,0.0,0.0,0.0,1.0
36,0.8787878787878788,0.874474632195206,0.5294117647058825,0.7575757575757576,0.7647058823529411,0.0
