3,0.0,0.0,0.0,0.0,0.0,0.0
6,0.0,0.0,0.0,0.0,0.0,0.0
7,0.0,0.0,0.0,0.0,0.0,0.0
8,0.0,0.0,0.0,0.0,0.0,0.0
9,0.0,0.0,0.0,0.0,0.0,0.0
10,0.0,0.0,0.0,0.0,0.0,0.0
11,0.0,0.0,0.0,0.0,0.0,0.0
12,0.0,0.0,0.0,0.0,0.0,0.0
13,0.8235294117647058,1.0,1.0,1.0,1.0,0.0
16,0.8235294117647058,1.0,1.0,1.0,1.0,0.0
17,0.8235294117647058,1.0,1.0,1.0,1.0,0.0
18,0.8235294117647058,1.0,1.0,1.0,1.0,0.0
19,0.8235294117647058,1.0,1.0,1.0,1.0,0.0
21,0.8235294117647058,1.0,1.0,1.0,1.0,0.0
23,0.9999999999999998,0.5763951812417221,0.2756467439785905,0.3090909090909091,0.4685314685314686,0.5999999999999995
25,0.7724137931034482,0.8255303252237037,0.7243532560214093,0.6683046683046684,0.7988077496274217,0.5999999999999993
27,1.0,0.470624694747083,0.18376449598572703,0.19941348973607037,0.3292383292383293,0.3999999999999998
30,0.7179487179487178,0.6889240109025893,0.5405887600356823,0.4755244755244756,0.6411483253588517,1.0
31,0.8235294117647058,1.0,1.0,1.0,1.0,0.0
