3,0.8571428571428572,0.8563488385776752,0.6666666666666666,0.7142857142857142,0.7333333333333333,0.0
5,0.8571428571428572,0.8563488385776752,0.6666666666666666,0.7142857142857142,0.7333333333333333,0.0
6,0.8571428571428572,0.8563488385776752,0.6666666666666666,0.7142857142857142,0.7333333333333333,0.0
7,0.8571428571428572,0.8563488385776752,0.6666666666666666,0.7142857142857142,0.7333333333333333,0.0
9,0.8571428571428572,0.8563488385776752,0.6666666666666666,0.7142857142857142,0.7333333333333333,0.0
10,0.8571428571428572,0.8563488385776752,0.6666666666666666,0.7142857142857142,0.7333333333333333,0.0
11,0.8571428571428572,0.8563488385776752,0.6666666666666666,0.7142857142857142,0.7333333333333333,0.0
13,0.8571428571428572,0.8563488385776752,0.6666666666666666,0.7142857142857142,0.7333333333333333,0.0
15,1.0,1.0,1.0,1.0,1.0,0.5714285714285714
16,1.0,1.0,1.0,1.0,1.0,0.5714285714285714
17,1.0,1.0,1.0,1.0,1.0,0.5714285714285714
18,1.0,1.0,1.0,1.0,1.0,0.5714285714285714
20,0.0,0.0,0.0,0.0,0.0,1.0
22,0.0,0.0,0.25,0.0,0.0,0.5714285714285714
23,0.0,0.0,0.25,0.0,0.0,0.5714285714285714
24,0.0,0.0,0.25,0.0,0.0,0.5714285714285714
28,0.0,0.0,0.08333333333333331,0.0,0.0,0.8571428571428571
29,0.0,0.0,0.08333333333333331,0.0,0.0,0.8571428571428571
31,0.0,0.0,0.0,0.0,0.0,1.0
34,1.0,1.0,1.0,1.0,1.0,0.5714285714285714
35,1.0,1.0,1.0,1.0,1.0,0.5714285714285714
36,1.0,1.0,1.0,1.0,1.0,0.5714285714285714
39,0.0,0.0,0.25,0.0,0.0,0.5714285714285714
40,0.8571428571428572,0.8563488385776752,0.6666666666666666,0.7142857142857142,0.7333333333333333,0.0
