5,0,1.0,1.0,1.0,1.0,1.0
9,0,1.0,1.0,1.0,1.0,1.0
11,0,1.0,1.0,1.0,1.0,1.0
12,0,1.0,1.0,1.0,1.0,1.0
14,0,1.0,1.0,1.0,1.0,1.0
15,0,1.0,1.0,1.0,1.0,1.0
16,0,0.6989721860540106,0.6666666666666666,0.3661971830985915,0.6666666666666666,0.6666666666666666
17,0,0.8526258954231697,0.8333333333333334,0.9154929577464789,0.8333333333333335,0.8333333333333335
18,0,0.0,0.0,0.0,0.0,0.0
20,0,0.6989721860540106,0.6666666666666666,0.3661971830985915,0.6666666666666666,0.6666666666666666
23,0,1.0,1.0,1.0,1.0,1.0
24,0,1.0,1.0,1.0,1.0,1.0
25,0,0.6989721860540106,0.6666666666666666,0.3661971830985915,0.6666666666666666,0.6666666666666666
26,0,0.0,0.0,0.0,0.0,0.0
28,0,0.6989721860540106,0.6666666666666666,0.3661971830985915,0.6666666666666666,0.6666666666666666
29,0,0.19032696442733266,0.16666666666666666,0.036619718309859155,0.1666666666666668,0.1666666666666668
32,0,1.0,1.0,1.0,1.0,1.0
33,0,0.6989721860540106,0.6666666666666666,0.3661971830985915,0.6666666666666666,0.6666666666666666
36,0,1.0,1.0,1.0,1.0,1.0
38,0,1.0,1.0,1.0,1.0,1.0
