4,1.0,1.0,1.0,1.0,1.0,1.0
6,1.0,1.0,1.0,1.0,1.0,1.0
7,0.0,0.0,0.0,0.0,0.0,0.0
9,1.0,1.0,1.0,1.0,1.0,1.0
13,0.931818181818182,0.9468641529479987,0.9788732394366197,0.8636363636363636,0.8965517241379312,0.0
15,0.931818181818182,0.9468641529479987,0.9788732394366197,0.8636363636363636,0.8965517241379312,0.0
19,0.931818181818182,0.9468641529479987,0.9788732394366197,0.8636363636363636,0.8965517241379312,0.0
20,0.931818181818182,0.9468641529479987,0.9788732394366197,0.8636363636363636,0.8965517241379312,0.0
22,0.931818181818182,0.9468641529479987,0.9788732394366197,0.8636363636363636,0.8965517241379312,0.0
24,0.931818181818182,0.9468641529479987,0.9788732394366197,0.8636363636363636,0.8965517241379312,0.0
26,0.931818181818182,0.9468641529479987,0.9788732394366197,0.8636363636363636,0.8965517241379312,0.0
27,0.931818181818182,0.9468641529479987,0.9788732394366197,0.8636363636363636,0.8965517241379312,0.0
28,0.931818181818182,0.9468641529479987,0.9788732394366197,0.8636363636363636,0.8965517241379312,0.0
29,0.931818181818182,0.9468641529479987,0.9788732394366197,0.8636363636363636,0.8965517241379312,0.0
30,0.931818181818182,0.9468641529479987,0.9788732394366197,0.8636363636363636,0.8965517241379312,0.0
32,0.931818181818182,0.9468641529479987,0.9788732394366197,0.8636363636363636,0.8965517241379312,0.0
33,1.0,1.0,1.0,1.0,1.0,1.0
37,0.931818181818182,0.9468641529479987,0.9788732394366197,0.8636363636363636,0.8965517241379312,0.0
38,1.0,1.0,1.0,1.0,1.0,1.0
39,0.9800796812749005,0.9113306281220485,0.8521126760563381,0.9047619047619048,0.9285714285714286,0.6190476190476188
41,1.0,1.0,1.0,1.0,1.0,1.0
42,1.0,1.0,1.0,1.0,1.0,1.0
46,0.931818181818182,0.9468641529479987,0.9788732394366197,0.8636363636363636,0.8965517241379312,0.0
47,0.8601398601398602,0.5840444090307831,0.4084507042253521,0.5428571428571429,0.6190476190476191,0.5238095238095241
48,0.8200000000000002,0.4607004427599171,0.26760563380281693,0.41758241758241765,0.49523809523809526,0.5714285714285716
53,0.931818181818182,0.9468641529479987,0.9788732394366197,0.8636363636363636,0.8965517241379312,0.0
55,0.931818181818182,0.9468641529479987,0.9788732394366197,0.8636363636363636,0.8965517241379312,0.0
