3,0.2159090909090912,0.7752191361881904,0.9444444444444444,0.5227272727272728,0.5750000000000001,0.0
6,0.2159090909090912,0.7752191361881904,0.9444444444444444,0.5227272727272728,0.5750000000000001,0.0
7,0.2159090909090912,0.7752191361881904,0.9444444444444444,0.5227272727272728,0.5750000000000001,0.0
8,0.2159090909090912,0.7752191361881904,0.9444444444444444,0.5227272727272728,0.5750000000000001,0.0
10,0.2159090909090912,0.7752191361881904,0.9444444444444444,0.5227272727272728,0.5750000000000001,0.0
11,0.2159090909090912,0.7752191361881904,0.9444444444444444,0.5227272727272728,0.5750000000000001,0.0
12,0.2159090909090912,0.7752191361881904,0.9444444444444444,0.5227272727272728,0.5750000000000001,0.0
13,0.673758865248227,0.7739249640792923,0.7870370370370371,0.6911764705882353,0.7343750000000002,0.5416666666666666
14,0.2159090909090912,0.7752191361881904,0.9444444444444444,0.5227272727272728,0.5750000000000001,0.0
15,0.24836601307189557,0.6607677269999741,0.7592592592592592,0.475,0.5277777777777777,0.04166666666666663
16,0.2159090909090912,0.7752191361881904,0.9444444444444444,0.5227272727272728,0.5750000000000001,0.0
17,1.0,1.0,1.0,1.0,1.0,1.0
18,0.2159090909090912,0.7752191361881904,0.9444444444444444,0.5227272727272728,0.5750000000000001,0.0
19,1.0,1.0,1.0,1.0,1.0,1.0
20,0.2159090909090912,0.7752191361881904,0.9444444444444444,0.5227272727272728,0.5750000000000001,0.0
21,0.0,0.0,0.0,0.0,0.0,0.1250000000000001
22,0.0,0.0,0.0,0.0,0.0,0.1250000000000001
26,0.3551401869158886,0.40743029274016423,0.3888888888888889,0.34375000000000006,0.3928571428571428,0.1249999999999999
27,0.3551401869158886,0.40743029274016423,0.3888888888888889,0.34375000000000006,0.3928571428571428,0.1249999999999999
