9,0.09999999999999994,0.8423820301739774,0.875,1.0,0.7916666666666666,0.0
12,0.09999999999999994,0.8423820301739774,0.875,1.0,0.7916666666666666,0.0
14,0.09999999999999994,0.8423820301739774,0.875,1.0,0.7916666666666666,0.0
15,0.09999999999999994,0.8423820301739774,0.875,1.0,0.7916666666666666,0.0
16,0.09999999999999994,0.8423820301739774,0.875,1.0,0.7916666666666666,0.0
17,0.09999999999999994,0.8423820301739774,0.875,1.0,0.7916666666666666,0.0
18,1.0,1.0,1.0,1.0,1.0,1.0
19,1.0,1.0,1.0,1.0,1.0,1.0
20,0.09999999999999994,0.8423820301739774,0.875,1.0,0.7916666666666666,0.0
21,0.09999999999999994,0.8423820301739774,0.875,1.0,0.7916666666666666,0.0
23,0.09999999999999994,0.8423820301739774,0.875,1.0,0.7916666666666666,0.0
24,0.09999999999999994,0.8423820301739774,0.875,1.0,0.7916666666666666,0.0
25,0.0,0.6381966011250105,0.625,0.3684210526315789,0.5833333333333333,0.19999999999999996
26,0.0,0.6381966011250105,0.625,0.3684210526315789,0.5833333333333333,0.19999999999999996
27,0.0,0.6381966011250105,0.625,0.3684210526315789,0.5833333333333333,0.19999999999999996
28,0.0,0.6381966011250105,0.625,0.3684210526315789,0.5833333333333333,0.19999999999999996
29,0.0,0.6381966011250105,0.625,0.3684210526315789,0.5833333333333333,0.19999999999999996
30,1.0,0.0,0.0,0.0,0.0,0.2
33,0.09999999999999994,0.8423820301739774,0.875,1.0,0.7916666666666666,0.0
