2,0.8055555555555556,0.7947194142390261,0.5333333333333333,0.611111111111111,0.631578947368421,0.0
4,0.8055555555555556,0.7947194142390261,0.5333333333333333,0.611111111111111,0.631578947368421,0.0
6,0.8055555555555556,0.7947194142390261,0.5333333333333333,0.611111111111111,0.631578947368421,0.0
8,0.8055555555555556,0.7947194142390261,0.5333333333333333,0.611111111111111,0.631578947368421,0.0
9,0.8055555555555556,0.7947194142390261,0.5333333333333333,0.611111111111111,0.631578947368421,0.0
11,0.8055555555555556,0.7947194142390261,0.5333333333333333,0.611111111111111,0.631578947368421,0.0
12,0.8055555555555556,0.7947194142390261,0.5333333333333333,0.611111111111111,0.631578947368421,0.0
13,1.0,1.0,1.0,1.0,1.0,0.9999999999999999
15,0.0,0.0,0.0,0.0,0.0,1.0
16,0.8055555555555556,0.7947194142390261,0.5333333333333333,0.611111111111111,0.631578947368421,0.0
