2,0.84375,1.0,1.0,0.75,0.7647058823529411,0.0
4,0.84375,1.0,1.0,0.75,0.7647058823529411,0.0
5,0.84375,1.0,1.0,0.75,0.7647058823529411,0.0
6,0.84375,1.0,1.0,0.75,0.7647058823529411,0.0
7,0.84375,1.0,1.0,0.75,0.7647058823529411,0.0
8,0.84375,1.0,1.0,0.75,0.7647058823529411,0.0
9,0.84375,1.0,1.0,0.75,0.7647058823529411,0.0
10,1.0,0.8416254115301733,0.7391304347826086,1.0,1.0,0.4166666666666667
14,0.7297297297297298,0.6215815605080611,0.5217391304347826,0.5454545454545455,0.5652173913043478,0.4166666666666667
15,0.7297297297297298,0.6215815605080611,0.5217391304347826,0.5454545454545455,0.5652173913043478,0.4166666666666667
16,0.75,0.6362090102803518,0.5434782608695652,0.5714285714285714,0.5909090909090909,0.3333333333333333
17,0.75,0.6362090102803518,0.5434782608695652,0.5714285714285714,0.5909090909090909,0.3333333333333333
19,0.0,0.0,0.0,0.0,0.0,1.0
20,0.0,0.0,0.2391304347826087,0.0,0.0,0.08333333333333333
21,0.0,0.0,0.2391304347826087,0.0,0.0,0.08333333333333333
23,0.0,0.0,0.0,0.0,0.0,1.0
24,0.7297297297297298,0.6215815605080611,0.5217391304347826,0.5454545454545455,0.5652173913043478,0.4166666666666667
25,0.75,0.6362090102803518,0.5434782608695652,0.5714285714285714,0.5909090909090909,0.3333333333333333
26,0.0,0.0,0.2391304347826087,0.0,0.0,0.08333333333333333
27,0.0,0.0,0.2391304347826087,0.0,0.0,0.08333333333333333
30,0.84375,1.0,1.0,0.75,0.7647058823529411,0.0
