2,0.7374213836477986,0.9821309554688284,1.0,0.7540245802319543,0.78560338743825,0.0
4,0.7374213836477986,0.9821309554688284,1.0,0.7540245802319543,0.78560338743825,0.0
6,0.7374213836477986,0.9821309554688284,1.0,0.7540245802319543,0.78560338743825,0.0
8,0.7374213836477986,0.9821309554688284,1.0,0.7540245802319543,0.78560338743825,0.0
10,0.7374213836477986,0.9821309554688284,1.0,0.7540245802319543,0.78560338743825,0.0
11,0.7374213836477986,0.9821309554688284,1.0,0.7540245802319543,0.78560338743825,0.0
12,0.7374213836477986,0.9821309554688284,1.0,0.7540245802319543,0.78560338743825,0.0
13,0.7374213836477986,0.9821309554688284,1.0,0.7540245802319543,0.78560338743825,0.0
14,0.7374213836477986,0.9821309554688284,1.0,0.7540245802319543,0.78560338743825,0.0
15,0.7374213836477986,0.9821309554688284,1.0,0.7540245802319543,0.78560338743825,0.0
16,0.7374213836477986,0.9821309554688284,1.0,0.7540245802319543,0.78560338743825,0.0
17,0.7374213836477986,0.9821309554688284,1.0,0.7540245802319543,0.78560338743825,0.0
18,0.7374213836477986,0.9821309554688284,1.0,0.7540245802319543,0.78560338743825,0.0
19,0.7374213836477986,0.9821309554688284,1.0,0.7540245802319543,0.78560338743825,0.0
20,0.7374213836477986,0.9821309554688284,1.0,0.7540245802319543,0.78560338743825,0.0
26,0.7374213836477986,0.9821309554688284,1.0,0.7540245802319543,0.78560338743825,0.0
27,0.0,0.0,0.0,0.0,0.0,0.9999999999999996
28,1.0,1.0,0.8241106719367589,1.0,1.0,1.0
29,0.83736406427528,0.4275814171782861,0.2193675889328063,0.46788990825688065,0.5124508519003932,0.1639344262295081
30,0.7374213836477986,0.9821309554688284,1.0,0.7540245802319543,0.78560338743825,0.0
