3,0.5850980392156868,1.0,1.0,1.0,1.0,0.0
7,0.5850980392156868,1.0,1.0,1.0,1.0,0.0
8,0.5850980392156868,1.0,1.0,1.0,1.0,0.0
9,0.5850980392156868,1.0,1.0,1.0,1.0,0.0
11,0.5850980392156868,1.0,1.0,1.0,1.0,0.0
12,0.5850980392156868,1.0,1.0,1.0,1.0,0.0
14,0.5850980392156868,1.0,1.0,1.0,1.0,0.0
15,0.5850980392156868,1.0,1.0,1.0,1.0,0.0
16,0.5850980392156868,1.0,1.0,1.0,1.0,0.0
17,0.5850980392156868,1.0,1.0,1.0,1.0,0.0
19,0.5850980392156868,1.0,1.0,1.0,1.0,0.0
20,0.5850980392156868,1.0,1.0,1.0,1.0,0.0
22,0.5850980392156868,1.0,1.0,1.0,1.0,0.0
24,0.5850980392156868,1.0,1.0,1.0,1.0,0.0
25,0.0,0.4073616537774446,0.4838709677419355,0.2788732394366196,0.3802816901408454,1.0
27,0.5850980392156868,1.0,1.0,1.0,1.0,0.0
29,0.5850980392156868,1.0,1.0,1.0,1.0,0.0
30,0.7331607459609765,0.3346326585229953,0.25806451612903225,0.24346076458752516,0.33802816901408483,0.20454545454545445
32,0.5850980392156868,1.0,1.0,1.0,1.0,0.0
34,0.5850980392156868,1.0,1.0,1.0,1.0,0.0
35,0.30473856209150363,0.7101749455796129,0.7419354838709677,0.5839653304442035,0.6901408450704224,0.49999999999999967
37,0.44777911164465806,0.8566179426481034,0.8709677419354839,0.7746478873239435,0.8450704225352111,0.25000000000000017
39,0.5850980392156868,1.0,1.0,1.0,1.0,0.0
40,0.551285840969554,0.16968317280953812,0.12903225806451613,0.11361502347417834,0.1690140845070421,0.04545454545454574
42,0.5850980392156868,1.0,1.0,1.0,1.0,0.0
43,1.0,0.26086956521739085,0.13978494623655943,0.1844399731723676,0.2640845070422536,0.5227272727272725
44,0.5850980392156868,1.0,1.0,1.0,1.0,0.0
45,0.3590717940923147,0.0,0.0,0.0,0.0,0.2954545454545452
47,0.44777911164465806,0.8566179426481034,0.8709677419354839,0.7746478873239435,0.8450704225352111,0.25000000000000017
50,0.5850980392156868,1.0,1.0,1.0,1.0,0.0
