6,0.9638554216867471,1.0,1.0,0.9909638554216867,0.9916666666666667,0.0
13,0.9638554216867471,1.0,1.0,0.9909638554216867,0.9916666666666667,0.0
22,0.9638554216867471,1.0,1.0,0.9909638554216867,0.9916666666666667,0.0
23,0.9638554216867471,1.0,1.0,0.9909638554216867,0.9916666666666667,0.0
24,0.9638554216867471,1.0,1.0,0.9909638554216867,0.9916666666666667,0.0
25,0.0,0.0,0.0,0.0,0.0,0.0
28,0.9638554216867471,1.0,1.0,0.9909638554216867,0.9916666666666667,0.0
29,0.9638554216867471,1.0,1.0,0.9909638554216867,0.9916666666666667,0.0
30,0.9195402298850576,0.6273643326097712,0.42178217821782177,0.8197674418604651,0.8315217391304348,0.18320610687022917
31,0.9195402298850576,0.6273643326097712,0.42178217821782177,0.8197674418604651,0.8315217391304348,0.18320610687022917
33,0.8324661810613945,0.743796572679239,0.6772277227722772,0.734375,0.75,1.0
34,1.0,0.7824607964359516,0.5782178217821783,1.0,1.0,0.18320610687022867
38,0.9638554216867471,1.0,1.0,0.9909638554216867,0.9916666666666667,0.0
