4,0.875,0.8717797887081349,0.5384615384615385,0.75,0.76,0.0
5,0.875,0.8717797887081349,0.5384615384615385,0.75,0.76,0.0
6,0.875,0.8717797887081349,0.5384615384615385,0.75,0.76,0.0
7,0.875,0.8717797887081349,0.5384615384615385,0.75,0.76,0.0
8,0.875,0.8717797887081349,0.5384615384615385,0.75,0.76,0.0
11,0.875,0.8717797887081349,0.5384615384615385,0.75,0.76,0.0
12,0.875,0.8717797887081349,0.5384615384615385,0.75,0.76,0.0
17,0.875,0.8717797887081349,0.5384615384615385,0.75,0.76,0.0
18,0.875,0.8717797887081349,0.5384615384615385,0.75,0.76,0.0
21,0.875,0.8717797887081349,0.5384615384615385,0.75,0.76,0.0
23,1.0,1.0,1.0,1.0,1.0,1.0
24,1.0,1.0,1.0,1.0,1.0,1.0
26,1.0,1.0,1.0,1.0,1.0,1.0
30,0.0,0.0,0.0,0.0,0.0,1.0
31,0.0,0.0,0.15384615384615383,0.0,0.0,0.6666666666666666
32,0.0,0.0,0.15384615384615383,0.0,0.0,0.6666666666666666
34,0.9545454545454545,0.951189731211342,0.846153846153846,0.9000000000000001,0.9047619047619048,0.6666666666666665
35,0.9545454545454545,0.951189731211342,0.846153846153846,0.9000000000000001,0.9047619047619048,0.6666666666666665
