11,0.5,1.0,1.0,1.0,1.0,0.0
13,0.5,1.0,1.0,1.0,1.0,0.0
16,0.5,1.0,1.0,1.0,1.0,0.0
17,0.5,1.0,1.0,1.0,1.0,0.0
19,0.5,1.0,1.0,1.0,1.0,0.0
20,0.4814814814814815,0.9590244476323129,0.925,0.619047619047619,0.9285714285714286,0.1428571428571428
21,0.4814814814814815,0.9590244476323129,0.925,0.619047619047619,0.9285714285714286,0.1428571428571428
22,0.4615384615384615,0.916324257985455,0.85,0.42857142857142855,0.8571428571428571,0.2857142857142858
23,0.4615384615384615,0.916324257985455,0.85,0.42857142857142855,0.8571428571428571,0.2857142857142858
24,0.4615384615384615,0.916324257985455,0.85,0.42857142857142855,0.8571428571428571,0.2857142857142858
25,0.36363636363636365,0.722806322324201,0.5499999999999999,0.14285714285714285,0.5714285714285714,0.8571428571428572
26,0.3333333333333333,0.6666666666666666,0.475,0.11111111111111112,0.5,1.0
27,1.0,0.28571428571428575,0.075,0.01098901098901099,0.08163265306122448,0.14285714285714285
28,1.0,0.28571428571428575,0.075,0.01098901098901099,0.08163265306122448,0.14285714285714285
31,1.0,0.28571428571428575,0.075,0.01098901098901099,0.08163265306122448,0.14285714285714285
32,1.0,0.28571428571428575,0.075,0.01098901098901099,0.08163265306122448,0.14285714285714285
33,1.0,0.28571428571428575,0.075,0.01098901098901099,0.08163265306122448,0.14285714285714285
34,1.0,0.28571428571428575,0.075,0.01098901098901099,0.08163265306122448,0.14285714285714285
39,0.4814814814814815,0.9590244476323129,0.925,0.619047619047619,0.9285714285714286,0.1428571428571428
40,1.0,0.28571428571428575,0.075,0.01098901098901099,0.08163265306122448,0.14285714285714285
41,1.0,0.28571428571428575,0.075,0.01098901098901099,0.08163265306122448,0.14285714285714285
42,1.0,0.28571428571428575,0.075,0.01098901098901099,0.08163265306122448,0.14285714285714285
43,1.0,0.28571428571428575,0.075,0.01098901098901099,0.08163265306122448,0.14285714285714285
46,0.5,1.0,1.0,1.0,1.0,0.0
47,1.0,0.28571428571428575,0.075,0.01098901098901099,0.08163265306122448,0.14285714285714285
48,1.0,0.28571428571428575,0.075,0.01098901098901099,0.08163265306122448,0.14285714285714285
49,1.0,0.28571428571428575,0.075,0.01098901098901099,0.08163265306122448,0.14285714285714285
50,1.0,0.28571428571428575,0.075,0.01098901098901099,0.08163265306122448,0.14285714285714285
53,0.5,1.0,1.0,1.0,1.0,0.0
54,0.0,0.0,0.0,0.0,0.0,0.0
55,0.5,1.0,1.0,1.0,1.0,0.0
