4,0.12360446570972922,0.9842212838053458,1.0,0.16267942583732056,0.16851441241685136,0.0
7,0.12360446570972922,0.9842212838053458,1.0,0.16267942583732056,0.16851441241685136,0.0
9,0.12360446570972922,0.9842212838053458,1.0,0.16267942583732056,0.16851441241685136,0.0
10,0.12360446570972922,0.9842212838053458,1.0,0.16267942583732056,0.16851441241685136,0.0
12,0.12360446570972922,0.9842212838053458,1.0,0.16267942583732056,0.16851441241685136,0.0
14,0.12360446570972922,0.9842212838053458,1.0,0.16267942583732056,0.16851441241685136,0.0
15,0.12360446570972922,0.9842212838053458,1.0,0.16267942583732056,0.16851441241685136,0.0
17,0.12360446570972922,0.9842212838053458,1.0,0.16267942583732056,0.16851441241685136,0.0
18,0.12360446570972922,0.9842212838053458,1.0,0.16267942583732056,0.16851441241685136,0.0
19,0.12360446570972922,0.9842212838053458,1.0,0.16267942583732056,0.16851441241685136,0.0
22,0.12360446570972922,0.9842212838053458,1.0,0.16267942583732056,0.16851441241685136,0.0
23,0.12360446570972922,0.9842212838053458,1.0,0.16267942583732056,0.16851441241685136,0.0
24,1.0,1.0,0.6666666666666669,1.0,1.0,1.0
26,0.12360446570972922,0.9842212838053458,1.0,0.16267942583732056,0.16851441241685136,0.0
27,0.3969270166453272,0.0,0.0,0.11888111888111905,0.1233766233766233,0.17857142857142846
30,0.0,0.4526668834232776,0.4509803921568628,0.0,0.0,0.1785714285714287
32,0.0,0.4526668834232776,0.4509803921568628,0.0,0.0,0.1785714285714287
33,0.0,0.4526668834232776,0.4509803921568628,0.0,0.0,0.1785714285714287
34,0.0,0.4526668834232776,0.4509803921568628,0.0,0.0,0.1785714285714287
37,0.12360446570972922,0.9842212838053458,1.0,0.16267942583732056,0.16851441241685136,0.0
