4,0,1.0,1.0,1.0,1.0,1.0
8,0,1.0,1.0,1.0,1.0,1.0
9,0,1.0,1.0,1.0,1.0,1.0
11,0,1.0,1.0,1.0,1.0,1.0
12,0,1.0,1.0,1.0,1.0,1.0
13,0,0.31867145238907313,0.16216216216216217,0.005234760647457238,0.16216216216216214,0.16216216216216214
14,0,0.31867145238907313,0.16216216216216217,0.005234760647457238,0.16216216216216214,0.16216216216216214
18,0,0.8844690530627589,0.8108108108108109,0.11591255719369598,0.8108108108108107,0.8108108108108107
19,0,0.0,0.0,0.0,0.0,0.0
21,0,0.8669377730905661,0.7837837837837838,0.0980427046263345,0.7837837837837838,0.7837837837837838
22,0,0.8491117878259783,0.7567567567567568,0.0841439304072756,0.7567567567567568,0.7567567567567568
24,0,0.8844690530627589,0.8108108108108109,0.11591255719369598,0.8108108108108107,0.8108108108108107
