3,0.7142857142857143,1.0,1.0,0.5064935064935064,0.525,0.0
4,0.7142857142857143,1.0,1.0,0.5064935064935064,0.525,0.0
6,0.7142857142857143,1.0,1.0,0.5064935064935064,0.525,0.0
7,0.7142857142857143,1.0,1.0,0.5064935064935064,0.525,0.0
8,0.7142857142857143,1.0,1.0,0.5064935064935064,0.525,0.0
9,0.7142857142857143,1.0,1.0,0.5064935064935064,0.525,0.0
10,0.7142857142857143,1.0,1.0,0.5064935064935064,0.525,0.0
11,0.7142857142857143,1.0,1.0,0.5064935064935064,0.525,0.0
12,0.7142857142857143,1.0,1.0,0.5064935064935064,0.525,0.0
13,1.0,0.8606629658238704,0.5135135135135136,1.0,1.0,0.5238095238095237
14,0.625,0.7231015260621871,0.6378378378378378,0.38805970149253727,0.4057971014492754,0.5238095238095237
15,0.0,0.0,0.08648648648648648,0.0,0.0,0.42857142857142855
16,0.0,0.0,0.1135135135135135,0.0,0.0,0.25
18,0.0,0.0,0.12432432432432433,0.0,0.0,0.17857142857142855
20,0.6962025316455698,0.7968190728895957,0.7027027027027027,0.47272727272727266,0.49122807017543857,0.09523809523809537
21,0.6962025316455698,0.7968190728895957,0.7027027027027027,0.47272727272727266,0.49122807017543857,0.09523809523809537
22,0.6962025316455698,0.7968190728895957,0.7027027027027027,0.47272727272727266,0.49122807017543857,0.09523809523809537
23,0.7096774193548386,0.8114408259335794,0.7135135135135136,0.490566037735849,0.5090909090909091,0.02380952380952392
24,0.0,0.0,0.0,0.0,0.0,1.0
25,0.0,0.0,0.0,0.0,0.0,1.0
26,0.0,0.0,0.0,0.0,0.0,1.0
27,0.0,0.0,0.14054054054054052,0.0,0.0,0.07142857142857142
29,0.0,0.0,0.010810810810810818,0.0,0.0,0.9285714285714286
30,0.6962025316455698,0.7968190728895957,0.7027027027027027,0.47272727272727266,0.49122807017543857,0.09523809523809537
31,0.6832298136645962,0.5536365323582664,0.42162162162162165,0.4333333333333333,0.45161290322580644,0.08333333333333341
33,0.7096774193548386,0.5737753105492469,0.4324324324324325,0.46428571428571425,0.4827586206896552,0.01190476190476196
35,0.7142857142857143,1.0,1.0,0.5064935064935064,0.525,0.0
