11,0.8,0.8451542547285166,0.8333333333333333,0.6000000000000001,0.7142857142857142,0.0
16,0.8,0.8451542547285166,0.8333333333333333,0.6000000000000001,0.7142857142857142,0.0
17,0.8,0.8451542547285166,0.8333333333333333,0.6000000000000001,0.7142857142857142,0.0
18,0.8,0.8451542547285166,0.8333333333333333,0.6000000000000001,0.7142857142857142,0.0
19,0.8,0.8451542547285166,0.8333333333333333,0.6000000000000001,0.7142857142857142,0.0
20,0.8,0.8451542547285166,0.8333333333333333,0.6000000000000001,0.7142857142857142,0.0
21,1.0,1.0,1.0,1.0,1.0,0.6666666666666667
22,1.0,1.0,1.0,1.0,1.0,0.6666666666666667
23,1.0,1.0,1.0,1.0,1.0,0.6666666666666667
24,0.0,0.0,0.0,0.0,0.0,1.0
25,0.0,0.0,0.0,0.0,0.0,1.0
28,1.0,1.0,1.0,1.0,1.0,0.6666666666666667
29,1.0,1.0,1.0,1.0,1.0,0.6666666666666667
30,1.0,1.0,1.0,1.0,1.0,0.6666666666666667
33,0.8,0.8451542547285166,0.8333333333333333,0.6000000000000001,0.7142857142857142,0.0
34,0.8,0.8451542547285166,0.8333333333333333,0.6000000000000001,0.7142857142857142,0.0
35,0.8,0.8451542547285166,0.8333333333333333,0.6000000000000001,0.7142857142857142,0.0
36,0.8,0.8451542547285166,0.8333333333333333,0.6000000000000001,0.7142857142857142,0.0
37,0.8,0.8451542547285166,0.8333333333333333,0.6000000000000001,0.7142857142857142,0.0
38,0.8,0.8451542547285166,0.8333333333333333,0.6000000000000001,0.7142857142857142,0.0
40,0.8,0.8451542547285166,0.8333333333333333,0.6000000000000001,0.7142857142857142,0.0
41,0.8,0.8451542547285166,0.8333333333333333,0.6000000000000001,0.7142857142857142,0.0
42,0.8,0.8451542547285166,0.8333333333333333,0.6000000000000001,0.7142857142857142,0.0
43,0.8,0.8451542547285166,0.8333333333333333,0.6000000000000001,0.7142857142857142,0.0
44,0.8,0.8451542547285166,0.8333333333333333,0.6000000000000001,0.7142857142857142,0.0
45,0.8,0.8451542547285166,0.8333333333333333,0.6000000000000001,0.7142857142857142,0.0
48,0.8,0.8451542547285166,0.8333333333333333,0.6000000000000001,0.7142857142857142,0.0
