5,0,1.0,1.0,1.0,1.0,1.0
7,0,1.0,1.0,1.0,1.0,1.0
8,0,0.33510581126042116,0.25,0.04273504273504273,0.25,0.25
9,0,1.0,1.0,1.0,1.0,1.0
11,0,1.0,1.0,1.0,1.0,1.0
13,0,1.0,1.0,1.0,1.0,1.0
14,0,1.0,1.0,1.0,1.0,1.0
15,0,1.0,1.0,1.0,1.0,1.0
18,0,1.0,1.0,1.0,1.0,1.0
19,0,1.0,1.0,1.0,1.0,1.0
20,0,1.0,1.0,1.0,1.0,1.0
22,0,1.0,1.0,1.0,1.0,1.0
24,0,0.33510581126042116,0.25,0.04273504273504273,0.25,0.25
26,0,1.0,1.0,1.0,1.0,1.0
28,0,0.9071672140781054,0.875,0.8974358974358975,0.8749999999999999,0.8749999999999999
29,0,0.5922415440691261,0.5,0.1282051282051282,0.49999999999999994,0.49999999999999994
34,0,0.7045152121393896,0.625,0.2136752136752137,0.6249999999999999,0.6249999999999999
35,0,0.0,0.0,0.0,0.0,0.0
42,0,1.0,1.0,1.0,1.0,1.0
43,0,1.0,1.0,1.0,1.0,1.0
