2,0.18504901960784323,0.8947280302938824,1.0,0.26470588235294135,0.2702702702702705,0.0
3,0.18504901960784323,0.8947280302938824,1.0,0.26470588235294135,0.2702702702702705,0.0
5,0.18504901960784323,0.8947280302938824,1.0,0.26470588235294135,0.2702702702702705,0.0
6,0.18504901960784323,0.8947280302938824,1.0,0.26470588235294135,0.2702702702702705,0.0
7,0.18504901960784323,0.8947280302938824,1.0,0.26470588235294135,0.2702702702702705,0.0
8,0.18504901960784323,0.8947280302938824,1.0,0.26470588235294135,0.2702702702702705,0.0
9,0.18504901960784323,0.8947280302938824,1.0,0.26470588235294135,0.2702702702702705,0.0
10,0.16605571847507342,0.5031812394486103,0.5084745762711863,0.19950738916256175,0.20408163265306115,0.026315789473684115
11,0.16605571847507342,0.5031812394486103,0.5084745762711863,0.19950738916256175,0.20408163265306115,0.026315789473684115
13,0.0,0.0,0.0,0.0,0.0,0.21052631578947412
14,0.0,0.0,0.0,0.0,0.0,0.21052631578947412
15,0.0,0.0,0.0,0.0,0.0,0.21052631578947412
17,0.18504901960784323,0.8947280302938824,1.0,0.26470588235294135,0.2702702702702705,0.0
19,0.18504901960784323,0.8947280302938824,1.0,0.26470588235294135,0.2702702702702705,0.0
20,1.0,1.0,0.6186440677966101,1.0,1.0,1.0
21,0.18504901960784323,0.8947280302938824,1.0,0.26470588235294135,0.2702702702702705,0.0
22,0.18504901960784323,0.8947280302938824,1.0,0.26470588235294135,0.2702702702702705,0.0
