9,0,0,0.5,0,0,0.5
11,0,0,0.5,0,0,0.5
16,0,0,0.0,0,0,1.0
18,0,0,0.0,0,0,1.0
19,0,0,0.0,0,0,1.0
21,0,0,0.0,0,0,1.0
23,0,0,0.0,0,0,1.0
25,0,0,0.0,0,0,1.0
28,0,0,0.0,0,0,1.0
30,0,0,0.0,0,0,1.0
31,0,0,0.25000000000000006,0,0,0.75
32,0,0,0.25000000000000006,0,0,0.75
34,0,0,0.25000000000000006,0,0,0.75
35,0,0,0.25000000000000006,0,0,0.75
38,0,0,0.0,0,0,1.0
41,0,0,0.0,0,0,1.0
42,0,0,0.0,0,0,1.0
44,0,0,0.0,0,0,1.0
45,0,0,0.25000000000000006,0,0,0.75
47,0,0,0.25000000000000006,0,0,0.75
50,0,0,0.0,0,0,1.0
51,0,0,1.0,0,0,0.0
54,0,0,0.0,0,0,1.0
55,0,0,0.25000000000000006,0,0,0.75
56,0,0,0.5,0,0,0.5
58,0,0,0.5,0,0,0.5
62,0,0,0.0,0,0,1.0
63,0,0,0.5,0,0,0.5
65,0,0,0.5,0,0,0.5
67,0,0,0.5,0,0,0.5
70,0,0,0.0,0,0,1.0
72,0,0,0.0,0,0,1.0
73,0,0,0.0,0,0,1.0
75,0,0,0.0,0,0,1.0
77,0,0,0.0,0,0,1.0
80,0,0,0.0,0,0,1.0
