4,0.5,1.0,1.0,1.0,1.0,0.0
9,0.5,1.0,1.0,1.0,1.0,0.0
10,0.5,1.0,1.0,1.0,1.0,0.0
11,0.5,1.0,1.0,1.0,1.0,0.0
12,0.5,1.0,1.0,1.0,1.0,0.0
13,0.5,1.0,1.0,1.0,1.0,0.0
14,0.5,1.0,1.0,1.0,1.0,0.0
15,0.5,1.0,1.0,1.0,1.0,0.0
16,0.5,1.0,1.0,1.0,1.0,0.0
18,0.5,1.0,1.0,1.0,1.0,0.0
19,0.5,1.0,1.0,1.0,1.0,0.0
20,0.5,1.0,1.0,1.0,1.0,0.0
22,0.5,1.0,1.0,1.0,1.0,0.0
23,0.5,1.0,1.0,1.0,1.0,0.0
25,1.0,0.5590169943749475,0.27272727272727276,0.08333333333333333,0.3125,1.0
26,1.0,0.5590169943749475,0.27272727272727276,0.08333333333333333,0.3125,1.0
27,1.0,0.5590169943749475,0.27272727272727276,0.08333333333333333,0.3125,1.0
29,0.42857142857142855,0.8385254915624212,0.7272727272727273,0.375,0.7499999999999999,1.0
31,0.0,0.0,0.0,0.0,0.0,0.0
32,0.0,0.0,0.0,0.0,0.0,0.0
33,0.0,0.0,0.0,0.0,0.0,0.0
35,0.42857142857142855,0.8385254915624212,0.7272727272727273,0.375,0.7499999999999999,1.0
37,0.0,0.0,0.0,0.0,0.0,0.0
38,0.0,0.0,0.0,0.0,0.0,0.0
39,0.0,0.0,0.0,0.0,0.0,0.0
41,0.42857142857142855,0.8385254915624212,0.7272727272727273,0.375,0.7499999999999999,1.0
43,0.0,0.0,0.0,0.0,0.0,0.0
44,0.0,0.0,0.0,0.0,0.0,0.0
45,0.0,0.0,0.0,0.0,0.0,0.0
