3,0.5362318840579711,0.9743547036924464,0.9952904238618524,0.6521739130434783,0.6962025316455697,0.0
4,0.5362318840579711,0.9743547036924464,0.9952904238618524,0.6521739130434783,0.6962025316455697,0.0
5,0.5362318840579711,0.9743547036924464,0.9952904238618524,0.6521739130434783,0.6962025316455697,0.0
6,0.5362318840579711,0.9743547036924464,0.9952904238618524,0.6521739130434783,0.6962025316455697,0.0
7,0.5362318840579711,0.9743547036924464,0.9952904238618524,0.6521739130434783,0.6962025316455697,0.0
8,0.5481481481481482,0.993399267798783,1.0,0.6818181818181819,0.7236842105263157,0.23437499999999983
10,0.5454545454545454,0.7661308776828739,0.6012558869701727,0.6136363636363636,0.6599999999999999,0.10937499999999976
11,0.5362318840579711,0.9743547036924464,0.9952904238618524,0.6521739130434783,0.6962025316455697,0.0
12,0.5967741935483871,0.8320502943378438,0.6122448979591837,0.7297297297297298,0.7674418604651162,0.6562499999999998
13,0.5362318840579711,0.9743547036924464,0.9952904238618524,0.6521739130434783,0.6962025316455697,0.0
15,0.5362318840579711,0.9743547036924464,0.9952904238618524,0.6521739130434783,0.6962025316455697,0.0
16,0.5362318840579711,0.9743547036924464,0.9952904238618524,0.6521739130434783,0.6962025316455697,0.0
17,0.5362318840579711,0.9743547036924464,0.9952904238618524,0.6521739130434783,0.6962025316455697,0.0
18,0.5362318840579711,0.9743547036924464,0.9952904238618524,0.6521739130434783,0.6962025316455697,0.0
19,0.5362318840579711,0.9743547036924464,0.9952904238618524,0.6521739130434783,0.6962025316455697,0.0
20,0.5362318840579711,0.9743547036924464,0.9952904238618524,0.6521739130434783,0.6962025316455697,0.0
21,0.5362318840579711,0.9743547036924464,0.9952904238618524,0.6521739130434783,0.6962025316455697,0.0
22,0.7231270358306189,0.7205766921228922,0.31868131868131866,0.7941176470588236,0.825,0.8359374999999999
23,0.5362318840579711,0.9743547036924464,0.9952904238618524,0.6521739130434783,0.6962025316455697,0.0
24,0.5362318840579711,0.9743547036924464,0.9952904238618524,0.6521739130434783,0.6962025316455697,0.0
25,0.8314606741573036,0.7071067811865475,0.21821036106750394,0.75,0.7857142857142857,0.765625
26,0.5362318840579711,0.9743547036924464,0.9952904238618524,0.6521739130434783,0.6962025316455697,0.0
27,0.4966442953020134,0.7637626158259735,0.6860282574568289,0.5338983050847458,0.5833333333333334,0.6015625000000006
28,0.4966442953020134,0.7637626158259735,0.6860282574568289,0.5338983050847458,0.5833333333333334,0.6015625000000006
29,0.49664429530201354,0.2886751345948129,0.1020408163265306,0.2647058823529412,0.3055555555555555,0.08593749999999997
30,0.49664429530201354,0.2886751345948129,0.1020408163265306,0.2647058823529412,0.3055555555555555,0.08593749999999997
32,0.5164506480558325,0.7892283294029704,0.6923076923076923,0.5727272727272728,0.6209677419354839,0.28906250000000033
33,0.0,0.0,0.004709576138147567,0.0,0.0,0.0
34,0.0,0.0,0.004709576138147567,0.0,0.0,0.0
36,0.5164506480558325,0.7892283294029704,0.6923076923076923,0.5727272727272728,0.6209677419354839,0.28906250000000033
37,0.5323741007194245,0.43301270189221935,0.2025117739403454,0.4090909090909091,0.4583333333333333,0.01562500000000001
38,0.5323741007194245,0.43301270189221935,0.2025117739403454,0.4090909090909091,0.4583333333333333,0.01562500000000001
40,0.5164506480558325,0.7892283294029704,0.6923076923076923,0.5727272727272728,0.6209677419354839,0.28906250000000033
41,0.46540880503144655,0.4743416490252569,0.29199372056514916,0.3970588235294118,0.44594594594594594,0.49218750000000017
42,0.46540880503144655,0.4743416490252569,0.29199372056514916,0.3970588235294118,0.44594594594594594,0.49218750000000017
44,0.5323741007194245,0.3061862178478973,0.10361067503924647,0.28125,0.32352941176470584,0.007812500000000005
47,0.6587537091988132,0.649519052838329,0.31397174254317106,0.675,0.717391304347826,0.6015624999999999
48,1.0,1.0,0.22291993720565148,1.0,1.0,1.0
50,0.3915343915343916,0.24019223070763074,0.09576138147566718,0.21428571428571427,0.25,0.39843749999999994
51,0.4654088050314466,0.2738612787525831,0.10047095761381476,0.25,0.28947368421052627,0.16406249999999994
53,0.0,0.0,0.0,0.0,0.0,0.234375
54,0.6218487394957983,0.7071067811865475,0.41287284144427006,0.6923076923076924,0.7333333333333333,0.5937500000000001
