2,0.9102564102564101,0.9258200997725515,0.9813333333333335,0.8205128205128205,0.8571428571428572,0.0
4,0.9102564102564101,0.9258200997725515,0.9813333333333335,0.8205128205128205,0.8571428571428572,0.0
5,0.9102564102564101,0.9258200997725515,0.9813333333333335,0.8205128205128205,0.8571428571428572,0.0
6,0.9102564102564101,0.9258200997725515,0.9813333333333335,0.8205128205128205,0.8571428571428572,0.0
8,0.9102564102564101,0.9258200997725515,0.9813333333333335,0.8205128205128205,0.8571428571428572,0.0
9,0.9102564102564101,0.9258200997725515,0.9813333333333335,0.8205128205128205,0.8571428571428572,0.0
11,0.9102564102564101,0.9258200997725515,0.9813333333333335,0.8205128205128205,0.8571428571428572,0.0
12,0.9102564102564101,0.9258200997725515,0.9813333333333335,0.8205128205128205,0.8571428571428572,0.0
13,0.9102564102564101,0.9258200997725515,0.9813333333333335,0.8205128205128205,0.8571428571428572,0.0
14,0.9102564102564101,0.9258200997725515,0.9813333333333335,0.8205128205128205,0.8571428571428572,0.0
15,0.8862690707350901,0.8599797773153183,0.88,0.7578947368421052,0.8042553191489362,0.271428571428571
16,0.9102564102564101,0.9258200997725515,0.9813333333333335,0.8205128205128205,0.8571428571428572,0.0
17,0.0,0.0,0.0,0.0,0.0,0.9999999999999999
19,1.0,1.0,1.0,1.0,1.0,1.0
20,0.9102564102564101,0.9258200997725515,0.9813333333333335,0.8205128205128205,0.8571428571428572,0.0
