2,0,1.0,1.0,1.0,1.0,1.0
5,0,1.0,1.0,1.0,1.0,1.0
7,0,1.0,1.0,1.0,1.0,1.0
9,0,1.0,1.0,1.0,1.0,1.0
12,0,0.0,0.0,0.0,0.0,0.0
13,0,1.0,1.0,1.0,1.0,1.0
16,0,1.0,1.0,1.0,1.0,1.0
18,0,1.0,1.0,1.0,1.0,1.0
19,0,1.0,1.0,1.0,1.0,1.0
21,0,1.0,1.0,1.0,1.0,1.0
23,0,1.0,1.0,1.0,1.0,1.0
24,0,1.0,1.0,1.0,1.0,1.0
25,0,1.0,1.0,1.0,1.0,1.0
29,0,0.7601169500660919,0.5777777777777777,0.0304093567251462,0.5777777777777777,0.5777777777777777
30,0,0.7601169500660919,0.5777777777777777,0.0304093567251462,0.5777777777777777,0.5777777777777777
31,0,0.7601169500660919,0.5777777777777777,0.0304093567251462,0.5777777777777777,0.5777777777777777
34,0,1.0,1.0,1.0,1.0,1.0
35,0,0.8027729719194864,0.6444444444444445,0.04027777777777778,0.6444444444444445,0.6444444444444445
37,0,0.5962847939999439,0.35555555555555557,0.012260536398467433,0.35555555555555557,0.35555555555555557
39,0,1.0,1.0,1.0,1.0,1.0
