3,0.5517241379310345,0.40160966445124946,0.6,0.10344827586206896,0.16129032258064516,0.0
6,0.5517241379310345,0.40160966445124946,0.6,0.10344827586206896,0.16129032258064516,0.0
7,0.5517241379310345,0.40160966445124946,0.6,0.10344827586206896,0.16129032258064516,0.0
8,0.5517241379310345,0.40160966445124946,0.6,0.10344827586206896,0.16129032258064516,0.0
9,0.5517241379310345,0.40160966445124946,0.6,0.10344827586206896,0.16129032258064516,0.0
10,0.0,0.0,0.046153846153846156,0.0,0.0,0.19230769230769232
11,0.0,0.0,0.046153846153846156,0.0,0.0,0.19230769230769232
13,0.6037735849056604,0.4385290096535146,0.676923076923077,0.125,0.19230769230769232,0.19230769230769232
14,0.0,0.0,0.0,0.0,0.0,0.3076923076923077
15,0.0,0.0,0.0,0.0,0.0,0.3076923076923077
16,0.0,0.0,0.0,0.0,0.0,0.3076923076923077
18,0.7111111111111111,0.5270462766947298,0.8,0.1875,0.27777777777777773,0.5
19,0.0,0.0,0.06153846153846154,0.0,0.0,0.15384615384615385
20,0.0,0.0,0.06153846153846154,0.0,0.0,0.15384615384615385
21,0.0,0.0,0.06153846153846154,0.0,0.0,0.15384615384615385
24,0.7804878048780488,0.5976143046671968,0.8615384615384616,0.25,0.3571428571428571,0.6538461538461539
25,0.7804878048780488,0.5976143046671968,0.8615384615384616,0.25,0.3571428571428571,0.6538461538461539
26,0.7804878048780488,0.5976143046671968,0.8615384615384616,0.25,0.3571428571428571,0.6538461538461539
27,0.7804878048780488,0.5976143046671968,0.8615384615384616,0.25,0.3571428571428571,0.6538461538461539
28,0.9411764705882352,0.8451542547285166,0.9692307692307693,0.6000000000000001,0.7142857142857142,0.923076923076923
29,0.0,0.0,0.09230769230769231,0.0,0.0,0.07692307692307693
30,1.0,1.0,1.0,1.0,1.0,1.0
31,0.9411764705882352,0.8451542547285166,0.9692307692307693,0.6000000000000001,0.7142857142857142,0.923076923076923
36,0.0,0.0,0.015384615384615382,0.0,0.0,0.2692307692307692
37,0.0,0.0,0.015384615384615382,0.0,0.0,0.2692307692307692
38,0.0,0.0,0.015384615384615382,0.0,0.0,0.2692307692307692
39,0.0,0.0,0.015384615384615382,0.0,0.0,0.2692307692307692
40,0.0,0.0,0.015384615384615382,0.0,0.0,0.2692307692307692
41,0.0,0.0,0.046153846153846156,0.0,0.0,0.19230769230769232
42,0.0,0.0,0.015384615384615382,0.0,0.0,0.2692307692307692
43,0.0,0.0,0.030769230769230764,0.0,0.0,0.23076923076923075
44,0.0,0.0,0.030769230769230764,0.0,0.0,0.23076923076923075
45,0.0,0.0,0.07692307692307693,0.0,0.0,0.11538461538461538
46,0.0,0.0,0.1076923076923077,0.0,0.0,0.038461538461538464
47,0.0,0.0,0.09230769230769231,0.0,0.0,0.07692307692307693
48,0.0,0.0,0.07692307692307693,0.0,0.0,0.11538461538461538
52,0.0,0.0,0.06153846153846154,0.0,0.0,0.15384615384615385
53,0.0,0.0,0.07692307692307693,0.0,0.0,0.11538461538461538
54,0.0,0.0,0.06153846153846154,0.0,0.0,0.15384615384615385
