2,0.6590909090909091,0.5897678246195887,0.5161290322580645,0.31818181818181823,0.34782608695652173,0.0
5,0.6590909090909091,0.5897678246195887,0.5161290322580645,0.31818181818181823,0.34782608695652173,0.0
6,0.6590909090909091,0.5897678246195887,0.5161290322580645,0.31818181818181823,0.34782608695652173,0.0
7,0.6590909090909091,0.5897678246195887,0.5161290322580645,0.31818181818181823,0.34782608695652173,0.0
8,0.6590909090909091,0.5897678246195887,0.5161290322580645,0.31818181818181823,0.34782608695652173,0.0
9,0.6590909090909091,0.5897678246195887,0.5161290322580645,0.31818181818181823,0.34782608695652173,0.0
11,0.6590909090909091,0.5897678246195887,0.5161290322580645,0.31818181818181823,0.34782608695652173,0.0
12,0.6590909090909091,0.5897678246195887,0.5161290322580645,0.31818181818181823,0.34782608695652173,0.0
13,0.6590909090909091,0.5897678246195887,0.5161290322580645,0.31818181818181823,0.34782608695652173,0.0
15,0.0,0.0,0.0,0.0,0.0,0.9999999999999999
16,0.0,0.0,0.0,0.0,0.0,0.9999999999999999
19,0.6590909090909091,0.5897678246195887,0.5161290322580645,0.31818181818181823,0.34782608695652173,0.0
20,0.0,0.0,0.0,0.0,0.0,0.9999999999999999
22,1.0,1.0,1.0,1.0,1.0,1.0
23,0.6590909090909091,0.5897678246195887,0.5161290322580645,0.31818181818181823,0.34782608695652173,0.0
