2,0.7999999999999998,0.9185586535436918,0.9955947136563877,0.7083333333333333,0.78125,0.0
5,0.7999999999999998,0.9185586535436918,0.9955947136563877,0.7083333333333333,0.78125,0.0
6,0.7999999999999998,0.9185586535436918,0.9955947136563877,0.7083333333333333,0.78125,0.0
7,0.0,0.0,0.0,0.0,0.0,0.125
8,0.7999999999999998,0.9185586535436918,0.9955947136563877,0.7083333333333333,0.78125,0.0
10,0.8150943396226413,0.9315885051121783,1.0,0.735576923076923,0.8035714285714285,0.1250000000000002
11,0.8150943396226413,0.9315885051121783,1.0,0.735576923076923,0.8035714285714285,0.1250000000000002
12,0.8150943396226413,0.9315885051121783,1.0,0.735576923076923,0.8035714285714285,0.1250000000000002
14,0.9142857142857143,0.9607689228305227,0.9118942731277532,0.8947368421052632,0.9259259259259258,0.75
15,0.9142857142857143,0.9607689228305227,0.9118942731277532,0.8947368421052632,0.9259259259259258,0.75
16,0.9599999999999997,1.0,0.9207048458149779,1.0,1.0,1.0
17,0.9142857142857143,0.9607689228305227,0.9118942731277532,0.8947368421052632,0.9259259259259258,0.75
18,0.9142857142857143,0.9607689228305227,0.9118942731277532,0.8947368421052632,0.9259259259259258,0.75
19,0.9365853658536584,0.9797958971132712,0.9162995594713657,0.9444444444444444,0.9615384615384616,0.8749999999999998
20,0.9142857142857143,0.9607689228305227,0.9118942731277532,0.8947368421052632,0.9259259259259258,0.75
22,0.908108108108108,0.8938193572966859,0.7973568281938326,0.826388888888889,0.8750000000000001,0.6250000000000002
24,0.8999999999999998,0.8215838362577491,0.6828193832599119,0.7500000000000001,0.8152173913043478,0.5
25,0.8999999999999998,0.8215838362577491,0.6828193832599119,0.7500000000000001,0.8152173913043478,0.5
26,0.8999999999999998,0.8215838362577491,0.6828193832599119,0.7500000000000001,0.8152173913043478,0.5
27,0.8999999999999998,0.8215838362577491,0.6828193832599119,0.7500000000000001,0.8152173913043478,0.5
28,0.8999999999999998,0.8215838362577491,0.6828193832599119,0.7500000000000001,0.8152173913043478,0.5
29,0.8999999999999998,0.8215838362577491,0.6828193832599119,0.7500000000000001,0.8152173913043478,0.5
30,1.0,0.8183170883849714,0.5814977973568282,0.8173076923076924,0.8680555555555556,0.7500000000000002
31,0.8999999999999998,0.8215838362577491,0.6828193832599119,0.7500000000000001,0.8152173913043478,0.5
34,0.7999999999999998,0.9185586535436918,0.9955947136563877,0.7083333333333333,0.78125,0.0
