3,1.0,1.0,1.0,1.0,1.0,0.0
4,1.0,1.0,1.0,1.0,1.0,0.0
5,1.0,1.0,1.0,1.0,1.0,0.0
6,1.0,1.0,1.0,1.0,1.0,0.0
7,0.8363636363636364,0.6063390625908324,0.5641025641025641,0.6764705882352942,0.6944444444444444,0.3214285714285714
9,1.0,1.0,1.0,1.0,1.0,0.0
11,0.8363636363636364,0.6063390625908324,0.5641025641025641,0.6764705882352942,0.6944444444444444,0.3214285714285714
12,0.8363636363636364,0.6063390625908324,0.5641025641025641,0.6764705882352942,0.6944444444444444,0.3214285714285714
14,0.8363636363636364,0.6063390625908324,0.5641025641025641,0.6764705882352942,0.6944444444444444,0.3214285714285714
15,0.0,0.0,0.0,0.0,0.0,1.0
17,0.8363636363636364,0.6063390625908324,0.5641025641025641,0.6764705882352942,0.6944444444444444,0.3214285714285714
