6,0,0.9045340337332909,0.8181818181818182,0.20454545454545456,0.8181818181818182,0.8181818181818182
8,0,0.9045340337332909,0.8181818181818182,0.20454545454545456,0.8181818181818182,0.8181818181818182
11,0,0.9770084209183943,0.9545454545454546,0.9545454545454546,0.9545454545454546,0.9545454545454546
13,0,0.9770084209183943,0.9545454545454546,0.9545454545454546,0.9545454545454546,0.9545454545454546
16,0,1.0,1.0,1.0,1.0,1.0
24,0,1.0,1.0,1.0,1.0,1.0
25,0,1.0,1.0,1.0,1.0,1.0
26,0,1.0,1.0,1.0,1.0,1.0
28,0,1.0,1.0,1.0,1.0,1.0
29,0,1.0,1.0,1.0,1.0,1.0
31,0,1.0,1.0,1.0,1.0,1.0
33,0,1.0,1.0,1.0,1.0,1.0
34,0,0.9770084209183943,0.9545454545454546,0.9545454545454546,0.9545454545454546,0.9545454545454546
36,0,1.0,1.0,1.0,1.0,1.0
38,0,1.0,1.0,1.0,1.0,1.0
40,0,1.0,1.0,1.0,1.0,1.0
41,0,1.0,1.0,1.0,1.0,1.0
43,0,0.9770084209183943,0.9545454545454546,0.9545454545454546,0.9545454545454546,0.9545454545454546
44,0,0.9534625892455924,0.9090909090909091,0.45454545454545453,0.9090909090909091,0.9090909090909091
46,0,0.9770084209183943,0.9545454545454546,0.9545454545454546,0.9545454545454546,0.9545454545454546
47,0,0.9770084209183943,0.9545454545454546,0.9545454545454546,0.9545454545454546,0.9545454545454546
49,0,0.9770084209183943,0.9545454545454546,0.9545454545454546,0.9545454545454546,0.9545454545454546
51,0,0.9770084209183943,0.9545454545454546,0.9545454545454546,0.9545454545454546,0.9545454545454546
52,0,0.9770084209183943,0.9545454545454546,0.9545454545454546,0.9545454545454546,0.9545454545454546
54,0,0.9045340337332909,0.8181818181818182,0.20454545454545456,0.8181818181818182,0.8181818181818182
56,0,0.8790490729915326,0.7727272727272727,0.15454545454545454,0.7727272727272727,0.7727272727272727
57,0,0.8790490729915326,0.7727272727272727,0.15454545454545454,0.7727272727272727,0.7727272727272727
60,0,0.9045340337332909,0.8181818181818182,0.20454545454545456,0.8181818181818182,0.8181818181818182
61,0,0.9045340337332909,0.8181818181818182,0.20454545454545456,0.8181818181818182,0.8181818181818182
63,0,0.8790490729915326,0.7727272727272727,0.15454545454545454,0.7727272727272727,0.7727272727272727
66,0,0.9770084209183943,0.9545454545454546,0.9545454545454546,0.9545454545454546,0.9545454545454546
69,0,1.0,1.0,1.0,1.0,1.0
71,0,1.0,1.0,1.0,1.0,1.0
72,0,0.8790490729915326,0.7727272727272727,0.15454545454545454,0.7727272727272727,0.7727272727272727
74,0,1.0,1.0,1.0,1.0,1.0
75,0,0.0,0.0,0.0,0.0,0.0
77,0,1.0,1.0,1.0,1.0,1.0
78,0,1.0,1.0,1.0,1.0,1.0
80,0,1.0,1.0,1.0,1.0,1.0
82,0,1.0,1.0,1.0,1.0,1.0
83,0,0.9770084209183943,0.9545454545454546,0.9545454545454546,0.9545454545454546,0.9545454545454546
85,0,0.9045340337332909,0.8181818181818182,0.20454545454545456,0.8181818181818182,0.8181818181818182
87,0,0.8790490729915326,0.7727272727272727,0.15454545454545454,0.7727272727272727,0.7727272727272727
88,0,0.8790490729915326,0.7727272727272727,0.15454545454545454,0.7727272727272727,0.7727272727272727
91,0,0.8528028654224417,0.7272727272727273,0.1212121212121212,0.7272727272727273,0.7272727272727273
92,0,0.8528028654224417,0.7272727272727273,0.1212121212121212,0.7272727272727273,0.7272727272727273
94,0,0.8528028654224417,0.7272727272727273,0.1212121212121212,0.7272727272727273,0.7272727272727273
97,0,1.0,1.0,1.0,1.0,1.0
102,0,1.0,1.0,1.0,1.0,1.0
104,0,1.0,1.0,1.0,1.0,1.0
