9,0.320588235294118,1.0,1.0,1.0,1.0,0.0
12,0.320588235294118,1.0,1.0,1.0,1.0,0.0
13,0.320588235294118,1.0,1.0,1.0,1.0,0.0
14,0.320588235294118,1.0,1.0,1.0,1.0,0.0
15,0.320588235294118,1.0,1.0,1.0,1.0,0.0
16,1.0,0.87278217247664,0.7667161961367013,0.9065155807365439,0.934844192634561,1.0
17,1.0,0.87278217247664,0.7667161961367013,0.9065155807365439,0.934844192634561,1.0
20,0.3526794742163818,0.8845330468148036,0.8573551263001485,0.8597733711048159,0.9007149602050452,0.053571428571428395
21,0.3526794742163818,0.8845330468148036,0.8573551263001485,0.8597733711048159,0.9007149602050452,0.053571428571428395
24,0.320588235294118,1.0,1.0,1.0,1.0,0.0
25,0.320588235294118,1.0,1.0,1.0,1.0,0.0
26,0.0,0.8434767001821802,0.8543833580980684,0.7745375770704882,0.8356068860318154,0.5535714285714289
27,0.0,0.8434767001821802,0.8543833580980684,0.7745375770704882,0.8356068860318154,0.5535714285714289
29,0.0,0.8434767001821802,0.8543833580980684,0.7745375770704882,0.8356068860318154,0.5535714285714289
30,0.0,0.8434767001821802,0.8543833580980684,0.7745375770704882,0.8356068860318154,0.5535714285714289
31,0.0,0.8434767001821802,0.8543833580980684,0.7745375770704882,0.8356068860318154,0.5535714285714289
32,0.0,0.8434767001821802,0.8543833580980684,0.7745375770704882,0.8356068860318154,0.5535714285714289
34,0.0,0.8434767001821802,0.8543833580980684,0.7745375770704882,0.8356068860318154,0.5535714285714289
35,0.0,0.8434767001821802,0.8543833580980684,0.7745375770704882,0.8356068860318154,0.5535714285714289
37,0.42330097087378693,0.0,0.0,0.0,0.0,0.0714285714285712
39,0.320588235294118,1.0,1.0,1.0,1.0,0.0
40,0.320588235294118,1.0,1.0,1.0,1.0,0.0
