4,0.8703703703703702,0.8709883407113853,0.8372093023255813,0.7407407407407407,0.7586206896551724,0.0
6,0.8703703703703702,0.8709883407113853,0.8372093023255813,0.7407407407407407,0.7586206896551724,0.0
7,0.8703703703703702,0.8709883407113853,0.8372093023255813,0.7407407407407407,0.7586206896551724,0.0
9,0.8703703703703702,0.8709883407113853,0.8372093023255813,0.7407407407407407,0.7586206896551724,0.0
12,0.8703703703703702,0.8709883407113853,0.8372093023255813,0.7407407407407407,0.7586206896551724,0.0
14,0.8703703703703702,0.8709883407113853,0.8372093023255813,0.7407407407407407,0.7586206896551724,0.0
16,0.746031746031746,0.5380275868489703,0.3953488372093023,0.5263157894736842,0.55,0.6428571428571426
18,0.746031746031746,0.5380275868489703,0.3953488372093023,0.5263157894736842,0.55,0.6428571428571426
19,0.746031746031746,0.5380275868489703,0.3953488372093023,0.5263157894736842,0.55,0.6428571428571426
21,0.0,0.0,0.0,0.0,0.0,0.9999999999999998
22,0.0,0.0,0.0,0.0,0.0,0.9999999999999998
25,0.8245614035087718,0.5863019699779286,0.4651162790697675,0.625,0.6470588235294117,0.21428571428571436
27,0.8245614035087718,0.5863019699779286,0.4651162790697675,0.625,0.6470588235294117,0.21428571428571436
28,0.8245614035087718,0.5863019699779286,0.4651162790697675,0.625,0.6470588235294117,0.21428571428571436
29,0.8245614035087718,0.5863019699779286,0.4651162790697675,0.625,0.6470588235294117,0.21428571428571436
33,1.0,1.0,1.0,1.0,1.0,1.0
35,1.0,1.0,1.0,1.0,1.0,1.0
37,1.0,1.0,1.0,1.0,1.0,1.0
