3,0,1.0,1.0,1.0,1.0,1.0
6,0,1.0,1.0,1.0,1.0,1.0
7,0,1.0,1.0,1.0,1.0,1.0
8,0,1.0,1.0,1.0,1.0,1.0
9,0,1.0,1.0,1.0,1.0,1.0
10,0,1.0,1.0,1.0,1.0,1.0
11,0,0.5939269975510887,0.5555555555555556,0.07153614457831325,0.5555555555555556,0.5555555555555556
12,0,1.0,1.0,1.0,1.0,1.0
13,0,0.0,0.0,0.0,0.0,0.0
14,0,0.5939269975510887,0.5555555555555556,0.07153614457831325,0.5555555555555556,0.5555555555555556
15,0,0.5939269975510887,0.5555555555555556,0.07153614457831325,0.5555555555555556,0.5555555555555556
17,0,1.0,1.0,1.0,1.0,1.0
19,0,1.0,1.0,1.0,1.0,1.0
