3,0,1.0,1.0,1.0,1.0,1.0
5,0,1.0,1.0,1.0,1.0,1.0
7,0,1.0,1.0,1.0,1.0,1.0
8,0,1.0,1.0,1.0,1.0,1.0
10,0,1.0,1.0,1.0,1.0,1.0
11,0,1.0,1.0,1.0,1.0,1.0
12,0,1.0,1.0,1.0,1.0,1.0
13,0,1.0,1.0,1.0,1.0,1.0
14,0,0.895841792693781,0.8518518518518519,0.2139855942376951,0.8518518518518519,0.8518518518518519
16,0,0.7836368209852878,0.7037037037037037,0.08838535414165667,0.7037037037037037,0.7037037037037037
17,0,0.7836368209852878,0.7037037037037037,0.08838535414165667,0.7037037037037037,0.7037037037037037
20,0,1.0,1.0,1.0,1.0,1.0
21,0,1.0,1.0,1.0,1.0,1.0
33,0,1.0,1.0,1.0,1.0,1.0
34,0,0.524973948874171,0.4074074074074074,0.025585234093637457,0.40740740740740744,0.40740740740740744
36,0,0.5605751379874091,0.4444444444444444,0.0297719087635054,0.4444444444444444,0.4444444444444444
37,0,0.0,0.0,0.0,0.0,0.0
40,0,0.4103694824667176,0.2962962962962963,0.01566942566500284,0.2962962962962963,0.2962962962962963
41,0,0.4103694824667176,0.2962962962962963,0.01566942566500284,0.2962962962962963,0.2962962962962963
43,0,0.4103694824667176,0.2962962962962963,0.01566942566500284,0.2962962962962963,0.2962962962962963
44,0,0.23219782488355403,0.14814814814814814,0.006472154079022914,0.14814814814814814,0.14814814814814814
48,0,1.0,1.0,1.0,1.0,1.0
