8,0.8413255360623779,0.9711235961855981,0.9949748743718592,0.9122807017543857,0.917763157894737,0.0
11,0.8413255360623779,0.9711235961855981,0.9949748743718592,0.9122807017543857,0.917763157894737,0.0
12,0.8413255360623779,0.9711235961855981,0.9949748743718592,0.9122807017543857,0.917763157894737,0.0
14,0.8413255360623779,0.9711235961855981,0.9949748743718592,0.9122807017543857,0.917763157894737,0.0
16,0.8413255360623779,0.9711235961855981,0.9949748743718592,0.9122807017543857,0.917763157894737,0.0
17,0.9191658391261168,1.0,1.0,1.0,1.0,0.12048192771084353
21,0.8413255360623779,0.9711235961855981,0.9949748743718592,0.9122807017543857,0.917763157894737,0.0
22,0.8413255360623779,0.9711235961855981,0.9949748743718592,0.9122807017543857,0.917763157894737,0.0
23,0.9191658391261168,1.0,1.0,1.0,1.0,0.12048192771084353
25,0.9191658391261168,1.0,1.0,1.0,1.0,0.12048192771084353
26,0.9191658391261168,1.0,1.0,1.0,1.0,0.12048192771084353
27,0.9191658391261168,1.0,1.0,1.0,1.0,0.12048192771084353
28,0.0,0.3344968324517828,0.4547738693467337,0.02581926514399216,0.027653880463871565,1.0
30,0.9191658391261168,1.0,1.0,1.0,1.0,0.12048192771084353
35,1.0,0.0,0.0,0.0,0.0,0.04819277108433741
37,1.0,0.0,0.0,0.0,0.0,0.04819277108433741
