8,0.12500000000000006,0.6395518836940884,0.75,1.0,0.6000000000000001,0.0
10,0.12500000000000006,0.6395518836940884,0.75,1.0,0.6000000000000001,0.0
11,0.12500000000000006,0.6395518836940884,0.75,1.0,0.6000000000000001,0.0
12,0.12500000000000006,0.6395518836940884,0.75,1.0,0.6000000000000001,0.0
13,0.12500000000000006,0.6395518836940884,0.75,1.0,0.6000000000000001,0.0
14,0.12500000000000006,0.6395518836940884,0.75,1.0,0.6000000000000001,0.0
16,0.12500000000000006,0.6395518836940884,0.75,1.0,0.6000000000000001,0.0
18,0.12500000000000006,0.6395518836940884,0.75,1.0,0.6000000000000001,0.0
19,0.12500000000000006,0.6395518836940884,0.75,1.0,0.6000000000000001,0.0
20,0.0,0.1464466094067264,0.25,0.16666666666666666,0.19999999999999996,0.25
21,1.0,0.0,0.0,0.0,0.0,0.5
23,0.0,0.1464466094067264,0.25,0.16666666666666666,0.19999999999999996,0.25
26,0.12500000000000006,0.6395518836940884,0.75,1.0,0.6000000000000001,0.0
27,1.0,1.0,1.0,1.0,1.0,1.0
28,1.0,1.0,1.0,1.0,1.0,1.0
29,1.0,1.0,1.0,1.0,1.0,1.0
30,1.0,1.0,1.0,1.0,1.0,1.0
32,0.12500000000000006,0.6395518836940884,0.75,1.0,0.6000000000000001,0.0
33,1.0,1.0,1.0,1.0,1.0,1.0
34,1.0,1.0,1.0,1.0,1.0,1.0
35,1.0,1.0,1.0,1.0,1.0,1.0
36,1.0,1.0,1.0,1.0,1.0,1.0
37,1.0,1.0,1.0,1.0,1.0,1.0
40,1.0,1.0,1.0,1.0,1.0,1.0
41,1.0,1.0,1.0,1.0,1.0,1.0
42,1.0,1.0,1.0,1.0,1.0,1.0
43,1.0,1.0,1.0,1.0,1.0,1.0
44,1.0,1.0,1.0,1.0,1.0,1.0
45,1.0,1.0,1.0,1.0,1.0,1.0
49,0.12500000000000006,0.6395518836940884,0.75,1.0,0.6000000000000001,0.0
