4,0,1.0,1.0,1.0,1.0,1.0
8,0,1.0,1.0,1.0,1.0,1.0
9,0,1.0,1.0,1.0,1.0,1.0
10,0,1.0,1.0,1.0,1.0,1.0
12,0,1.0,1.0,1.0,1.0,1.0
14,0,0.8864052604279183,0.7857142857142857,0.05238095238095238,0.7857142857142857,0.7857142857142857
15,0,0.5976143046671968,0.35714285714285715,0.007936507936507936,0.35714285714285715,0.35714285714285715
19,0,1.0,1.0,1.0,1.0,1.0
21,0,1.0,1.0,1.0,1.0,1.0
22,0,0.5976143046671968,0.35714285714285715,0.007936507936507936,0.35714285714285715,0.35714285714285715
24,0,1.0,1.0,1.0,1.0,1.0
26,0,1.0,1.0,1.0,1.0,1.0
28,0,1.0,1.0,1.0,1.0,1.0
30,0,1.0,1.0,1.0,1.0,1.0
32,0,0.8864052604279183,0.7857142857142857,0.05238095238095238,0.7857142857142857,0.7857142857142857
33,0,0.7367883976130072,0.5428571428571428,0.016964285714285713,0.5428571428571428,0.5428571428571428
38,0,1.0,1.0,1.0,1.0,1.0
40,0,1.0,1.0,1.0,1.0,1.0
41,0,1.0,1.0,1.0,1.0,1.0
46,0,1.0,1.0,1.0,1.0,1.0
48,0,1.0,1.0,1.0,1.0,1.0
50,0,1.0,1.0,1.0,1.0,1.0
52,0,0.9335033858688309,0.8714285714285714,0.09682539682539683,0.8714285714285714,0.8714285714285714
53,0,0.0,0.0,0.0,0.0,0.0
57,0,1.0,1.0,1.0,1.0,1.0
59,0,1.0,1.0,1.0,1.0,1.0
60,0,0.0,0.0,0.0,0.0,0.0
61,0,1.0,1.0,1.0,1.0,1.0
62,0,1.0,1.0,1.0,1.0,1.0
65,0,1.0,1.0,1.0,1.0,1.0
