10,0.5,0.9428090415820635,0.9375,1.0,0.8888888888888888,0.0
11,0.5,0.9428090415820635,0.9375,1.0,0.8888888888888888,0.0
12,0.5,0.9428090415820635,0.9375,1.0,0.8888888888888888,0.0
13,0.5,0.9428090415820635,0.9375,1.0,0.8888888888888888,0.0
14,0.5,0.9428090415820635,0.9375,1.0,0.8888888888888888,0.0
16,0.5,0.9428090415820635,0.9375,1.0,0.8888888888888888,0.0
17,0.5,0.9428090415820635,0.9375,1.0,0.8888888888888888,0.0
18,0.5,0.9428090415820635,0.9375,1.0,0.8888888888888888,0.0
19,0.5,0.9428090415820635,0.9375,1.0,0.8888888888888888,0.0
21,0.5,0.9428090415820635,0.9375,1.0,0.8888888888888888,0.0
22,1.0,1.0,1.0,1.0,1.0,1.0
23,1.0,1.0,1.0,1.0,1.0,1.0
24,1.0,1.0,1.0,1.0,1.0,1.0
25,1.0,1.0,1.0,1.0,1.0,1.0
26,0.0,0.0,0.0,0.0,0.0,0.0
31,0.5,0.9428090415820635,0.9375,1.0,0.8888888888888888,0.0
32,0.5,0.9428090415820635,0.9375,1.0,0.8888888888888888,0.0
33,0.5,0.9428090415820635,0.9375,1.0,0.8888888888888888,0.0
34,0.5,0.9428090415820635,0.9375,1.0,0.8888888888888888,0.0
35,0.0,0.0,0.0,0.0,0.0,0.0
36,0.0,0.0,0.0,0.0,0.0,0.0
37,0.0,0.0,0.0,0.0,0.0,0.0
38,0.0,0.0,0.0,0.0,0.0,0.0
39,0.0,0.0,0.0,0.0,0.0,0.0
40,0.0,0.0,0.0,0.0,0.0,0.0
41,0.0,0.0,0.0,0.0,0.0,0.0
45,0.5,0.9428090415820635,0.9375,1.0,0.8888888888888888,0.0
47,0.5,0.9428090415820635,0.9375,1.0,0.8888888888888888,0.0
