2,1.0,1.0,1.0,1.0,1.0,0.0
5,1.0,1.0,1.0,1.0,1.0,0.0
6,1.0,1.0,1.0,1.0,1.0,0.0
8,1.0,1.0,1.0,1.0,1.0,0.0
9,1.0,1.0,1.0,1.0,1.0,0.0
10,0.5906040268456367,0.6171152467515385,0.5952380952380951,0.5161290322580645,0.6129032258064515,0.4999999999999995
11,0.0,0.18527878513799104,0.19047619047619038,0.1290322580645161,0.18026565464895625,1.0
13,0.1708737864077658,0.0,0.0,0.0,0.0,0.7000000000000003
14,0.1708737864077658,0.0,0.0,0.0,0.0,0.7000000000000003
15,0.1708737864077658,0.0,0.0,0.0,0.0,0.7000000000000003
16,0.1708737864077658,0.0,0.0,0.0,0.0,0.7000000000000003
17,0.1708737864077658,0.0,0.0,0.0,0.0,0.7000000000000003
18,0.1708737864077658,0.0,0.0,0.0,0.0,0.7000000000000003
20,0.1708737864077658,0.0,0.0,0.0,0.0,0.7000000000000003
21,0.1708737864077658,0.0,0.0,0.0,0.0,0.7000000000000003
24,1.0,1.0,1.0,1.0,1.0,0.0
25,1.0,1.0,1.0,1.0,1.0,0.0
