2,0.8918918918918921,0.894427190999916,0.8709677419354839,0.7777777777777778,0.8,0.20000000000000018
4,0.8918918918918921,0.894427190999916,0.8709677419354839,0.7777777777777778,0.8,0.20000000000000018
6,0.8684210526315791,0.8728715609439696,0.8387096774193549,0.7368421052631579,0.7619047619047619,0.0
8,0.8684210526315791,0.8728715609439696,0.8387096774193549,0.7368421052631579,0.7619047619047619,0.0
9,0.8684210526315791,0.8728715609439696,0.8387096774193549,0.7368421052631579,0.7619047619047619,0.0
10,0.8684210526315791,0.8728715609439696,0.8387096774193549,0.7368421052631579,0.7619047619047619,0.0
12,0.8684210526315791,0.8728715609439696,0.8387096774193549,0.7368421052631579,0.7619047619047619,0.0
13,0.8684210526315791,0.8728715609439696,0.8387096774193549,0.7368421052631579,0.7619047619047619,0.0
15,0.8684210526315791,0.8728715609439696,0.8387096774193549,0.7368421052631579,0.7619047619047619,0.0
16,0.8684210526315791,0.8728715609439696,0.8387096774193549,0.7368421052631579,0.7619047619047619,0.0
18,0.8684210526315791,0.8728715609439696,0.8387096774193549,0.7368421052631579,0.7619047619047619,0.0
19,0.8684210526315791,0.8728715609439696,0.8387096774193549,0.7368421052631579,0.7619047619047619,0.0
20,0.8684210526315791,0.8728715609439696,0.8387096774193549,0.7368421052631579,0.7619047619047619,0.0
21,0.8684210526315791,0.8728715609439696,0.8387096774193549,0.7368421052631579,0.7619047619047619,0.0
22,0.8684210526315791,0.8728715609439696,0.8387096774193549,0.7368421052631579,0.7619047619047619,0.0
23,0.8918918918918921,0.894427190999916,0.8709677419354839,0.7777777777777778,0.8,0.20000000000000018
24,0.9166666666666667,0.9176629354822472,0.9032258064516128,0.823529411764706,0.8421052631578947,0.3999999999999999
25,0.8684210526315791,0.8728715609439696,0.8387096774193549,0.7368421052631579,0.7619047619047619,0.0
27,1.0,1.0,1.0,1.0,1.0,1.0
28,1.0,1.0,1.0,1.0,1.0,1.0
31,0.0,0.0,0.0,0.0,0.0,0.9999999999999998
32,0.0,0.0,0.0,0.0,0.0,0.9999999999999998
