3,0,1.0,1.0,1.0,1.0,1.0
5,0,1.0,1.0,1.0,1.0,1.0
6,0,1.0,1.0,1.0,1.0,1.0
8,0,1.0,1.0,1.0,1.0,1.0
9,0,1.0,1.0,1.0,1.0,1.0
10,0,1.0,1.0,1.0,1.0,1.0
12,0,1.0,1.0,1.0,1.0,1.0
13,0,1.0,1.0,1.0,1.0,1.0
14,0,1.0,1.0,1.0,1.0,1.0
15,0,1.0,1.0,1.0,1.0,1.0
16,0,1.0,1.0,1.0,1.0,1.0
17,0,1.0,1.0,1.0,1.0,1.0
19,0,1.0,1.0,1.0,1.0,1.0
21,0,0.0,0.0,0.0,0.0,0.0
25,0,0.8700730850092143,0.8571428571428571,0.9421487603305785,0.857142857142857,0.857142857142857
28,0,1.0,1.0,1.0,1.0,1.0
29,0,1.0,1.0,1.0,1.0,1.0
31,0,1.0,1.0,1.0,1.0,1.0
33,0,1.0,1.0,1.0,1.0,1.0
35,0,1.0,1.0,1.0,1.0,1.0
37,0,1.0,1.0,1.0,1.0,1.0
40,0,1.0,1.0,1.0,1.0,1.0
42,0,1.0,1.0,1.0,1.0,1.0
44,0,1.0,1.0,1.0,1.0,1.0
46,0,1.0,1.0,1.0,1.0,1.0
47,0,1.0,1.0,1.0,1.0,1.0
48,0,1.0,1.0,1.0,1.0,1.0
