4,0.4285714285714285,0.4056228194822303,0.5000000000000001,0.33333333333333326,0.375,0.5
6,0.4285714285714285,0.4056228194822303,0.5000000000000001,0.33333333333333326,0.375,0.5
8,0.0,0.0,0.0,0.0,0.0,0.0
11,0.0,0.0,0.0,0.0,0.0,0.0
13,0.0,0.0,0.0,0.0,0.0,0.0
14,0.0,0.0,0.0,0.0,0.0,0.0
16,0.0,0.0,0.0,0.0,0.0,0.0
17,0.0,0.0,0.0,0.0,0.0,0.0
18,0.0,0.0,0.0,0.0,0.0,0.0
20,0.0,0.0,0.0,0.0,0.0,0.0
21,0.0,0.0,0.0,0.0,0.0,0.0
22,0.0,0.0,0.0,0.0,0.0,0.0
24,0.0,0.0,0.0,0.0,0.0,0.0
25,0.0,0.0,0.0,0.0,0.0,0.0
26,1.0,1.0,1.0,1.0,1.0,1.0
28,1.0,1.0,1.0,1.0,1.0,1.0
32,1.0,1.0,1.0,1.0,1.0,1.0
35,0.0,0.0,0.0,0.0,0.0,0.0
36,0.0,0.0,0.0,0.0,0.0,0.0
37,1.0,1.0,1.0,1.0,1.0,1.0
38,0.0,0.0,0.0,0.0,0.0,0.0
39,0.0,0.0,0.0,0.0,0.0,0.0
40,1.0,1.0,1.0,1.0,1.0,1.0
41,0.0,0.0,0.0,0.0,0.0,0.0
43,0.0,0.0,0.0,0.0,0.0,0.0
