8,0.0,0.5570259890886742,1.0,0.37142857142857144,0.5416666666666684,0.0
10,0.0,0.5570259890886742,1.0,0.37142857142857144,0.5416666666666684,0.0
12,0.0,0.5570259890886742,1.0,0.37142857142857144,0.5416666666666684,0.0
13,0.0,0.5570259890886742,1.0,0.37142857142857144,0.5416666666666684,0.0
15,0.0,0.5570259890886742,1.0,0.37142857142857144,0.5416666666666684,0.0
16,0.0,0.5570259890886742,1.0,0.37142857142857144,0.5416666666666684,0.0
18,1.0,1.0,0.8,1.0,1.0,1.0
19,0.9770287141073659,0.0,0.0,0.0,0.0,0.9555555555555557
21,1.0,1.0,0.8,1.0,1.0,1.0
22,1.0,1.0,0.8,1.0,1.0,1.0
23,1.0,1.0,0.8,1.0,1.0,1.0
24,1.0,1.0,0.8,1.0,1.0,1.0
26,1.0,1.0,0.8,1.0,1.0,1.0
28,1.0,1.0,0.8,1.0,1.0,1.0
30,0.0,0.5570259890886742,1.0,0.37142857142857144,0.5416666666666684,0.0
31,0.0,0.5570259890886742,1.0,0.37142857142857144,0.5416666666666684,0.0
