3,0.6563275434243178,1.0,1.0,1.0,1.0,0.0
5,0.6563275434243178,1.0,1.0,1.0,1.0,0.0
6,0.6563275434243178,1.0,1.0,1.0,1.0,0.0
7,0.6563275434243178,1.0,1.0,1.0,1.0,0.0
8,0.6563275434243178,1.0,1.0,1.0,1.0,0.0
9,0.6563275434243178,1.0,1.0,1.0,1.0,0.0
11,0.7015333609614588,0.9837753494847966,0.9604863221884498,0.9642431466030988,0.986667405826427,0.18947368421052618
12,0.7015333609614588,0.9837753494847966,0.9604863221884498,0.9642431466030988,0.986667405826427,0.18947368421052618
14,0.7015333609614588,0.9837753494847966,0.9604863221884498,0.9642431466030988,0.986667405826427,0.18947368421052618
15,0.7015333609614588,0.9837753494847966,0.9604863221884498,0.9642431466030988,0.986667405826427,0.18947368421052618
17,0.6007425202009173,0.8719001204369715,0.8328267477203647,0.6759535160905841,0.8512902957562991,0.22105263157894753
19,0.6007425202009173,0.8719001204369715,0.8328267477203647,0.6759535160905841,0.8512902957562991,0.22105263157894753
20,0.6007425202009173,0.8719001204369715,0.8328267477203647,0.6759535160905841,0.8512902957562991,0.22105263157894753
21,0.6007425202009173,0.8719001204369715,0.8328267477203647,0.6759535160905841,0.8512902957562991,0.22105263157894753
26,0.6691026632000565,0.9471493194345014,0.9179331306990881,0.8544185254554743,0.9415417024697176,0.05263157894736797
28,0.6355263157894739,0.9098684640875947,0.8753799392097263,0.7592371871275327,0.8964159991130084,0.08421052631578979
29,0.6355263157894739,0.9098684640875947,0.8753799392097263,0.7592371871275327,0.8964159991130084,0.08421052631578979
30,0.6355263157894739,0.9098684640875947,0.8753799392097263,0.7592371871275327,0.8964159991130084,0.08421052631578979
34,0.7015333609614588,0.9837753494847966,0.9604863221884498,0.9642431466030988,0.986667405826427,0.18947368421052618
35,0.7015333609614588,0.9837753494847966,0.9604863221884498,0.9642431466030988,0.986667405826427,0.18947368421052618
39,0.6563275434243178,1.0,1.0,1.0,1.0,0.0
40,0.6563275434243178,1.0,1.0,1.0,1.0,0.0
42,0.6563275434243178,1.0,1.0,1.0,1.0,0.0
43,0.6563275434243178,1.0,1.0,1.0,1.0,0.0
45,1.0,0.8671662179067713,0.7203647416413375,0.6884045632555763,0.8584154068126215,0.9999999999999999
46,1.0,0.8671662179067713,0.7203647416413375,0.6884045632555763,0.8584154068126215,0.9999999999999999
50,0.6563275434243178,1.0,1.0,1.0,1.0,0.0
52,1.0,0.8671662179067713,0.7203647416413375,0.6884045632555763,0.8584154068126215,0.9999999999999999
53,1.0,0.8671662179067713,0.7203647416413375,0.6884045632555763,0.8584154068126215,0.9999999999999999
54,1.0,0.8671662179067713,0.7203647416413375,0.6884045632555763,0.8584154068126215,0.9999999999999999
57,0.0,0.0,0.0,0.0,0.0,1.0
58,0.6563275434243178,1.0,1.0,1.0,1.0,0.0
