3,0.08333333333333337,0.7887761333237086,0.8947368421052632,0.3103448275862069,0.7241379310344828,0.0
5,0.08333333333333337,0.7887761333237086,0.8947368421052632,0.3103448275862069,0.7241379310344828,0.0
6,0.08333333333333337,0.7887761333237086,0.8947368421052632,0.3103448275862069,0.7241379310344828,0.0
7,0.08333333333333337,0.7887761333237086,0.8947368421052632,0.3103448275862069,0.7241379310344828,0.0
9,0.08333333333333337,0.7887761333237086,0.8947368421052632,0.3103448275862069,0.7241379310344828,0.0
10,0.08333333333333337,0.7887761333237086,0.8947368421052632,0.3103448275862069,0.7241379310344828,0.0
11,0.08333333333333337,0.7887761333237086,0.8947368421052632,0.3103448275862069,0.7241379310344828,0.0
12,0.5416666666666667,1.0,1.0,1.0,1.0,1.0
14,0.08333333333333337,0.7887761333237086,0.8947368421052632,0.3103448275862069,0.7241379310344828,0.0
15,1.0,0.0,0.0,0.0,0.0,0.24999999999999997
18,0.0,0.6055962484545381,0.6842105263157895,0.1810344827586207,0.5632183908045978,0.24999999999999992
19,0.0,0.6055962484545381,0.6842105263157895,0.1810344827586207,0.5632183908045978,0.24999999999999992
20,0.0,0.6055962484545381,0.6842105263157895,0.1810344827586207,0.5632183908045978,0.24999999999999992
21,0.0,0.6055962484545381,0.6842105263157895,0.1810344827586207,0.5632183908045978,0.24999999999999992
22,0.0,0.6055962484545381,0.6842105263157895,0.1810344827586207,0.5632183908045978,0.24999999999999992
23,0.0,0.6055962484545381,0.6842105263157895,0.1810344827586207,0.5632183908045978,0.24999999999999992
24,0.0,0.6055962484545381,0.6842105263157895,0.1810344827586207,0.5632183908045978,0.24999999999999992
26,0.0,0.6055962484545381,0.6842105263157895,0.1810344827586207,0.5632183908045978,0.24999999999999992
29,0.08333333333333337,0.7887761333237086,0.8947368421052632,0.3103448275862069,0.7241379310344828,0.0
