2,0,1.0,1.0,1.0,1.0,1.0
4,0,1.0,1.0,1.0,1.0,1.0
6,0,1.0,1.0,1.0,1.0,1.0
8,0,1.0,1.0,1.0,1.0,1.0
10,0,1.0,1.0,1.0,1.0,1.0
11,0,1.0,1.0,1.0,1.0,1.0
12,0,1.0,1.0,1.0,1.0,1.0
13,0,1.0,1.0,1.0,1.0,1.0
14,0,1.0,1.0,1.0,1.0,1.0
16,0,1.0,1.0,1.0,1.0,1.0
18,0,0.0,0.0,0.0,0.0,0.0
19,0,0.0,0.0,0.0,0.0,0.0
20,0,0.0,0.0,0.0,0.0,0.0
22,0,1.0,1.0,1.0,1.0,1.0
24,0,0.7302478819327732,0.6923076923076923,0.08809135399673737,0.6923076923076923,0.6923076923076923
26,0,1.0,1.0,1.0,1.0,1.0
28,0,0.7653579708637014,0.7307692307692307,0.1062689349801911,0.7307692307692306,0.7307692307692306
30,0,1.0,1.0,1.0,1.0,1.0
31,0,1.0,1.0,1.0,1.0,1.0
36,0,1.0,1.0,1.0,1.0,1.0
37,0,1.0,1.0,1.0,1.0,1.0
38,0,1.0,1.0,1.0,1.0,1.0
39,0,1.0,1.0,1.0,1.0,1.0
40,0,1.0,1.0,1.0,1.0,1.0
