4,1.0,1.0,1.0,1.0,1.0,0.0
9,1.0,1.0,1.0,1.0,1.0,0.0
10,1.0,1.0,1.0,1.0,1.0,0.0
11,1.0,1.0,1.0,1.0,1.0,0.0
12,1.0,1.0,1.0,1.0,1.0,0.0
13,1.0,1.0,1.0,1.0,1.0,0.0
14,1.0,1.0,1.0,1.0,1.0,0.0
15,1.0,1.0,1.0,1.0,1.0,0.0
17,1.0,1.0,1.0,1.0,1.0,0.0
19,1.0,1.0,1.0,1.0,1.0,0.0
21,0.27240143369175607,0.4465925708617674,0.48606271777003485,0.3177966101694914,0.3299788135593221,0.9942857142857144
22,0.27240143369175607,0.4465925708617674,0.48606271777003485,0.3177966101694914,0.3299788135593221,0.9942857142857144
24,1.0,1.0,1.0,1.0,1.0,0.0
25,1.0,1.0,1.0,1.0,1.0,0.0
26,1.0,1.0,1.0,1.0,1.0,0.0
28,0.8222090962787953,0.6771647072895257,0.6254355400696864,0.7284876140808345,0.7393510258697593,0.24571428571428583
30,1.0,1.0,1.0,1.0,1.0,0.0
31,1.0,1.0,1.0,1.0,1.0,0.0
34,0.0,0.08538452065992863,0.1167247386759582,0.00557537912578049,0.005892478813559432,1.0
35,0.1523437499999996,0.0,0.0,0.0,0.0,0.7085714285714286
37,1.0,1.0,1.0,1.0,1.0,0.0
38,1.0,1.0,1.0,1.0,1.0,0.0
