7,0.7727272727272727,0.9354143466934853,0.9506172839506173,0.5909090909090909,0.625,0.0
10,0.7727272727272727,0.9354143466934853,0.9506172839506173,0.5909090909090909,0.625,0.0
11,0.7727272727272727,0.9354143466934853,0.9506172839506173,0.5909090909090909,0.625,0.0
13,0.7727272727272727,0.9354143466934853,0.9506172839506173,0.5909090909090909,0.625,0.0
14,0.7727272727272727,0.9354143466934853,0.9506172839506173,0.5909090909090909,0.625,0.0
15,0.8225806451612903,0.9921567416492215,1.0,0.6724137931034482,0.703125,0.4
16,0.7727272727272727,0.9354143466934853,0.9506172839506173,0.5909090909090909,0.625,0.0
18,0.7727272727272727,0.9354143466934853,0.9506172839506173,0.5909090909090909,0.625,0.0
21,0.7727272727272727,0.9354143466934853,0.9506172839506173,0.5909090909090909,0.625,0.0
24,0.7727272727272727,0.9354143466934853,0.9506172839506173,0.5909090909090909,0.625,0.0
26,0.7727272727272727,0.9354143466934853,0.9506172839506173,0.5909090909090909,0.625,0.0
27,0.0,0.0,0.0,0.0,0.0,0.8
29,0.7727272727272727,0.9354143466934853,0.9506172839506173,0.5909090909090909,0.625,0.0
30,0.693877551020408,0.6948083337796511,0.6049382716049384,0.46428571428571425,0.5,0.5000000000000002
31,0.6296296296296297,0.45374260648651504,0.32098765432098764,0.36111111111111105,0.39473684210526316,0.5000000000000001
33,0.7727272727272727,0.9354143466934853,0.9506172839506173,0.5909090909090909,0.625,0.0
36,0.7727272727272727,0.9354143466934853,0.9506172839506173,0.5909090909090909,0.625,0.0
39,0.7727272727272727,0.9354143466934853,0.9506172839506173,0.5909090909090909,0.625,0.0
41,0.7727272727272727,0.9354143466934853,0.9506172839506173,0.5909090909090909,0.625,0.0
42,0.5312499999999999,0.3988620176087328,0.2592592592592593,0.2826086956521739,0.3125,1.0
44,1.0,1.0,0.7901234567901234,1.0,1.0,0.9999999999999998
46,0.7727272727272727,0.9354143466934853,0.9506172839506173,0.5909090909090909,0.625,0.0
