4,0.536037491919845,0.972751971086523,0.994910941475827,0.7857142857142857,0.8358662613981762,0.0
6,0.536037491919845,0.972751971086523,0.994910941475827,0.7857142857142857,0.8358662613981762,0.0
8,0.536037491919845,0.972751971086523,0.994910941475827,0.7857142857142857,0.8358662613981762,0.0
11,0.536037491919845,0.972751971086523,0.994910941475827,0.7857142857142857,0.8358662613981762,0.0
13,0.536037491919845,0.972751971086523,0.994910941475827,0.7857142857142857,0.8358662613981762,0.0
15,0.536037491919845,0.972751971086523,0.994910941475827,0.7857142857142857,0.8358662613981762,0.0
16,0.536037491919845,0.972751971086523,0.994910941475827,0.7857142857142857,0.8358662613981762,0.0
17,0.536037491919845,0.972751971086523,0.994910941475827,0.7857142857142857,0.8358662613981762,0.0
18,0.5291991630207344,0.8701210584079864,0.8295165394402035,0.7188940092165899,0.78031212484994,0.025862068965517147
20,0.5879120879120879,1.0,1.0,0.84375,0.8823529411764703,0.2241379310344828
25,0.536037491919845,0.972751971086523,0.994910941475827,0.7857142857142857,0.8358662613981762,0.0
26,0.536037491919845,0.972751971086523,0.994910941475827,0.7857142857142857,0.8358662613981762,0.0
27,0.536037491919845,0.972751971086523,0.994910941475827,0.7857142857142857,0.8358662613981762,0.0
29,0.536037491919845,0.972751971086523,0.994910941475827,0.7857142857142857,0.8358662613981762,0.0
30,0.5291991630207344,0.8701210584079864,0.8295165394402035,0.7188940092165899,0.78031212484994,0.025862068965517147
31,0.5291991630207344,0.8701210584079864,0.8295165394402035,0.7188940092165899,0.78031212484994,0.025862068965517147
37,0.536037491919845,0.972751971086523,0.994910941475827,0.7857142857142857,0.8358662613981762,0.0
39,0.536037491919845,0.972751971086523,0.994910941475827,0.7857142857142857,0.8358662613981762,0.0
40,0.7642857142857143,0.9266618371861771,0.7633587786259542,0.9130434782608695,0.9358288770053476,0.6896551724137931
42,0.7642857142857143,0.9266618371861771,0.7633587786259542,0.9130434782608695,0.9358288770053476,0.6896551724137931
43,0.8624235686492501,0.9098335437165468,0.6844783715012722,0.9500000000000001,0.9634888438133874,0.8448275862068965
44,0.17774086378737558,0.025472892413261315,0.002544529262086505,0.008928571428571432,0.012357884330202676,0.15517241379310343
45,0.17774086378737558,0.025472892413261315,0.002544529262086505,0.008928571428571432,0.012357884330202676,0.15517241379310343
48,0.7642857142857143,0.8006557195882809,0.5954198473282443,0.782312925170068,0.8330918574326281,0.5517241379310346
49,0.0,0.0,0.0,0.0,0.0,0.2672413793103448
50,0.0,0.0,0.0,0.0,0.0,0.2672413793103448
52,1.0,0.9025472892413261,0.6055979643765904,1.0,1.0,1.0
57,0.6560392397302266,0.9316246323013487,0.8396946564885497,0.8465608465608465,0.8845643520566121,0.422413793103448
59,0.6560392397302266,0.9316246323013487,0.8396946564885497,0.8465608465608465,0.8845643520566121,0.422413793103448
