3,0.9482758620689656,0.9503819266229829,0.9268292682926829,0.8965517241379309,0.9032258064516129,0.0
5,0.9482758620689656,0.9503819266229829,0.9268292682926829,0.8965517241379309,0.9032258064516129,0.0
6,0.9482758620689656,0.9503819266229829,0.9268292682926829,0.8965517241379309,0.9032258064516129,0.0
7,0.9482758620689656,0.9503819266229829,0.9268292682926829,0.8965517241379309,0.9032258064516129,0.0
8,0.9482758620689656,0.9503819266229829,0.9268292682926829,0.8965517241379309,0.9032258064516129,0.0
9,0.9482758620689656,0.9503819266229829,0.9268292682926829,0.8965517241379309,0.9032258064516129,0.0
10,0.9482758620689656,0.9503819266229829,0.9268292682926829,0.8965517241379309,0.9032258064516129,0.0
11,0.0,0.0,0.07317073170731707,0.0,0.0,0.5714285714285714
12,0.9482758620689656,0.9503819266229829,0.9268292682926829,0.8965517241379309,0.9032258064516129,0.0
13,0.9482758620689656,0.9503819266229829,0.9268292682926829,0.8965517241379309,0.9032258064516129,0.0
14,0.0,0.0,0.0,0.0,0.0,1.0
15,0.9482758620689656,0.9503819266229829,0.9268292682926829,0.8965517241379309,0.9032258064516129,0.0
16,0.9482758620689656,0.9503819266229829,0.9268292682926829,0.8965517241379309,0.9032258064516129,0.0
17,0.9482758620689656,0.9503819266229829,0.9268292682926829,0.8965517241379309,0.9032258064516129,0.0
18,0.9482758620689656,0.9503819266229829,0.9268292682926829,0.8965517241379309,0.9032258064516129,0.0
19,1.0,1.0,1.0,1.0,1.0,0.4285714285714285
20,0.9482758620689656,0.9503819266229829,0.9268292682926829,0.8965517241379309,0.9032258064516129,0.0
21,0.9482758620689656,0.9503819266229829,0.9268292682926829,0.8965517241379309,0.9032258064516129,0.0
