6,0,1.0,1.0,1.0,1.0,1.0
8,0,1.0,1.0,1.0,1.0,1.0
10,0,1.0,1.0,1.0,1.0,1.0
11,0,1.0,1.0,1.0,1.0,1.0
12,0,1.0,1.0,1.0,1.0,1.0
13,0,1.0,1.0,1.0,1.0,1.0
14,0,1.0,1.0,1.0,1.0,1.0
15,0,1.0,1.0,1.0,1.0,1.0
16,0,1.0,1.0,1.0,1.0,1.0
17,0,1.0,1.0,1.0,1.0,1.0
18,0,1.0,1.0,1.0,1.0,1.0
19,0,1.0,1.0,1.0,1.0,1.0
20,0,0.0,0.0,0.0,0.0,0.0
21,0,0.0,0.0,0.0,0.0,0.0
24,0,1.0,1.0,1.0,1.0,1.0
26,0,1.0,1.0,1.0,1.0,1.0
27,0,1.0,1.0,1.0,1.0,1.0
28,0,1.0,1.0,1.0,1.0,1.0
29,0,0.5590169943749475,0.3125,0.028409090909090908,0.3125,0.3125
30,0,0.5590169943749475,0.3125,0.028409090909090908,0.3125,0.3125
31,0,0.5590169943749475,0.3125,0.028409090909090908,0.3125,0.3125
33,0,0.43301270189221935,0.1875,0.014423076923076924,0.1875,0.1875
34,0,0.5590169943749475,0.3125,0.028409090909090908,0.3125,0.3125
36,0,1.0,1.0,1.0,1.0,1.0
37,0,0.5590169943749475,0.3125,0.028409090909090908,0.3125,0.3125
38,0,1.0,1.0,1.0,1.0,1.0
