2,0.6325354609929077,1.0,1.0,1.0,1.0,0.0
4,0.6325354609929077,1.0,1.0,1.0,1.0,0.0
5,0.6325354609929077,1.0,1.0,1.0,1.0,0.0
6,0.6325354609929077,1.0,1.0,1.0,1.0,0.0
8,0.6325354609929077,1.0,1.0,1.0,1.0,0.0
9,0.6325354609929077,1.0,1.0,1.0,1.0,0.0
11,0.0,0.0,0.0,0.0,0.0,0.9999999999999993
12,0.0,0.0,0.0,0.0,0.0,0.9999999999999993
13,0.0,0.0,0.0,0.0,0.0,0.9999999999999993
17,0.6325354609929077,1.0,1.0,1.0,1.0,0.0
19,1.0,0.7885057749414396,0.6248506571087216,0.6102649430436452,0.7823257533740062,1.0
21,0.6325354609929077,1.0,1.0,1.0,1.0,0.0
