12,0.0,0.9956382082220429,1.0,0.13793103448275848,0.14187643020594903,0.0
15,0.0,0.9956382082220429,1.0,0.13793103448275848,0.14187643020594903,0.0
16,0.0,0.9956382082220429,1.0,0.13793103448275848,0.14187643020594903,0.0
17,0.0,0.9956382082220429,1.0,0.13793103448275848,0.14187643020594903,0.0
18,0.0,0.9956382082220429,1.0,0.13793103448275848,0.14187643020594903,0.0
19,0.0,0.9956382082220429,1.0,0.13793103448275848,0.14187643020594903,0.0
20,0.0,0.9956382082220429,1.0,0.13793103448275848,0.14187643020594903,0.0
21,0.0,0.9956382082220429,1.0,0.13793103448275848,0.14187643020594903,0.0
22,0.0,0.9956382082220429,1.0,0.13793103448275848,0.14187643020594903,0.0
23,0.0,0.9956382082220429,1.0,0.13793103448275848,0.14187643020594903,0.0
24,1.0,1.0,0.5576923076923077,1.0,1.0,1.0
25,0.0,0.9956382082220429,1.0,0.13793103448275848,0.14187643020594903,0.0
26,0.45168067226890823,0.0,0.0,0.0,0.0,0.41176470588235303
28,0.0,0.9956382082220429,1.0,0.13793103448275848,0.14187643020594903,0.0
30,0.0,0.9956382082220429,1.0,0.13793103448275848,0.14187643020594903,0.0
