4,0.12661057692307678,1.0,1.0,1.0,1.0,0.0
7,0.12661057692307678,1.0,1.0,1.0,1.0,0.0
8,0.12661057692307678,1.0,1.0,1.0,1.0,0.0
10,0.09504394531249964,0.9656933505671828,0.9567099567099568,0.47829688535453946,0.9565937707090789,0.08080808080808081
13,0.09504394531249964,0.9656933505671828,0.9567099567099568,0.47829688535453946,0.9565937707090789,0.08080808080808081
15,0.09504394531249964,0.9656933505671828,0.9567099567099568,0.47829688535453946,0.9565937707090789,0.08080808080808081
17,0.09504394531249964,0.9656933505671828,0.9567099567099568,0.47829688535453946,0.9565937707090789,0.08080808080808081
18,1.0,0.5735312037210324,0.48701298701298706,0.03986286363451942,0.4995029821073559,1.0
20,1.0,0.5735312037210324,0.48701298701298706,0.03986286363451942,0.4995029821073559,1.0
21,0.2574190647482014,0.0,0.0,0.0,0.0,0.09090909090909088
23,1.0,0.5735312037210324,0.48701298701298706,0.03986286363451942,0.4995029821073559,1.0
25,0.09504394531249964,0.9656933505671828,0.9567099567099568,0.47829688535453946,0.9565937707090789,0.08080808080808081
29,0.09504394531249964,0.9656933505671828,0.9567099567099568,0.47829688535453946,0.9565937707090789,0.08080808080808081
30,0.09504394531249964,0.9656933505671828,0.9567099567099568,0.47829688535453946,0.9565937707090789,0.08080808080808081
31,0.09504394531249964,0.9656933505671828,0.9567099567099568,0.47829688535453946,0.9565937707090789,0.08080808080808081
32,0.09504394531249964,0.9656933505671828,0.9567099567099568,0.47829688535453946,0.9565937707090789,0.08080808080808081
33,0.09504394531249964,0.9656933505671828,0.9567099567099568,0.47829688535453946,0.9565937707090789,0.08080808080808081
34,0.09504394531249964,0.9656933505671828,0.9567099567099568,0.47829688535453946,0.9565937707090789,0.08080808080808081
35,0.0,0.5955874987719911,0.5259740259740261,0.04473161033797217,0.5295482742641892,0.23232323232323238
36,0.09504394531249964,0.9656933505671828,0.9567099567099568,0.47829688535453946,0.9565937707090789,0.08080808080808081
37,0.46332131410256416,0.6568485383072467,0.5822510822510822,0.05687016114693951,0.5917512601160713,0.5252525252525252
39,0.09504394531249964,0.9656933505671828,0.9567099567099568,0.47829688535453946,0.9565937707090789,0.08080808080808081
41,0.12661057692307678,1.0,1.0,1.0,1.0,0.0
44,0.12661057692307678,1.0,1.0,1.0,1.0,0.0
45,0.12661057692307678,1.0,1.0,1.0,1.0,0.0
46,0.12661057692307678,1.0,1.0,1.0,1.0,0.0
47,0.12661057692307678,1.0,1.0,1.0,1.0,0.0
48,0.12661057692307678,1.0,1.0,1.0,1.0,0.0
50,0.09504394531249964,0.9656933505671828,0.9567099567099568,0.47829688535453946,0.9565937707090789,0.08080808080808081
52,0.09504394531249964,0.9656933505671828,0.9567099567099568,0.47829688535453946,0.9565937707090789,0.08080808080808081
53,0.09504394531249964,0.9656933505671828,0.9567099567099568,0.47829688535453946,0.9565937707090789,0.08080808080808081
54,0.09504394531249964,0.9656933505671828,0.9567099567099568,0.47829688535453946,0.9565937707090789,0.08080808080808081
55,0.09504394531249964,0.9656933505671828,0.9567099567099568,0.47829688535453946,0.9565937707090789,0.08080808080808081
56,0.2109950859950858,0.7939344049338604,0.7424242424242425,0.11001889895196722,0.7482112338500325,0.1717171717171717
58,1.0,0.5735312037210324,0.48701298701298706,0.03986286363451942,0.4995029821073559,1.0
61,0.12661057692307678,1.0,1.0,1.0,1.0,0.0
64,0.12661057692307678,1.0,1.0,1.0,1.0,0.0
