8,0.38,0.9781169217079495,1.0,0.8574153552694325,0.9329730302548616,0.0
11,0.38,0.9781169217079495,1.0,0.8574153552694325,0.9329730302548616,0.0
12,0.38,0.9781169217079495,1.0,0.8574153552694325,0.9329730302548616,0.0
14,0.4054794520547945,0.9024284989816362,0.8357329842931939,0.7392737924926766,0.8677824158452061,0.23999999999999994
16,0.0,0.0,0.0,0.0,0.0,0.76
18,0.0,0.0,0.0,0.0,0.0,0.76
20,0.0,0.0,0.0,0.0,0.0,0.76
24,0.0,0.0,0.0,0.0,0.0,0.76
27,0.0,0.0,0.0,0.0,0.0,0.76
33,0.5147826086956523,0.9329699303204262,0.7696335078534033,0.8574153552694325,0.9329730302548616,1.0
35,1.0,0.37957389270152364,0.07918848167539268,0.06914639961850262,0.1467175329836274,0.48
39,0.4582524271844662,0.7974364471045066,0.62434554973822,0.5718813991977334,0.7556221662087184,0.5200000000000001
41,0.5147826086956523,0.9329699303204262,0.7696335078534033,0.8574153552694325,0.9329730302548616,1.0
43,0.43636363636363634,0.1195885552188969,0.005235602094240839,0.007543243594745735,0.017289136456335796,0.04000000000000001
47,0.5230769230769231,0.8886590130251454,0.6982984293193718,0.7520267048164043,0.8753097711797494,0.9600000000000002
49,0.5147826086956523,0.9329699303204262,0.7696335078534033,0.8574153552694325,0.9329730302548616,1.0
50,0.5147826086956523,0.9329699303204262,0.7696335078534033,0.8574153552694325,0.9329730302548616,1.0
52,0.5147826086956523,0.9329699303204262,0.7696335078534033,0.8574153552694325,0.9329730302548616,1.0
54,0.5026737967914439,0.806794195195881,0.6020942408376964,0.5877443967572723,0.767445557145128,0.74
58,0.4582524271844662,0.7974364471045066,0.62434554973822,0.5718813991977334,0.7556221662087184,0.5200000000000001
60,0.5147826086956523,0.9329699303204262,0.7696335078534033,0.8574153552694325,0.9329730302548616,1.0
65,0.27058823529411774,0.22888914630984944,0.09816753926701573,0.06794385353818085,0.14437516308113119,0.23999999999999994
67,0.4590604026845639,1.0,0.9339005235602095,1.0,1.0,0.76
