2,0.7195121951219512,1.0,1.0,1.0,1.0,0.0
6,0.7195121951219512,1.0,1.0,1.0,1.0,0.0
7,0.7195121951219512,1.0,1.0,1.0,1.0,0.0
8,0.7195121951219512,1.0,1.0,1.0,1.0,0.0
9,0.7195121951219512,1.0,1.0,1.0,1.0,0.0
10,0.7195121951219512,1.0,1.0,1.0,1.0,0.0
11,0.7195121951219512,1.0,1.0,1.0,1.0,0.0
12,0.7195121951219512,1.0,1.0,1.0,1.0,0.0
14,0.7195121951219512,1.0,1.0,1.0,1.0,0.0
15,0.7108433734939759,0.699702317656111,0.5246636771300448,0.8541666666666667,0.8703703703703703,0.041666666666666706
18,0.7195121951219512,1.0,1.0,1.0,1.0,0.0
19,0.7195121951219512,1.0,1.0,1.0,1.0,0.0
21,0.6719817767653757,0.8612740152198539,0.8206278026905829,0.8541666666666667,0.8703703703703703,0.4027777777777775
23,0.6719817767653757,0.8612740152198539,0.8206278026905829,0.8541666666666667,0.8703703703703703,0.4027777777777775
26,0.6413043478260869,0.7414226880391382,0.6547085201793722,0.7592592592592593,0.7833333333333334,0.5555555555555556
28,0.6413043478260869,0.7414226880391382,0.6547085201793722,0.7592592592592593,0.7833333333333334,0.5555555555555556
29,0.6413043478260869,0.7414226880391382,0.6547085201793722,0.7592592592592593,0.7833333333333334,0.5555555555555556
31,0.5841584158415841,0.5967081414398551,0.48430493273542596,0.6212121212121212,0.6527777777777778,0.7916666666666666
33,0.6629213483146067,0.538631095268481,0.35874439461883406,0.6833333333333335,0.7121212121212122,0.19444444444444456
34,0.6629213483146067,0.538631095268481,0.35874439461883406,0.6833333333333335,0.7121212121212122,0.19444444444444456
35,0.6629213483146067,0.538631095268481,0.35874439461883406,0.6833333333333335,0.7121212121212122,0.19444444444444456
39,0.5841584158415841,0.5967081414398551,0.48430493273542596,0.6212121212121212,0.6527777777777778,0.7916666666666666
41,0.4719999999999999,0.2950204010522612,0.17937219730941706,0.35964912280701755,0.3916666666666667,0.5972222222222224
42,0.4719999999999999,0.2950204010522612,0.17937219730941706,0.35964912280701755,0.3916666666666667,0.5972222222222224
46,0.5841584158415841,0.5967081414398551,0.48430493273542596,0.6212121212121212,0.6527777777777778,0.7916666666666666
49,0.0,0.0,0.0,0.0,0.0,1.0
50,0.0,0.0,0.0,0.0,0.0,1.0
52,0.0,0.0,0.008968609865470852,0.0,0.0,0.8333333333333334
53,0.0,0.0,0.008968609865470852,0.0,0.0,0.8333333333333334
58,0.0,0.0,0.0,0.0,0.0,1.0
59,0.0,0.0,0.0,0.0,0.0,1.0
61,0.5841584158415841,0.5967081414398551,0.48430493273542596,0.6212121212121212,0.6527777777777778,0.7916666666666666
62,0.5514018691588785,0.3298428357510533,0.19282511210762332,0.42708333333333337,0.4607843137254902,0.3472222222222223
63,0.5841584158415841,0.5967081414398551,0.48430493273542596,0.6212121212121212,0.6527777777777778,0.7916666666666666
65,0.0,0.0,0.0,0.0,0.0,1.0
69,0.0,0.0,0.0,0.0,0.0,1.0
72,0.0,0.0,0.0,0.0,0.0,1.0
73,0.0,0.0,0.0,0.0,0.0,1.0
77,0.5841584158415841,0.5967081414398551,0.48430493273542596,0.6212121212121212,0.6527777777777778,0.7916666666666666
78,0.0,0.0,0.0,0.0,0.0,1.0
79,0.5841584158415841,0.5967081414398551,0.48430493273542596,0.6212121212121212,0.6527777777777778,0.7916666666666666
81,0.7195121951219512,1.0,1.0,1.0,1.0,0.0
82,0.0,0.0,0.013452914798206277,0.0,0.0,0.75
83,0.7195121951219512,1.0,1.0,1.0,1.0,0.0
84,1.0,0.5713045500334204,0.22869955156950675,0.8541666666666667,0.8703703703703703,0.3194444444444444
86,0.6812933025404156,0.8712312710460862,0.8251121076233183,0.8760683760683761,0.8901515151515151,0.3194444444444445
87,0.7195121951219512,1.0,1.0,1.0,1.0,0.0
