2,1.0,1.0,1.0,1.0,1.0,0
6,1.0,1.0,1.0,1.0,1.0,0
8,1.0,1.0,1.0,1.0,1.0,0
9,1.0,1.0,1.0,1.0,1.0,0
11,1.0,1.0,1.0,1.0,1.0,0
12,1.0,1.0,1.0,1.0,1.0,0
14,1.0,1.0,1.0,1.0,1.0,0
16,1.0,1.0,1.0,1.0,1.0,0
18,1.0,1.0,1.0,1.0,1.0,0
19,1.0,1.0,1.0,1.0,1.0,0
21,0.0,0.0,0.0,0.0,0.0,0
22,0.0,0.0,0.0,0.0,0.0,0
25,1.0,1.0,1.0,1.0,1.0,0
27,1.0,1.0,1.0,1.0,1.0,0
28,1.0,1.0,1.0,1.0,1.0,0
30,1.0,1.0,1.0,1.0,1.0,0
31,0.0,0.0,0.0,0.0,0.0,0
32,1.0,1.0,1.0,1.0,1.0,0
33,0.0,0.0,0.0,0.0,0.0,0
35,1.0,1.0,1.0,1.0,1.0,0
37,1.0,1.0,1.0,1.0,1.0,0
