5,1.0,1.0,1.0,1.0,1.0,0.0
6,1.0,1.0,1.0,1.0,1.0,0.0
8,1.0,1.0,1.0,1.0,1.0,0.0
9,1.0,1.0,1.0,1.0,1.0,0.0
10,1.0,1.0,1.0,1.0,1.0,0.0
11,1.0,1.0,1.0,1.0,1.0,0.0
13,1.0,1.0,1.0,1.0,1.0,0.0
14,1.0,1.0,1.0,1.0,1.0,0.0
15,1.0,1.0,1.0,1.0,1.0,0.0
16,1.0,1.0,1.0,1.0,1.0,0.0
17,1.0,1.0,1.0,1.0,1.0,0.0
18,1.0,1.0,1.0,1.0,1.0,0.0
19,1.0,1.0,1.0,1.0,1.0,0.0
26,0.4897959183673468,0.4897209114417456,0.4736842105263158,0.40909090909090906,0.45454545454545464,0.6428571428571429
28,0.4897959183673468,0.4897209114417456,0.4736842105263158,0.40909090909090906,0.45454545454545464,0.6428571428571429
29,0.4897959183673468,0.4897209114417456,0.4736842105263158,0.40909090909090906,0.45454545454545464,0.6428571428571429
30,0.4897959183673468,0.4897209114417456,0.4736842105263158,0.40909090909090906,0.45454545454545464,0.6428571428571429
31,0.4897959183673468,0.4897209114417456,0.4736842105263158,0.40909090909090906,0.45454545454545464,0.6428571428571429
32,0.4897959183673468,0.4897209114417456,0.4736842105263158,0.40909090909090906,0.45454545454545464,0.6428571428571429
33,0.4897959183673468,0.4897209114417456,0.4736842105263158,0.40909090909090906,0.45454545454545464,0.6428571428571429
37,0.4897959183673468,0.4897209114417456,0.4736842105263158,0.40909090909090906,0.45454545454545464,0.6428571428571429
38,0.4897959183673468,0.4897209114417456,0.4736842105263158,0.40909090909090906,0.45454545454545464,0.6428571428571429
39,0.4897959183673468,0.4897209114417456,0.4736842105263158,0.40909090909090906,0.45454545454545464,0.6428571428571429
41,0.4897959183673468,0.4897209114417456,0.4736842105263158,0.40909090909090906,0.45454545454545464,0.6428571428571429
42,0.4897959183673468,0.4897209114417456,0.4736842105263158,0.40909090909090906,0.45454545454545464,0.6428571428571429
43,0.4897959183673468,0.4897209114417456,0.4736842105263158,0.40909090909090906,0.45454545454545464,0.6428571428571429
44,0.4897959183673468,0.4897209114417456,0.4736842105263158,0.40909090909090906,0.45454545454545464,0.6428571428571429
45,0.4897959183673468,0.4897209114417456,0.4736842105263158,0.40909090909090906,0.45454545454545464,0.6428571428571429
46,0.4897959183673468,0.4897209114417456,0.4736842105263158,0.40909090909090906,0.45454545454545464,0.6428571428571429
50,0.4897959183673468,0.4897209114417456,0.4736842105263158,0.40909090909090906,0.45454545454545464,0.6428571428571429
51,0.4897959183673468,0.4897209114417456,0.4736842105263158,0.40909090909090906,0.45454545454545464,0.6428571428571429
53,1.0,1.0,1.0,1.0,1.0,0.0
56,1.0,1.0,1.0,1.0,1.0,0.0
57,1.0,1.0,1.0,1.0,1.0,0.0
58,1.0,1.0,1.0,1.0,1.0,0.0
59,1.0,1.0,1.0,1.0,1.0,0.0
60,1.0,1.0,1.0,1.0,1.0,0.0
61,1.0,1.0,1.0,1.0,1.0,0.0
62,1.0,1.0,1.0,1.0,1.0,0.0
63,1.0,1.0,1.0,1.0,1.0,0.0
64,1.0,1.0,1.0,1.0,1.0,0.0
65,1.0,1.0,1.0,1.0,1.0,0.0
66,0.0,0.0,0.0,0.0,0.0,1.0
68,1.0,1.0,1.0,1.0,1.0,0.0
69,1.0,1.0,1.0,1.0,1.0,0.0
70,1.0,1.0,1.0,1.0,1.0,0.0
73,1.0,1.0,1.0,1.0,1.0,0.0
74,1.0,1.0,1.0,1.0,1.0,0.0
77,1.0,1.0,1.0,1.0,1.0,0.0
78,1.0,1.0,1.0,1.0,1.0,0.0
79,0.4897959183673468,0.4897209114417456,0.4736842105263158,0.40909090909090906,0.45454545454545464,0.6428571428571429
80,0.4897959183673468,0.4897209114417456,0.4736842105263158,0.40909090909090906,0.45454545454545464,0.6428571428571429
81,0.4897959183673468,0.4897209114417456,0.4736842105263158,0.40909090909090906,0.45454545454545464,0.6428571428571429
84,1.0,1.0,1.0,1.0,1.0,0.0
85,1.0,1.0,1.0,1.0,1.0,0.0
