2,0.17647058823529405,1.0,1.0,1.0,1.0,0.0
5,0.17647058823529405,1.0,1.0,1.0,1.0,0.0
6,0.17647058823529405,1.0,1.0,1.0,1.0,0.0
7,0.17647058823529405,1.0,1.0,1.0,1.0,0.0
9,0.17647058823529405,1.0,1.0,1.0,1.0,0.0
10,0.17647058823529405,1.0,1.0,1.0,1.0,0.0
12,0.15151515151515146,0.9493502067314362,0.934065934065934,0.7802746566791511,0.9363295880149813,0.1666666666666667
13,0.15151515151515146,0.9493502067314362,0.934065934065934,0.7802746566791511,0.9363295880149813,0.1666666666666667
14,0.15151515151515146,0.9493502067314362,0.934065934065934,0.7802746566791511,0.9363295880149813,0.1666666666666667
15,0.15151515151515146,0.9493502067314362,0.934065934065934,0.7802746566791511,0.9363295880149813,0.1666666666666667
17,0.15151515151515146,0.9493502067314362,0.934065934065934,0.7802746566791511,0.9363295880149813,0.1666666666666667
18,0.15151515151515146,0.9493502067314362,0.934065934065934,0.7802746566791511,0.9363295880149813,0.1666666666666667
19,0.15151515151515146,0.9493502067314362,0.934065934065934,0.7802746566791511,0.9363295880149813,0.1666666666666667
20,0.15151515151515146,0.9493502067314362,0.934065934065934,0.7802746566791511,0.9363295880149813,0.1666666666666667
21,0.15151515151515146,0.9493502067314362,0.934065934065934,0.7802746566791511,0.9363295880149813,0.1666666666666667
24,0.15151515151515146,0.9493502067314362,0.934065934065934,0.7802746566791511,0.9363295880149813,0.1666666666666667
26,0.15151515151515146,0.9493502067314362,0.934065934065934,0.7802746566791511,0.9363295880149813,0.1666666666666667
27,0.15151515151515146,0.9493502067314362,0.934065934065934,0.7802746566791511,0.9363295880149813,0.1666666666666667
28,0.15151515151515146,0.9493502067314362,0.934065934065934,0.7802746566791511,0.9363295880149813,0.1666666666666667
29,0.15151515151515146,0.9493502067314362,0.934065934065934,0.7802746566791511,0.9363295880149813,0.1666666666666667
31,0.15151515151515146,0.9493502067314362,0.934065934065934,0.7802746566791511,0.9363295880149813,0.1666666666666667
33,0.15151515151515146,0.9493502067314362,0.934065934065934,0.7802746566791511,0.9363295880149813,0.1666666666666667
34,0.15151515151515146,0.9493502067314362,0.934065934065934,0.7802746566791511,0.9363295880149813,0.1666666666666667
37,0.15151515151515146,0.9493502067314362,0.934065934065934,0.7802746566791511,0.9363295880149813,0.1666666666666667
38,0.03448275862068957,0.7279449152148247,0.6703296703296703,0.3408239700374532,0.6816479400749064,0.8333333333333333
40,0.17647058823529405,1.0,1.0,1.0,1.0,0.0
42,0.17647058823529405,1.0,1.0,1.0,1.0,0.0
43,0.17647058823529405,1.0,1.0,1.0,1.0,0.0
44,0.17647058823529405,1.0,1.0,1.0,1.0,0.0
45,0.17647058823529405,1.0,1.0,1.0,1.0,0.0
47,0.12499999999999993,0.8970016165688517,0.868131868131868,0.6233279828785446,0.8726591760299625,0.3333333333333334
48,0.12499999999999993,0.8970016165688517,0.868131868131868,0.6233279828785446,0.8726591760299625,0.3333333333333334
50,0.17647058823529405,1.0,1.0,1.0,1.0,0.0
51,1.0,0.0,0.0,0.0,0.0,0.16666666666666669
55,0.0,0.6668159882200263,0.6043956043956044,0.2808988764044944,0.6179775280898876,1.0
56,0.0,0.6668159882200263,0.6043956043956044,0.2808988764044944,0.6179775280898876,1.0
57,0.0,0.6668159882200263,0.6043956043956044,0.2808988764044944,0.6179775280898876,1.0
59,0.0,0.6668159882200263,0.6043956043956044,0.2808988764044944,0.6179775280898876,1.0
60,0.0,0.6668159882200263,0.6043956043956044,0.2808988764044944,0.6179775280898876,1.0
61,0.24324324324324323,0.3005832653113805,0.18681318681318682,0.06688068485821294,0.22888056595921763,0.09999999999999996
62,0.0,0.6668159882200263,0.6043956043956044,0.2808988764044944,0.6179775280898876,1.0
63,0.0,0.6668159882200263,0.6043956043956044,0.2808988764044944,0.6179775280898876,1.0
65,0.24324324324324323,0.3005832653113805,0.18681318681318682,0.06688068485821294,0.22888056595921763,0.09999999999999996
67,0.24324324324324323,0.3005832653113805,0.18681318681318682,0.06688068485821294,0.22888056595921763,0.09999999999999996
68,0.24324324324324323,0.3005832653113805,0.18681318681318682,0.06688068485821294,0.22888056595921763,0.09999999999999996
69,0.24324324324324323,0.3005832653113805,0.18681318681318682,0.06688068485821294,0.22888056595921763,0.09999999999999996
70,0.24324324324324323,0.3005832653113805,0.18681318681318682,0.06688068485821294,0.22888056595921763,0.09999999999999996
72,0.0,0.6668159882200263,0.6043956043956044,0.2808988764044944,0.6179775280898876,1.0
79,0.17647058823529405,1.0,1.0,1.0,1.0,0.0
