6,0,1.0,1.0,1.0,1.0,1.0
9,0,1.0,1.0,1.0,1.0,1.0
10,0,1.0,1.0,1.0,1.0,1.0
11,0,1.0,1.0,1.0,1.0,1.0
12,0,1.0,1.0,1.0,1.0,1.0
13,0,1.0,1.0,1.0,1.0,1.0
14,0,1.0,1.0,1.0,1.0,1.0
16,0,1.0,1.0,1.0,1.0,1.0
17,0,1.0,1.0,1.0,1.0,1.0
18,0,0.23606797749978978,0.2,0.054878048780487805,0.20000000000000007,0.20000000000000007
20,0,0.0,0.0,0.0,0.0,0.0
22,0,1.0,1.0,1.0,1.0,1.0
23,0,1.0,1.0,1.0,1.0,1.0
24,0,0.0,0.0,0.0,0.0,0.0
26,0,0.23606797749978978,0.2,0.054878048780487805,0.20000000000000007,0.20000000000000007
28,0,1.0,1.0,1.0,1.0,1.0
