8,0.8893944538766266,0.9630075371791583,0.9940828402366864,0.908170473275253,0.9285940971120281,0.0
9,0.8893944538766266,0.9630075371791583,0.9940828402366864,0.908170473275253,0.9285940971120281,0.0
10,0.8858579129065469,0.9059628498031961,0.9053254437869822,0.8608272506082725,0.8905109489051096,0.009900990099009585
12,0.9397756686798961,0.9811954822052058,0.9970414201183432,0.9525547445255473,0.9635036496350365,0.14851485148514837
13,0.32326869806094194,0.3015711238761328,0.26627218934911245,0.2408759124087591,0.294403892944039,0.9702970297029699
15,0.9918362573099407,1.0,1.0,1.0,1.0,0.29702970297029724
16,1.0,0.8865373448696655,0.8224852071005917,0.9015950256826167,0.9233576642335768,0.2772277227722776
19,0.9397756686798961,0.8662850271766552,0.8195266272189349,0.8542752867570386,0.8851700195834077,0.1287128712871287
22,0.8893944538766266,0.9630075371791583,0.9940828402366864,0.908170473275253,0.9285940971120281,0.0
25,0.8893944538766266,0.9630075371791583,0.9940828402366864,0.908170473275253,0.9285940971120281,0.0
26,0.8893944538766266,0.9630075371791583,0.9940828402366864,0.908170473275253,0.9285940971120281,0.0
27,0.8893944538766266,0.9630075371791583,0.9940828402366864,0.908170473275253,0.9285940971120281,0.0
28,0.8893944538766266,0.9630075371791583,0.9940828402366864,0.908170473275253,0.9285940971120281,0.0
29,0.8893944538766266,0.9630075371791583,0.9940828402366864,0.908170473275253,0.9285940971120281,0.0
30,0.8893944538766266,0.9630075371791583,0.9940828402366864,0.908170473275253,0.9285940971120281,0.0
32,0.8893944538766266,0.9630075371791583,0.9940828402366864,0.908170473275253,0.9285940971120281,0.0
33,0.8893944538766266,0.9630075371791583,0.9940828402366864,0.908170473275253,0.9285940971120281,0.0
34,0.8893944538766266,0.9630075371791583,0.9940828402366864,0.908170473275253,0.9285940971120281,0.0
35,0.8893944538766266,0.9630075371791583,0.9940828402366864,0.908170473275253,0.9285940971120281,0.0
36,0.8893944538766266,0.9630075371791583,0.9940828402366864,0.908170473275253,0.9285940971120281,0.0
38,0.8893944538766266,0.9630075371791583,0.9940828402366864,0.908170473275253,0.9285940971120281,0.0
39,0.9397756686798961,0.9811954822052058,0.9970414201183432,0.9525547445255473,0.9635036496350365,0.14851485148514837
40,0.9397756686798961,0.9811954822052058,0.9970414201183432,0.9525547445255473,0.9635036496350365,0.14851485148514837
41,0.9397756686798961,0.9811954822052058,0.9970414201183432,0.9525547445255473,0.9635036496350365,0.14851485148514837
42,0.7031366294524187,0.5399417839043961,0.4556213017751479,0.49391727493917265,0.562043795620438,0.3564356435643563
43,0.7031366294524187,0.5399417839043961,0.4556213017751479,0.49391727493917265,0.562043795620438,0.3564356435643563
44,0.7031366294524187,0.5399417839043961,0.4556213017751479,0.49391727493917265,0.562043795620438,0.3564356435643563
45,0.7031366294524187,0.5399417839043961,0.4556213017751479,0.49391727493917265,0.562043795620438,0.3564356435643563
48,0.9397756686798961,0.9811954822052058,0.9970414201183432,0.9525547445255473,0.9635036496350365,0.14851485148514837
49,0.9956213537419232,0.9442554361517473,0.9112426035502958,0.9525547445255473,0.9635036496350365,0.28712871287128716
52,0.8893944538766266,0.9630075371791583,0.9940828402366864,0.908170473275253,0.9285940971120281,0.0
53,0.8893944538766266,0.9630075371791583,0.9940828402366864,0.908170473275253,0.9285940971120281,0.0
54,0.7933552631578941,0.24733493568497772,0.10650887573964497,0.2318387208898157,0.28411005053340826,0.09900990099009917
55,0.7933552631578941,0.24733493568497772,0.10650887573964497,0.2318387208898157,0.28411005053340826,0.09900990099009917
57,0.8893944538766266,0.9630075371791583,0.9940828402366864,0.908170473275253,0.9285940971120281,0.0
58,0.8893944538766266,0.9630075371791583,0.9940828402366864,0.908170473275253,0.9285940971120281,0.0
59,0.0,0.0,0.0,0.0,0.0,1.0
60,0.0,0.0,0.0,0.0,0.0,1.0
62,0.8893944538766266,0.9630075371791583,0.9940828402366864,0.908170473275253,0.9285940971120281,0.0
63,0.8893944538766266,0.9630075371791583,0.9940828402366864,0.908170473275253,0.9285940971120281,0.0
