2,0.5953331332533015,1.0,1.0,1.0,1.0,0.0
5,0.5953331332533015,1.0,1.0,1.0,1.0,0.0
6,0.5953331332533015,1.0,1.0,1.0,1.0,0.0
7,0.5953331332533015,1.0,1.0,1.0,1.0,0.0
8,0.5953331332533015,1.0,1.0,1.0,1.0,0.0
9,0.5953331332533015,1.0,1.0,1.0,1.0,0.0
10,0.5953331332533015,1.0,1.0,1.0,1.0,0.0
11,0.3067735979690746,0.11112386300743278,0.0397489539748954,0.16129032258064516,0.1774193548387097,0.53960396039604
12,0.5953331332533015,1.0,1.0,1.0,1.0,0.0
13,0.3067735979690746,0.11112386300743278,0.0397489539748954,0.16129032258064516,0.1774193548387097,0.53960396039604
14,0.5953331332533015,1.0,1.0,1.0,1.0,0.0
15,1.0,0.4689650609690858,0.15992561599256158,0.7754969045291625,0.7948387096774193,1.0
16,0.5953331332533015,1.0,1.0,1.0,1.0,0.0
17,0.0,0.0,0.0,0.0,0.0,0.9603960396039608
18,0.5953331332533015,1.0,1.0,1.0,1.0,0.0
20,0.8212851405622491,0.3517237957268144,0.11994421199442118,0.5563347358578775,0.5844402277039848,0.5099009900990102
21,0.8212851405622491,0.3517237957268144,0.11994421199442118,0.5563347358578775,0.5844402277039848,0.5099009900990102
23,0.5953331332533015,1.0,1.0,1.0,1.0,0.0
25,0.6050295857988168,0.2344825304845429,0.07996280799628079,0.35543608124253284,0.3821339950372209,0.019801980198019736
26,0.6050295857988168,0.2344825304845429,0.07996280799628079,0.35543608124253284,0.3821339950372209,0.019801980198019736
28,0.5953331332533015,1.0,1.0,1.0,1.0,0.0
29,0.5953331332533015,1.0,1.0,1.0,1.0,0.0
