5,0,0.759164653323964,0.75,0.4177215189873418,0.7500000000000001,0.7500000000000001
6,0,0.759164653323964,0.75,0.4177215189873418,0.7500000000000001,0.7500000000000001
8,0,0.759164653323964,0.75,0.4177215189873418,0.7500000000000001,0.7500000000000001
9,0,0.759164653323964,0.75,0.4177215189873418,0.7500000000000001,0.7500000000000001
12,0,0.759164653323964,0.75,0.4177215189873418,0.7500000000000001,0.7500000000000001
15,0,0.759164653323964,0.75,0.4177215189873418,0.7500000000000001,0.7500000000000001
16,0,0.759164653323964,0.75,0.4177215189873418,0.7500000000000001,0.7500000000000001
17,0,0.759164653323964,0.75,0.4177215189873418,0.7500000000000001,0.7500000000000001
18,0,0.759164653323964,0.75,0.4177215189873418,0.7500000000000001,0.7500000000000001
21,0,0.759164653323964,0.75,0.4177215189873418,0.7500000000000001,0.7500000000000001
22,0,0.759164653323964,0.75,0.4177215189873418,0.7500000000000001,0.7500000000000001
23,0,0.759164653323964,0.75,0.4177215189873418,0.7500000000000001,0.7500000000000001
24,0,0.759164653323964,0.75,0.4177215189873418,0.7500000000000001,0.7500000000000001
26,0,0.759164653323964,0.75,0.4177215189873418,0.7500000000000001,0.7500000000000001
28,0,0.25963539175885103,0.25,0.04641350210970464,0.24999999999999983,0.24999999999999983
29,0,0.25963539175885103,0.25,0.04641350210970464,0.24999999999999983,0.24999999999999983
33,0,0.3868901075676926,0.375,0.08354430379746836,0.3749999999999998,0.3749999999999998
34,0,0.3868901075676926,0.375,0.08354430379746836,0.3749999999999998,0.3749999999999998
36,0,0.759164653323964,0.75,0.4177215189873418,0.7500000000000001,0.7500000000000001
40,0,0.759164653323964,0.75,0.4177215189873418,0.7500000000000001,0.7500000000000001
42,0,0.3868901075676926,0.375,0.08354430379746836,0.3749999999999998,0.3749999999999998
43,0,0.3868901075676926,0.375,0.08354430379746836,0.3749999999999998,0.3749999999999998
44,0,0.3868901075676926,0.375,0.08354430379746836,0.3749999999999998,0.3749999999999998
48,0,0.759164653323964,0.75,0.4177215189873418,0.7500000000000001,0.7500000000000001
50,0,0.0,0.0,0.0,0.0,0.0
51,0,0.0,0.0,0.0,0.0,0.0
52,0,0.0,0.0,0.0,0.0,0.0
54,0,0.759164653323964,0.75,0.4177215189873418,0.7500000000000001,0.7500000000000001
58,0,1.0,1.0,1.0,1.0,1.0
60,0,1.0,1.0,1.0,1.0,1.0
62,0,0.759164653323964,0.75,0.4177215189873418,0.7500000000000001,0.7500000000000001
63,0,0.759164653323964,0.75,0.4177215189873418,0.7500000000000001,0.7500000000000001
64,0,0.759164653323964,0.75,0.4177215189873418,0.7500000000000001,0.7500000000000001
65,0,0.759164653323964,0.75,0.4177215189873418,0.7500000000000001,0.7500000000000001
67,0,1.0,1.0,1.0,1.0,1.0
71,0,1.0,1.0,1.0,1.0,1.0
73,0,1.0,1.0,1.0,1.0,1.0
74,0,1.0,1.0,1.0,1.0,1.0
75,0,1.0,1.0,1.0,1.0,1.0
76,0,1.0,1.0,1.0,1.0,1.0
77,0,1.0,1.0,1.0,1.0,1.0
78,0,1.0,1.0,1.0,1.0,1.0
79,0,1.0,1.0,1.0,1.0,1.0
81,0,1.0,1.0,1.0,1.0,1.0
82,0,1.0,1.0,1.0,1.0,1.0
84,0,0.759164653323964,0.75,0.4177215189873418,0.7500000000000001,0.7500000000000001
86,0,1.0,1.0,1.0,1.0,1.0
91,0,1.0,1.0,1.0,1.0,1.0
