13,0,1.0,1.0,1.0,1.0,1.0
14,0,1.0,1.0,1.0,1.0,1.0
16,0,1.0,1.0,1.0,1.0,1.0
17,0,1.0,1.0,1.0,1.0,1.0
18,0,1.0,1.0,1.0,1.0,1.0
19,0,1.0,1.0,1.0,1.0,1.0
21,0,1.0,1.0,1.0,1.0,1.0
22,0,1.0,1.0,1.0,1.0,1.0
23,0,1.0,1.0,1.0,1.0,1.0
24,0,1.0,1.0,1.0,1.0,1.0
25,0,1.0,1.0,1.0,1.0,1.0
26,0,1.0,1.0,1.0,1.0,1.0
27,0,1.0,1.0,1.0,1.0,1.0
28,0,1.0,1.0,1.0,1.0,1.0
29,0,1.0,1.0,1.0,1.0,1.0
30,0,1.0,1.0,1.0,1.0,1.0
31,0,1.0,1.0,1.0,1.0,1.0
33,0,1.0,1.0,1.0,1.0,1.0
35,0,1.0,1.0,1.0,1.0,1.0
36,0,1.0,1.0,1.0,1.0,1.0
37,0,1.0,1.0,1.0,1.0,1.0
41,0,0.7927522640446426,0.7142857142857143,0.36363636363636365,0.7142857142857143,0.7142857142857143
43,0,0.6760280247271939,0.5714285714285714,0.19393939393939397,0.5714285714285714,0.5714285714285714
45,0,0.7927522640446426,0.7142857142857143,0.36363636363636365,0.7142857142857143,0.7142857142857143
47,0,0.40037188119843486,0.2857142857142857,0.05818181818181818,0.2857142857142857,0.2857142857142857
50,0,1.0,1.0,1.0,1.0,1.0
52,0,1.0,1.0,1.0,1.0,1.0
53,0,1.0,1.0,1.0,1.0,1.0
55,0,1.0,1.0,1.0,1.0,1.0
57,0,1.0,1.0,1.0,1.0,1.0
59,0,1.0,1.0,1.0,1.0,1.0
61,0,1.0,1.0,1.0,1.0,1.0
64,0,1.0,1.0,1.0,1.0,1.0
65,0,1.0,1.0,1.0,1.0,1.0
66,0,1.0,1.0,1.0,1.0,1.0
68,0,1.0,1.0,1.0,1.0,1.0
69,0,1.0,1.0,1.0,1.0,1.0
71,0,1.0,1.0,1.0,1.0,1.0
73,0,0.7927522640446426,0.7142857142857143,0.36363636363636365,0.7142857142857143,0.7142857142857143
74,0,0.7927522640446426,0.7142857142857143,0.36363636363636365,0.7142857142857143,0.7142857142857143
75,0,0.7927522640446426,0.7142857142857143,0.36363636363636365,0.7142857142857143,0.7142857142857143
80,0,0.40037188119843486,0.2857142857142857,0.05818181818181818,0.2857142857142857,0.2857142857142857
82,0,0.0,0.0,0.0,0.0,0.0
83,0,0.0,0.0,0.0,0.0,0.0
84,0,0.0,0.0,0.0,0.0,0.0
88,0,1.0,1.0,1.0,1.0,1.0
89,0,1.0,1.0,1.0,1.0,1.0
90,0,1.0,1.0,1.0,1.0,1.0
92,0,1.0,1.0,1.0,1.0,1.0
94,0,0.7927522640446426,0.7142857142857143,0.36363636363636365,0.7142857142857143,0.7142857142857143
98,0,0.7927522640446426,0.7142857142857143,0.36363636363636365,0.7142857142857143,0.7142857142857143
101,0,1.0,1.0,1.0,1.0,1.0
103,0,1.0,1.0,1.0,1.0,1.0
105,0,0.7927522640446426,0.7142857142857143,0.36363636363636365,0.7142857142857143,0.7142857142857143
109,0,0.7927522640446426,0.7142857142857143,0.36363636363636365,0.7142857142857143,0.7142857142857143
