2,0,1.0,1.0,1.0,1.0,1.0
3,0,1.0,1.0,1.0,1.0,1.0
5,0,1.0,1.0,1.0,1.0,1.0
6,0,1.0,1.0,1.0,1.0,1.0
8,0,1.0,1.0,1.0,1.0,1.0
9,0,1.0,1.0,1.0,1.0,1.0
11,0,1.0,1.0,1.0,1.0,1.0
12,0,1.0,1.0,1.0,1.0,1.0
13,0,1.0,1.0,1.0,1.0,1.0
14,0,1.0,1.0,1.0,1.0,1.0
15,0,0.34183005446755527,0.21875,0.008773500447627574,0.21875,0.21875
16,0,0.34183005446755527,0.21875,0.008773500447627574,0.21875,0.21875
18,0,0.7810531933557144,0.6875,0.06893464637421665,0.6875,0.6875
19,0,0.7810531933557144,0.6875,0.06893464637421665,0.6875,0.6875
21,0,0.7322560942243966,0.625,0.05222321695016413,0.625,0.625
22,0,0.4477742575043856,0.3125,0.014242695531862946,0.3125,0.3125
23,0,0.4477742575043856,0.3125,0.014242695531862946,0.3125,0.3125
24,0,0.4477742575043856,0.3125,0.014242695531862946,0.3125,0.3125
25,0,0.4477742575043856,0.3125,0.014242695531862946,0.3125,0.3125
28,0,0.06404095048054333,0.03125,0.0010107719409709185,0.031249999999999997,0.031249999999999997
29,0,0.06404095048054333,0.03125,0.0010107719409709185,0.031249999999999997,0.031249999999999997
33,0,0.6278274245552,0.5,0.03133393017009848,0.49999999999999994,0.49999999999999994
34,0,0.6278274245552,0.5,0.03133393017009848,0.49999999999999994,0.49999999999999994
35,0,0.0,0.0,0.0,0.0,0.0
36,0,0.0,0.0,0.0,0.0,0.0
37,0,0.0,0.0,0.0,0.0,0.0
39,0,0.5714718593088808,0.4375,0.02437083457674326,0.43750000000000006,0.43750000000000006
40,0,0.3787196484664692,0.25,0.010444643390032825,0.25,0.25
41,0,0.3787196484664692,0.25,0.010444643390032825,0.25,0.25
44,0,0.26203841407150835,0.15625,0.005802579661129347,0.15625,0.15625
45,0,0.26203841407150835,0.15625,0.005802579661129347,0.15625,0.15625
52,0,1.0,1.0,1.0,1.0,1.0
53,0,0.3787196484664692,0.25,0.010444643390032825,0.25,0.25
55,0,0.7569088781455577,0.65625,0.059819321233824364,0.65625,0.65625
56,0,1.0,1.0,1.0,1.0,1.0
