3,0.7745098039215685,1.0,1.0,1.0,1.0,0.0
5,0.7745098039215685,1.0,1.0,1.0,1.0,0.0
6,0.7745098039215685,1.0,1.0,1.0,1.0,0.0
7,0.7745098039215685,1.0,1.0,1.0,1.0,0.0
8,0.7745098039215685,1.0,1.0,1.0,1.0,0.0
9,0.7745098039215685,1.0,1.0,1.0,1.0,0.0
11,0.7745098039215685,1.0,1.0,1.0,1.0,0.0
12,0.7745098039215685,1.0,1.0,1.0,1.0,0.0
13,0.7745098039215685,1.0,1.0,1.0,1.0,0.0
14,1.0,0.9383056527818262,0.8793103448275862,0.6541353383458647,0.9180846853977047,1.0
15,1.0,0.9383056527818262,0.8793103448275862,0.6541353383458647,0.9180846853977047,1.0
19,0.0,0.0,0.0,0.0,0.0,0.9999999999999999
20,0.0,0.0,0.0,0.0,0.0,0.9999999999999999
