3,0,1.0,1.0,1.0,1.0,1.0
7,0,1.0,1.0,1.0,1.0,1.0
8,0,1.0,1.0,1.0,1.0,1.0
9,0,1.0,1.0,1.0,1.0,1.0
11,0,1.0,1.0,1.0,1.0,1.0
12,0,1.0,1.0,1.0,1.0,1.0
13,0,1.0,1.0,1.0,1.0,1.0
14,0,1.0,1.0,1.0,1.0,1.0
15,0,1.0,1.0,1.0,1.0,1.0
16,0,1.0,1.0,1.0,1.0,1.0
17,0,1.0,1.0,1.0,1.0,1.0
18,0,1.0,1.0,1.0,1.0,1.0
19,0,1.0,1.0,1.0,1.0,1.0
22,0,1.0,1.0,1.0,1.0,1.0
24,0,1.0,1.0,1.0,1.0,1.0
26,0,0.1670707366108642,0.1111111111111111,0.014175257731958763,0.11111111111111109,0.11111111111111109
27,0,0.1670707366108642,0.1111111111111111,0.014175257731958763,0.11111111111111109,0.11111111111111109
29,0,1.0,1.0,1.0,1.0,1.0
31,0,0.5441915844389207,0.4444444444444444,0.09072164948453608,0.4444444444444444,0.4444444444444444
32,0,0.5441915844389207,0.4444444444444444,0.09072164948453608,0.4444444444444444,0.4444444444444444
33,0,0.5441915844389207,0.4444444444444444,0.09072164948453608,0.4444444444444444,0.4444444444444444
34,0,0.30791788284817345,0.2222222222222222,0.032400589101620025,0.22222222222222224,0.22222222222222224
36,0,0.43200670971562366,0.3333333333333333,0.05670103092783505,0.3333333333333333,0.3333333333333333
38,0,0.74337952886927,0.6666666666666666,0.22680412371134018,0.6666666666666666,0.6666666666666666
40,0,0.5441915844389207,0.4444444444444444,0.09072164948453608,0.4444444444444444,0.4444444444444444
41,0,0.0,0.0,0.0,0.0,0.0
42,0,0.5441915844389207,0.4444444444444444,0.09072164948453608,0.4444444444444444,0.4444444444444444
43,0,0.5441915844389207,0.4444444444444444,0.09072164948453608,0.4444444444444444,0.4444444444444444
44,0,0.5441915844389207,0.4444444444444444,0.09072164948453608,0.4444444444444444,0.4444444444444444
46,0,0.43200670971562366,0.3333333333333333,0.05670103092783505,0.3333333333333333,0.3333333333333333
48,0,0.43200670971562366,0.3333333333333333,0.05670103092783505,0.3333333333333333,0.3333333333333333
49,0,0.0,0.0,0.0,0.0,0.0
50,0,0.43200670971562366,0.3333333333333333,0.05670103092783505,0.3333333333333333,0.3333333333333333
51,0,0.43200670971562366,0.3333333333333333,0.05670103092783505,0.3333333333333333,0.3333333333333333
52,0,0.43200670971562366,0.3333333333333333,0.05670103092783505,0.3333333333333333,0.3333333333333333
54,0,1.0,1.0,1.0,1.0,1.0
55,0,1.0,1.0,1.0,1.0,1.0
56,0,1.0,1.0,1.0,1.0,1.0
57,0,1.0,1.0,1.0,1.0,1.0
59,0,1.0,1.0,1.0,1.0,1.0
