5,0,1.0,1.0,1.0,1.0,1.0
7,0,1.0,1.0,1.0,1.0,1.0
8,0,1.0,1.0,1.0,1.0,1.0
10,0,1.0,1.0,1.0,1.0,1.0
11,0,1.0,1.0,1.0,1.0,1.0
12,0,0.3982210710570837,0.25,0.004905968928863451,0.25000000000000006,0.25000000000000006
13,0,0.803527595830768,0.7058823529411765,0.03532297628781685,0.7058823529411764,0.7058823529411764
16,0,0.7927841726291328,0.6911764705882353,0.032940077093797454,0.6911764705882353,0.6911764705882353
17,0,0.7927841726291328,0.6911764705882353,0.032940077093797454,0.6911764705882353,0.6911764705882353
18,0,0.7927841726291328,0.6911764705882353,0.032940077093797454,0.6911764705882353,0.6911764705882353
19,0,0.7927841726291328,0.6911764705882353,0.032940077093797454,0.6911764705882353,0.6911764705882353
20,0,0.7819348952243208,0.6764705882352942,0.03077380509923438,0.676470588235294,0.676470588235294
21,0,0.7819348952243208,0.6764705882352942,0.03077380509923438,0.676470588235294,0.676470588235294
22,0,0.49283172745637255,0.3382352941176471,0.0075224856909239576,0.338235294117647,0.338235294117647
23,0,0.49283172745637255,0.3382352941176471,0.0075224856909239576,0.338235294117647,0.338235294117647
27,0,0.4470090530045385,0.29411764705882354,0.006132461161079314,0.29411764705882354,0.29411764705882354
28,0,0.4470090530045385,0.29411764705882354,0.006132461161079314,0.29411764705882354,0.29411764705882354
29,0,0.43110412054264574,0.27941176470588236,0.0057069434478615655,0.2794117647058823,0.2794117647058823
30,0,0.3982210710570837,0.25,0.004905968928863451,0.25000000000000006,0.25000000000000006
31,0,0.3982210710570837,0.25,0.004905968928863451,0.25000000000000006,0.25000000000000006
32,0,0.0,0.0,0.0,0.0,0.0
33,0,0.0,0.0,0.0,0.0,0.0
38,0,0.38119178064033193,0.23529411764705882,0.004528586703566263,0.23529411764705885,0.23529411764705885
