7,0.676470588235294,0.9219544457292888,0.9302325581395348,0.6176470588235294,0.675,0.0
8,0.676470588235294,0.9219544457292888,0.9302325581395348,0.6176470588235294,0.675,0.0
10,0.676470588235294,0.9219544457292888,0.9302325581395348,0.6176470588235294,0.675,0.0
11,0.676470588235294,0.9219544457292888,0.9302325581395348,0.6176470588235294,0.675,0.0
12,0.676470588235294,0.9219544457292888,0.9302325581395348,0.6176470588235294,0.675,0.0
13,0.676470588235294,0.9219544457292888,0.9302325581395348,0.6176470588235294,0.675,0.0
14,0.676470588235294,0.9219544457292888,0.9302325581395348,0.6176470588235294,0.675,0.0
15,0.676470588235294,0.9219544457292888,0.9302325581395348,0.6176470588235294,0.675,0.0
16,0.676470588235294,0.9219544457292888,0.9302325581395348,0.6176470588235294,0.675,0.0
17,0.676470588235294,0.9219544457292888,0.9302325581395348,0.6176470588235294,0.675,0.0
18,0.676470588235294,0.9219544457292888,0.9302325581395348,0.6176470588235294,0.675,0.0
19,0.676470588235294,0.9219544457292888,0.9302325581395348,0.6176470588235294,0.675,0.0
20,0.676470588235294,0.9219544457292888,0.9302325581395348,0.6176470588235294,0.675,0.0
21,0.0,0.0,0.0,0.0,0.0,0.5625000000000001
23,0.7419354838709676,1.0,1.0,0.75,0.7941176470588236,0.5625000000000002
24,1.0,0.7934920476158722,0.4418604651162791,0.875,0.9000000000000001,0.6875000000000001
26,0.657142857142857,0.734630886692453,0.6279069767441862,0.5384615384615385,0.6,0.12500000000000028
27,0.657142857142857,0.734630886692453,0.6279069767441862,0.5384615384615385,0.6,0.12500000000000028
28,0.657142857142857,0.734630886692453,0.6279069767441862,0.5384615384615385,0.6,0.12500000000000028
29,0.8363636363636363,0.9162456945817024,0.744186046511628,0.875,0.9000000000000001,0.8125000000000001
30,0.657142857142857,0.734630886692453,0.6279069767441862,0.5384615384615385,0.6,0.12500000000000028
31,0.8363636363636363,0.9162456945817024,0.744186046511628,0.875,0.9000000000000001,0.8125000000000001
32,0.657142857142857,0.734630886692453,0.6279069767441862,0.5384615384615385,0.6,0.12500000000000028
33,0.793103448275862,0.8692269873603531,0.7209302325581396,0.7777777777777778,0.8181818181818182,0.625
34,0.657142857142857,0.734630886692453,0.6279069767441862,0.5384615384615385,0.6,0.12500000000000028
35,0.8846153846153846,0.9718253158075503,0.7674418604651163,1.0,1.0,1.0
36,0.657142857142857,0.734630886692453,0.6279069767441862,0.5384615384615385,0.6,0.12500000000000028
37,0.8363636363636363,0.9162456945817024,0.744186046511628,0.875,0.9000000000000001,0.8125000000000001
38,0.657142857142857,0.734630886692453,0.6279069767441862,0.5384615384615385,0.6,0.12500000000000028
39,0.8363636363636363,0.9162456945817024,0.744186046511628,0.875,0.9000000000000001,0.8125000000000001
41,0.657142857142857,0.734630886692453,0.6279069767441862,0.5384615384615385,0.6,0.12500000000000028
42,0.0,0.0,0.046511627906976744,0.0,0.0,0.18750000000000003
43,0.657142857142857,0.734630886692453,0.6279069767441862,0.5384615384615385,0.6,0.12500000000000028
44,1.0,0.7934920476158722,0.4418604651162791,0.875,0.9000000000000001,0.6875000000000001
45,0.657142857142857,0.734630886692453,0.6279069767441862,0.5384615384615385,0.6,0.12500000000000028
46,0.0,0.0,0.023255813953488372,0.0,0.0,0.37500000000000006
47,0.657142857142857,0.734630886692453,0.6279069767441862,0.5384615384615385,0.6,0.12500000000000028
48,0.0,0.0,0.046511627906976744,0.0,0.0,0.18750000000000003
49,0.657142857142857,0.734630886692453,0.6279069767441862,0.5384615384615385,0.6,0.12500000000000028
50,0.8846153846153846,0.6871842709362769,0.4186046511627907,0.7000000000000001,0.75,0.5
54,0.676470588235294,0.9219544457292888,0.9302325581395348,0.6176470588235294,0.675,0.0
