3,0,1.0,1.0,1.0,1.0,1.0
5,0,1.0,1.0,1.0,1.0,1.0
6,0,1.0,1.0,1.0,1.0,1.0
7,0,1.0,1.0,1.0,1.0,1.0
8,0,1.0,1.0,1.0,1.0,1.0
9,0,1.0,1.0,1.0,1.0,1.0
11,0,1.0,1.0,1.0,1.0,1.0
13,0,1.0,1.0,1.0,1.0,1.0
14,0,1.0,1.0,1.0,1.0,1.0
15,0,0.0,0.0,0.0,0.0,0.0
16,0,1.0,1.0,1.0,1.0,1.0
18,0,0.0,0.0,0.0,0.0,0.0
19,0,0.0,0.0,0.0,0.0,0.0
24,0,0.8591866231883596,0.8,0.13385826771653542,0.7999999999999999,0.7999999999999999
25,0,0.8591866231883596,0.8,0.13385826771653542,0.7999999999999999,0.7999999999999999
27,0,0.21624576540908075,0.13333333333333333,0.00514839491217444,0.13333333333333333,0.13333333333333333
28,0,0.21624576540908075,0.13333333333333333,0.00514839491217444,0.13333333333333333,0.13333333333333333
32,0,1.0,1.0,1.0,1.0,1.0
33,0,0.6453059247039717,0.5333333333333333,0.03824521934758155,0.5333333333333333,0.5333333333333333
35,0,0.4546278404376238,0.3333333333333333,0.016732283464566927,0.3333333333333333,0.3333333333333333
36,0,1.0,1.0,1.0,1.0,1.0
