2,0,1.0,1.0,1.0,1.0,1.0
5,0,1.0,1.0,1.0,1.0,1.0
6,0,1.0,1.0,1.0,1.0,1.0
7,0,1.0,1.0,1.0,1.0,1.0
8,0,1.0,1.0,1.0,1.0,1.0
9,0,1.0,1.0,1.0,1.0,1.0
11,0,0.3277360377304493,0.27586206896551724,0.01331209063551071,0.2758620689655173,0.2758620689655173
12,0,0.3277360377304493,0.27586206896551724,0.01331209063551071,0.2758620689655173,0.2758620689655173
14,0,0.1300930722598489,0.10344827586206896,0.004032027452101802,0.10344827586206894,0.10344827586206894
16,0,0.1300930722598489,0.10344827586206896,0.004032027452101802,0.10344827586206894,0.10344827586206894
17,0,0.0,0.0,0.0,0.0,0.0
18,0,0.1300930722598489,0.10344827586206896,0.004032027452101802,0.10344827586206894,0.10344827586206894
20,0,0.044492015840580025,0.034482758620689655,0.0012480084970791293,0.03448275862068961,0.03448275862068961
22,0,0.0,0.0,0.0,0.0,0.0
23,0,0.0,0.0,0.0,0.0,0.0
27,0,0.1300930722598489,0.10344827586206896,0.004032027452101802,0.10344827586206894,0.10344827586206894
28,0,0.1300930722598489,0.10344827586206896,0.004032027452101802,0.10344827586206894,0.10344827586206894
