15,0.5813953488372093,0.42640143271122094,0.52,0.16279069767441862,0.18181818181818182,0.0
19,0.5813953488372093,0.42640143271122094,0.52,0.16279069767441862,0.18181818181818182,0.0
21,0.5813953488372093,0.42640143271122094,0.52,0.16279069767441862,0.18181818181818182,0.0
22,0.5813953488372093,0.42640143271122094,0.52,0.16279069767441862,0.18181818181818182,0.0
23,0.5813953488372093,0.42640143271122094,0.52,0.16279069767441862,0.18181818181818182,0.0
24,0.0,0.0,0.0,0.0,0.0,1.0
25,0.0,0.0,0.0,0.0,0.0,1.0
27,0.5952380952380953,0.4364357804719848,0.5466666666666666,0.17073170731707318,0.19047619047619047,0.05263157894736839
28,0.5952380952380953,0.4364357804719848,0.5466666666666666,0.17073170731707318,0.19047619047619047,0.05263157894736839
32,0.5813953488372093,0.42640143271122094,0.52,0.16279069767441862,0.18181818181818182,0.0
35,0.5813953488372093,0.42640143271122094,0.52,0.16279069767441862,0.18181818181818182,0.0
36,0.5813953488372093,0.42640143271122094,0.52,0.16279069767441862,0.18181818181818182,0.0
37,0.5813953488372093,0.42640143271122094,0.52,0.16279069767441862,0.18181818181818182,0.0
38,0.0,0.0,0.0,0.0,0.0,1.0
39,0.0,0.0,0.0,0.0,0.0,1.0
40,0.0,0.0,0.0,0.0,0.0,1.0
41,0.0,0.0,0.0,0.0,0.0,1.0
44,0.5952380952380953,0.4364357804719848,0.5466666666666666,0.17073170731707318,0.19047619047619047,0.05263157894736839
45,0.0,0.0,0.12000000000000002,0.0,0.0,0.763157894736842
47,0.0,0.0,0.12000000000000002,0.0,0.0,0.763157894736842
48,0.0,0.0,0.12000000000000002,0.0,0.0,0.763157894736842
50,0.0,0.0,0.12000000000000002,0.0,0.0,0.763157894736842
51,0.0,0.0,0.48000000000000004,0.0,0.0,0.05263157894736842
52,0.0,0.0,0.48000000000000004,0.0,0.0,0.05263157894736842
55,0.0,0.0,0.12000000000000002,0.0,0.0,0.763157894736842
57,0.617283950617284,0.4529108136578383,0.5866666666666667,0.18421052631578946,0.20512820512820512,0.13157894736842105
58,0.7352941176470588,0.5547001962252293,0.76,0.28,0.3076923076923077,0.47368421052631576
59,1.0,1.0,1.0,1.0,1.0,0.9473684210526315
60,1.0,1.0,1.0,1.0,1.0,0.9473684210526315
63,0.0,0.0,0.05333333333333335,0.0,0.0,0.894736842105263
64,0.0,0.0,0.31999999999999995,0.0,0.0,0.368421052631579
65,0.0,0.0,0.31999999999999995,0.0,0.0,0.368421052631579
67,0.0,0.0,0.31999999999999995,0.0,0.0,0.368421052631579
68,0.0,0.0,0.5066666666666667,0.0,0.0,0.0
69,0.0,0.0,0.5066666666666667,0.0,0.0,0.0
72,0.0,0.0,0.31999999999999995,0.0,0.0,0.368421052631579
75,0.0,0.0,0.05333333333333335,0.0,0.0,0.894736842105263
76,0.0,0.0,0.09333333333333331,0.0,0.0,0.8157894736842105
77,0.0,0.0,0.09333333333333331,0.0,0.0,0.8157894736842105
79,0.0,0.0,0.09333333333333331,0.0,0.0,0.8157894736842105
80,0.0,0.0,0.4533333333333333,0.0,0.0,0.10526315789473684
81,0.0,0.0,0.4533333333333333,0.0,0.0,0.10526315789473684
84,0.0,0.0,0.14666666666666667,0.0,0.0,0.7105263157894737
85,0.0,0.0,0.38666666666666666,0.0,0.0,0.2368421052631579
86,0.0,0.0,0.38666666666666666,0.0,0.0,0.2368421052631579
87,0.0,0.0,0.38666666666666666,0.0,0.0,0.2368421052631579
88,0.0,0.0,0.2,0.0,0.0,0.6052631578947367
90,0.0,0.0,0.25333333333333335,0.0,0.0,0.5
92,0.0,0.0,0.25333333333333335,0.0,0.0,0.5
93,0.0,0.0,0.48000000000000004,0.0,0.0,0.05263157894736842
94,0.0,0.0,0.28,0.0,0.0,0.4473684210526315
95,0.0,0.0,0.49333333333333335,0.0,0.0,0.02631578947368421
96,0.0,0.0,0.49333333333333335,0.0,0.0,0.02631578947368421
99,0.0,0.0,0.25333333333333335,0.0,0.0,0.5
100,0.0,0.0,0.25333333333333335,0.0,0.0,0.5
101,0.0,0.0,0.25333333333333335,0.0,0.0,0.5
103,0.0,0.0,0.36,0.0,0.0,0.2894736842105263
104,0.0,0.0,0.36,0.0,0.0,0.2894736842105263
105,0.0,0.0,0.36,0.0,0.0,0.2894736842105263
110,0.0,0.0,0.1066666666666667,0.0,0.0,0.7894736842105263
111,0.0,0.0,0.1066666666666667,0.0,0.0,0.7894736842105263
114,0.0,0.0,0.1066666666666667,0.0,0.0,0.7894736842105263
