5,1.0,1.0,1.0,1.0,1.0,0.0
9,1.0,1.0,1.0,1.0,1.0,0.0
13,1.0,1.0,1.0,1.0,1.0,0.0
14,1.0,1.0,1.0,1.0,1.0,0.0
15,1.0,1.0,1.0,1.0,1.0,0.0
17,1.0,1.0,1.0,1.0,1.0,0.0
18,1.0,1.0,1.0,1.0,1.0,0.0
20,1.0,1.0,1.0,1.0,1.0,0.0
21,0.0,0.0,0.0,0.0,0.0,1.0
22,1.0,1.0,1.0,1.0,1.0,0.0
24,0.9316770186335405,0.9268493343237746,0.9042553191489362,0.8055555555555556,0.9062500000000001,0.2857142857142858
25,0.9316770186335405,0.9268493343237746,0.9042553191489362,0.8055555555555556,0.9062500000000001,0.2857142857142858
27,0.39560439560439564,0.1806579581295084,0.09574468085106383,0.0576923076923077,0.125,0.7142857142857143
28,0.39560439560439564,0.1806579581295084,0.09574468085106383,0.0576923076923077,0.125,0.7142857142857143
29,0.39560439560439564,0.1806579581295084,0.09574468085106383,0.0576923076923077,0.125,0.7142857142857143
30,0.39560439560439564,0.1806579581295084,0.09574468085106383,0.0576923076923077,0.125,0.7142857142857143
33,1.0,1.0,1.0,1.0,1.0,0.0
