2,0,1.0,1.0,1.0,1.0,1.0
4,0,1.0,1.0,1.0,1.0,1.0
5,0,1.0,1.0,1.0,1.0,1.0
6,0,1.0,1.0,1.0,1.0,1.0
7,0,1.0,1.0,1.0,1.0,1.0
9,0,1.0,1.0,1.0,1.0,1.0
10,0,1.0,1.0,1.0,1.0,1.0
11,0,1.0,1.0,1.0,1.0,1.0
13,0,0.8404686350290375,0.7857142857142857,0.13178294573643412,0.7857142857142857,0.7857142857142857
14,0,0.8404686350290375,0.7857142857142857,0.13178294573643412,0.7857142857142857,0.7857142857142857
16,0,0.8404686350290375,0.7857142857142857,0.13178294573643412,0.7857142857142857,0.7857142857142857
18,0,0.8404686350290375,0.7857142857142857,0.13178294573643412,0.7857142857142857,0.7857142857142857
22,0,1.0,1.0,1.0,1.0,1.0
23,0,0.0,0.0,0.0,0.0,0.0
25,0,0.8404686350290375,0.7857142857142857,0.13178294573643412,0.7857142857142857,0.7857142857142857
26,0,1.0,1.0,1.0,1.0,1.0
