5,0.08247191011235959,1.0,1.0,1.0,1.0,0.0
8,0.08247191011235959,1.0,1.0,1.0,1.0,0.0
9,0.08247191011235959,1.0,1.0,1.0,1.0,0.0
10,0.08247191011235959,1.0,1.0,1.0,1.0,0.0
12,0.01672090601405859,0.5249161136168952,0.541952506596306,0.655508358988348,0.6860472521174298,0.5389221556886232
13,0.01672090601405859,0.5249161136168952,0.541952506596306,0.655508358988348,0.6860472521174298,0.5389221556886232
14,0.01672090601405859,0.5249161136168952,0.541952506596306,0.655508358988348,0.6860472521174298,0.5389221556886232
16,0.08247191011235959,1.0,1.0,1.0,1.0,0.0
18,1.0,0.0,0.0,0.0,0.0,1.0
20,0.0,0.8222512518812825,0.8596306068601584,0.8133159268929503,0.8334203655352482,1.0
22,0.08247191011235959,1.0,1.0,1.0,1.0,0.0
