4,0,0,0.0,0,0,1.0
6,0,0,0.0,0,0,1.0
7,0,0,0.0,0,0,1.0
9,0,0,0.0,0,0,1.0
10,0,0,0.75,0,0,0.25
12,0,0,0.8749999999999999,0,0,0.12500000000000003
13,0,0,0.8749999999999999,0,0,0.12500000000000003
15,0,0,0.75,0,0,0.25
16,0,0,0.8749999999999999,0,0,0.12500000000000003
19,0,0,0.0,0,0,1.0
20,0,0,0.0,0,0,1.0
21,0,0,0.0,0,0,1.0
22,0,0,0.0,0,0,1.0
27,0,0,0.0,0,0,1.0
28,0,0,0.0,0,0,1.0
29,0,0,0.0,0,0,1.0
30,0,0,0.0,0,0,1.0
31,0,0,0.0,0,0,1.0
33,0,0,0.0,0,0,1.0
34,0,0,0.0,0,0,1.0
35,0,0,0.0,0,0,1.0
37,0,0,0.0,0,0,1.0
39,0,0,0.24999999999999994,0,0,0.7500000000000001
40,0,0,0.375,0,0,0.625
42,0,0,0.0,0,0,1.0
43,0,0,0.0,0,0,1.0
44,0,0,0.0,0,0,1.0
45,0,0,0.0,0,0,1.0
47,0,0,0.0,0,0,1.0
49,0,0,0.24999999999999994,0,0,0.7500000000000001
51,0,0,0.0,0,0,1.0
52,0,0,0.0,0,0,1.0
53,0,0,0.0,0,0,1.0
54,0,0,0.0,0,0,1.0
57,0,0,0.0,0,0,1.0
59,0,0,0.12499999999999989,0,0,0.875
61,0,0,0.24999999999999994,0,0,0.7500000000000001
62,0,0,0.24999999999999994,0,0,0.7500000000000001
63,0,0,1.0,0,0,0.0
64,0,0,1.0,0,0,0.0
66,0,0,0.4999999999999999,0,0,0.5
68,0,0,0.75,0,0,0.25
69,0,0,0.75,0,0,0.25
74,0,0,0.0,0,0,1.0
76,0,0,0.0,0,0,1.0
77,0,0,0.0,0,0,1.0
79,0,0,0.0,0,0,1.0
80,0,0,0.4999999999999999,0,0,0.5
83,0,0,0.8749999999999999,0,0,0.12500000000000003
84,0,0,0.8749999999999999,0,0,0.12500000000000003
86,0,0,0.0,0,0,1.0
