2,0.8947368421052632,0.8944271909999159,0.5000000000000001,0.7894736842105263,0.8,0.0
3,0.8947368421052632,0.8944271909999159,0.5000000000000001,0.7894736842105263,0.8,0.0
5,0.8947368421052632,0.8944271909999159,0.5000000000000001,0.7894736842105263,0.8,0.0
6,0.8947368421052632,0.8944271909999159,0.5000000000000001,0.7894736842105263,0.8,0.0
7,0.8947368421052632,0.8944271909999159,0.5000000000000001,0.7894736842105263,0.8,0.0
8,0.8947368421052632,0.8944271909999159,0.5000000000000001,0.7894736842105263,0.8,0.0
9,0.0,0.0,0.0,0.0,0.0,0.75
12,0.9714285714285713,0.9701425001453319,0.8749999999999999,0.9375,0.9411764705882353,0.7500000000000002
13,0.9714285714285713,0.9701425001453319,0.8749999999999999,0.9375,0.9411764705882353,0.7500000000000002
14,0.9714285714285713,0.9701425001453319,0.8749999999999999,0.9375,0.9411764705882353,0.7500000000000002
15,0.9714285714285713,0.9701425001453319,0.8749999999999999,0.9375,0.9411764705882353,0.7500000000000002
16,0.9714285714285713,0.9701425001453319,0.8749999999999999,0.9375,0.9411764705882353,0.7500000000000002
17,1.0,1.0,1.0,1.0,1.0,1.0
18,1.0,1.0,1.0,1.0,1.0,1.0
21,0.9714285714285713,0.9701425001453319,0.8749999999999999,0.9375,0.9411764705882353,0.7500000000000002
22,0.9714285714285713,0.9701425001453319,0.8749999999999999,0.9375,0.9411764705882353,0.7500000000000002
23,0.9714285714285713,0.9701425001453319,0.8749999999999999,0.9375,0.9411764705882353,0.7500000000000002
27,0.8947368421052632,0.8944271909999159,0.5000000000000001,0.7894736842105263,0.8,0.0
