2,0.6325301204819277,0.5232681184722836,0.3578947368421052,0.26506024096385544,0.2738095238095238,0.0
3,0.6325301204819277,0.5232681184722836,0.3578947368421052,0.26506024096385544,0.2738095238095238,0.0
4,0.6325301204819277,0.5232681184722836,0.3578947368421052,0.26506024096385544,0.2738095238095238,0.0
5,0.6325301204819277,0.5232681184722836,0.3578947368421052,0.26506024096385544,0.2738095238095238,0.0
6,0.6325301204819277,0.5232681184722836,0.3578947368421052,0.26506024096385544,0.2738095238095238,0.0
7,0.6325301204819277,0.5232681184722836,0.3578947368421052,0.26506024096385544,0.2738095238095238,0.0
8,0.6325301204819277,0.5232681184722836,0.3578947368421052,0.26506024096385544,0.2738095238095238,0.0
11,0.6325301204819277,0.5232681184722836,0.3578947368421052,0.26506024096385544,0.2738095238095238,0.0
12,0.0,0.0,0.0,0.0,0.0,0.540983606557377
13,0.7894736842105263,0.6715507368448512,0.7052631578947369,0.44,0.45098039215686275,0.540983606557377
14,1.0,1.0,1.0,1.0,1.0,1.0
16,0.0,0.0,0.05263157894736843,0.0,0.0,0.4590163934426229
18,0.6325301204819277,0.5232681184722836,0.3578947368421052,0.26506024096385544,0.2738095238095238,0.0
