6,0.6818181818181819,0.7993052538854533,0.8586956521739131,0.5454545454545455,0.5833333333333334,0.0
9,0.6818181818181819,0.7993052538854533,0.8586956521739131,0.5454545454545455,0.5833333333333334,0.0
11,0.6818181818181819,0.7993052538854533,0.8586956521739131,0.5454545454545455,0.5833333333333334,0.0
12,0.6818181818181819,0.7993052538854533,0.8586956521739131,0.5454545454545455,0.5833333333333334,0.0
13,0.6818181818181819,0.7993052538854533,0.8586956521739131,0.5454545454545455,0.5833333333333334,0.0
14,0.0,0.0,0.07608695652173914,0.0,0.0,0.23076923076923078
16,0.7142857142857144,0.834847109936722,0.891304347826087,0.6000000000000001,0.6363636363636365,0.23076923076923087
18,0.7142857142857144,0.834847109936722,0.891304347826087,0.6000000000000001,0.6363636363636365,0.23076923076923087
19,0.7142857142857144,0.834847109936722,0.891304347826087,0.6000000000000001,0.6363636363636365,0.23076923076923087
20,0.7142857142857144,0.834847109936722,0.891304347826087,0.6000000000000001,0.6363636363636365,0.23076923076923087
21,0.0,0.0,0.0,0.0,0.0,0.7692307692307693
24,0.849056603773585,1.0,1.0,0.9,0.9130434782608696,1.0
25,0.849056603773585,1.0,1.0,0.9,0.9130434782608696,1.0
27,0.9374999999999999,0.6526300069150407,0.42391304347826086,0.8571428571428571,0.875,0.4615384615384615
28,0.9374999999999999,0.6526300069150407,0.42391304347826086,0.8571428571428571,0.875,0.4615384615384615
30,0.810810810810811,0.7754399973837328,0.6847826086956523,0.75,0.7777777777777778,0.5384615384615384
32,0.810810810810811,0.7754399973837328,0.6847826086956523,0.75,0.7777777777777778,0.5384615384615384
34,0.8571428571428572,0.8255189164891872,0.7065217391304349,0.8571428571428571,0.875,0.6923076923076923
35,0.8571428571428572,0.8255189164891872,0.7065217391304349,0.8571428571428571,0.875,0.6923076923076923
37,0.8571428571428572,0.8255189164891872,0.7065217391304349,0.8571428571428571,0.875,0.6923076923076923
39,0.8571428571428572,0.8255189164891872,0.7065217391304349,0.8571428571428571,0.875,0.6923076923076923
43,1.0,0.7149203529842405,0.4347826086956522,1.0,1.0,0.5384615384615384
45,1.0,0.7149203529842405,0.4347826086956522,1.0,1.0,0.5384615384615384
