11,0.44739654909146453,0.8993779232088078,1.0,0.6172890447699609,0.7148041546740083,0.0
14,0.44739654909146453,0.8993779232088078,1.0,0.6172890447699609,0.7148041546740083,0.0
15,0.44739654909146453,0.8993779232088078,1.0,0.6172890447699609,0.7148041546740083,0.0
17,0.44739654909146453,0.8993779232088078,1.0,0.6172890447699609,0.7148041546740083,0.0
18,0.44739654909146453,0.8993779232088078,1.0,0.6172890447699609,0.7148041546740083,0.0
19,0.44739654909146453,0.8993779232088078,1.0,0.6172890447699609,0.7148041546740083,0.0
20,1.0,1.0,0.7745762711864407,1.0,1.0,1.0
21,1.0,1.0,0.7745762711864407,1.0,1.0,1.0
22,1.0,1.0,0.7745762711864407,1.0,1.0,1.0
23,1.0,1.0,0.7745762711864407,1.0,1.0,1.0
26,0.017799647652026095,0.20985456610055556,0.2423728813559322,0.1049618320610687,0.15413975337639466,0.7402597402597404
27,0.017799647652026095,0.20985456610055556,0.2423728813559322,0.1049618320610687,0.15413975337639466,0.7402597402597404
28,0.017799647652026095,0.20985456610055556,0.2423728813559322,0.1049618320610687,0.15413975337639466,0.7402597402597404
30,0.017799647652026095,0.20985456610055556,0.2423728813559322,0.1049618320610687,0.15413975337639466,0.7402597402597404
31,0.017799647652026095,0.20985456610055556,0.2423728813559322,0.1049618320610687,0.15413975337639466,0.7402597402597404
32,0.017799647652026095,0.20985456610055556,0.2423728813559322,0.1049618320610687,0.15413975337639466,0.7402597402597404
33,0.017799647652026095,0.20985456610055556,0.2423728813559322,0.1049618320610687,0.15413975337639466,0.7402597402597404
34,0.017799647652026095,0.20985456610055556,0.2423728813559322,0.1049618320610687,0.15413975337639466,0.7402597402597404
35,0.017799647652026095,0.20985456610055556,0.2423728813559322,0.1049618320610687,0.15413975337639466,0.7402597402597404
38,0.017799647652026095,0.20985456610055556,0.2423728813559322,0.1049618320610687,0.15413975337639466,0.7402597402597404
39,0.0,0.0,0.0,0.0,0.0,0.5194805194805194
40,0.0,0.0,0.0,0.0,0.0,0.5194805194805194
41,0.0,0.0,0.0,0.0,0.0,0.5194805194805194
46,0.44739654909146453,0.8993779232088078,1.0,0.6172890447699609,0.7148041546740083,0.0
47,0.44739654909146453,0.8993779232088078,1.0,0.6172890447699609,0.7148041546740083,0.0
48,0.44739654909146453,0.8993779232088078,1.0,0.6172890447699609,0.7148041546740083,0.0
49,0.44739654909146453,0.8993779232088078,1.0,0.6172890447699609,0.7148041546740083,0.0
52,0.44739654909146453,0.8993779232088078,1.0,0.6172890447699609,0.7148041546740083,0.0
