3,0.5,0.9370425713316363,1.0,0.6857142857142857,0.7317073170731706,0.0
6,0.5,0.9370425713316363,1.0,0.6857142857142857,0.7317073170731706,0.0
7,0.5,0.9370425713316363,1.0,0.6857142857142857,0.7317073170731706,0.0
9,0.5932203389830508,0.6324555320336757,0.39062499999999994,0.6666666666666666,0.7142857142857142,0.32352941176470584
10,0.5932203389830508,0.6324555320336757,0.39062499999999994,0.6666666666666666,0.7142857142857142,0.32352941176470584
11,0.5932203389830508,0.6324555320336757,0.39062499999999994,0.6666666666666666,0.7142857142857142,0.32352941176470584
12,0.8536585365853658,0.7071067811865476,0.23958333333333331,0.6666666666666666,0.7142857142857142,0.42647058823529405
14,0.4545454545454545,0.3535533905932738,0.20833333333333334,0.3333333333333333,0.38461538461538464,0.1029411764705883
15,0.5932203389830508,0.6324555320336757,0.39062499999999994,0.6666666666666666,0.7142857142857142,0.32352941176470584
17,0.46357615894039733,0.7184212081070995,0.6666666666666666,0.5517241379310345,0.6060606060606061,0.32352941176470607
19,0.7446808510638298,0.8164965809277259,0.41145833333333337,1.0,1.0,0.676470588235294
20,0.7446808510638298,0.8164965809277259,0.41145833333333337,1.0,1.0,0.676470588235294
21,0.7446808510638298,0.8164965809277259,0.41145833333333337,1.0,1.0,0.676470588235294
22,1.0,1.0,0.24479166666666669,0.8,0.8333333333333333,0.5147058823529411
24,0.5932203389830508,0.44721359549995787,0.22395833333333334,0.4444444444444444,0.5,0.16176470588235292
25,0.7446808510638298,0.8164965809277259,0.41145833333333337,1.0,1.0,0.676470588235294
29,0.3365384615384615,0.39999999999999997,0.31250000000000006,0.2962962962962963,0.3448275862068965,1.0
31,0.0,0.0,0.0,0.0,0.0,0.9705882352941175
32,0.0,0.0,0.0,0.0,0.0,0.9705882352941175
33,0.0,0.0,0.0,0.0,0.0,0.9705882352941175
34,0.0,0.0,0.0,0.0,0.0,0.9705882352941175
38,0.4929577464788732,0.5345224838248487,0.3697916666666667,0.5,0.5555555555555555,0.02941176470588242
40,0.0,0.0,0.04166666666666668,0.0,0.0,0.2647058823529412
41,0.0,0.0,0.04166666666666668,0.0,0.0,0.2647058823529412
42,0.0,0.0,0.04166666666666668,0.0,0.0,0.2647058823529412
43,0.0,0.0,0.05729166666666667,0.0,0.0,0.0
45,0.0,0.0,0.04166666666666668,0.0,0.0,0.2647058823529412
46,0.0,0.0,0.04166666666666668,0.0,0.0,0.2647058823529412
50,0.5645161290322581,0.6030226891555271,0.38541666666666663,0.6153846153846154,0.6666666666666666,0.23529411764705882
51,0.5645161290322581,0.6030226891555271,0.38541666666666663,0.6153846153846154,0.6666666666666666,0.23529411764705882
52,0.5645161290322581,0.6030226891555271,0.38541666666666663,0.6153846153846154,0.6666666666666666,0.23529411764705882
53,0.5384615384615384,0.40824829046386296,0.21875000000000003,0.4,0.45454545454545453,0.07352941176470587
55,0.5932203389830508,0.44721359549995787,0.22395833333333334,0.4444444444444444,0.5,0.16176470588235292
56,0.5645161290322581,0.6030226891555271,0.38541666666666663,0.6153846153846154,0.6666666666666666,0.23529411764705882
61,0.5,0.9370425713316363,1.0,0.6857142857142857,0.7317073170731706,0.0
