9,0.5938492063492065,0.9427849513716482,0.9897260273972602,0.685077519379845,0.7829457364341085,0.0
10,0.5938492063492065,0.9427849513716482,0.9897260273972602,0.685077519379845,0.7829457364341085,0.0
11,0.5938492063492065,0.9427849513716482,0.9897260273972602,0.685077519379845,0.7829457364341085,0.0
12,0.5938492063492065,0.9427849513716482,0.9897260273972602,0.685077519379845,0.7829457364341085,0.0
13,0.5938492063492065,0.9427849513716482,0.9897260273972602,0.685077519379845,0.7829457364341085,0.0
14,0.5938492063492065,0.9427849513716482,0.9897260273972602,0.685077519379845,0.7829457364341085,0.0
15,0.5938492063492065,0.9427849513716482,0.9897260273972602,0.685077519379845,0.7829457364341085,0.0
16,0.5938492063492065,0.9427849513716482,0.9897260273972602,0.685077519379845,0.7829457364341085,0.0
17,0.5938492063492065,0.9427849513716482,0.9897260273972602,0.685077519379845,0.7829457364341085,0.0
18,0.5938492063492065,0.9427849513716482,0.9897260273972602,0.685077519379845,0.7829457364341085,0.0
19,0.5938492063492065,0.9427849513716482,0.9897260273972602,0.685077519379845,0.7829457364341085,0.0
20,0.5938492063492065,0.9427849513716482,0.9897260273972602,0.685077519379845,0.7829457364341085,0.0
23,0.5938492063492065,0.9427849513716482,0.9897260273972602,0.685077519379845,0.7829457364341085,0.0
24,0.5768128102929866,0.8855209217384248,0.9075342465753424,0.6285529715762275,0.7372501019991838,0.07317073170731712
25,0.5768128102929866,0.8855209217384248,0.9075342465753424,0.6285529715762275,0.7372501019991838,0.07317073170731712
27,0.5938492063492065,0.9427849513716482,0.9897260273972602,0.685077519379845,0.7829457364341085,0.0
28,0.6797883597883598,0.998759843506473,1.0,0.806201550387597,0.8733850129198967,0.3658536585365853
29,0.6797883597883598,0.998759843506473,1.0,0.806201550387597,0.8733850129198967,0.3658536585365853
33,0.5938492063492065,0.9427849513716482,0.9897260273972602,0.685077519379845,0.7829457364341085,0.0
34,0.6797883597883598,0.39572330207472683,0.1917808219178082,0.23620611035111722,0.33897110641296685,0.121951219512195
35,0.5938492063492065,0.9427849513716482,0.9897260273972602,0.685077519379845,0.7829457364341085,0.0
36,1.0,0.6044312327575004,0.2842465753424657,0.4186046511627907,0.5441860465116278,0.5609756097560975
38,0.5938492063492065,0.9427849513716482,0.9897260273972602,0.685077519379845,0.7829457364341085,0.0
39,0.5938492063492065,0.9427849513716482,0.9897260273972602,0.685077519379845,0.7829457364341085,0.0
40,0.9438662882371494,1.0,0.7773972602739726,1.0,1.0,1.0
43,0.0,0.0,0.0,0.0,0.0,0.9999999999999997
44,0.5938492063492065,0.9427849513716482,0.9897260273972602,0.685077519379845,0.7829457364341085,0.0
45,0.5938492063492065,0.9427849513716482,0.9897260273972602,0.685077519379845,0.7829457364341085,0.0
