3,1.0,0.5999999999999999,0.46153846153846156,0.1090909090909091,0.49090909090909096,1.0
4,1.0,0.5999999999999999,0.46153846153846156,0.1090909090909091,0.49090909090909096,1.0
6,1.0,0.5999999999999999,0.46153846153846156,0.1090909090909091,0.49090909090909096,1.0
7,1.0,0.5999999999999999,0.46153846153846156,0.1090909090909091,0.49090909090909096,1.0
8,1.0,0.5999999999999999,0.46153846153846156,0.1090909090909091,0.49090909090909096,1.0
11,1.0,0.0,0.0,0.0,0.0,0.25
14,0.12500000000000006,1.0,1.0,1.0,1.0,0.0
16,0.12500000000000006,1.0,1.0,1.0,1.0,0.0
17,0.12500000000000006,1.0,1.0,1.0,1.0,0.0
18,0.12500000000000006,1.0,1.0,1.0,1.0,0.0
19,0.12500000000000006,1.0,1.0,1.0,1.0,0.0
20,0.12500000000000006,1.0,1.0,1.0,1.0,0.0
21,0.12500000000000006,1.0,1.0,1.0,1.0,0.0
22,0.0,0.760672102833218,0.6923076923076923,0.2363636363636364,0.7090909090909091,0.5
23,0.0,0.760672102833218,0.6923076923076923,0.2363636363636364,0.7090909090909091,0.5
25,1.0,0.5999999999999999,0.46153846153846156,0.1090909090909091,0.49090909090909096,1.0
26,1.0,0.5999999999999999,0.46153846153846156,0.1090909090909091,0.49090909090909096,1.0
27,1.0,0.5999999999999999,0.46153846153846156,0.1090909090909091,0.49090909090909096,1.0
28,1.0,0.5999999999999999,0.46153846153846156,0.1090909090909091,0.49090909090909096,1.0
31,1.0,0.0,0.0,0.0,0.0,0.25
34,1.0,0.5999999999999999,0.46153846153846156,0.1090909090909091,0.49090909090909096,1.0
36,0.12500000000000006,1.0,1.0,1.0,1.0,0.0
