6,0.8775510204081632,0.8819171036881969,0.9464285714285714,0.7551020408163265,0.7777777777777778,0.0
13,0.8775510204081632,0.8819171036881969,0.9464285714285714,0.7551020408163265,0.7777777777777778,0.0
17,0.8775510204081632,0.8819171036881969,0.9464285714285714,0.7551020408163265,0.7777777777777778,0.0
18,0.8775510204081632,0.8819171036881969,0.9464285714285714,0.7551020408163265,0.7777777777777778,0.0
19,0.8775510204081632,0.8819171036881969,0.9464285714285714,0.7551020408163265,0.7777777777777778,0.0
20,0.8775510204081632,0.8819171036881969,0.9464285714285714,0.7551020408163265,0.7777777777777778,0.0
21,0.8775510204081632,0.8819171036881969,0.9464285714285714,0.7551020408163265,0.7777777777777778,0.0
22,0.8775510204081632,0.8819171036881969,0.9464285714285714,0.7551020408163265,0.7777777777777778,0.0
26,0.8775510204081632,0.8819171036881969,0.9464285714285714,0.7551020408163265,0.7777777777777778,0.0
27,0.8775510204081632,0.8819171036881969,0.9464285714285714,0.7551020408163265,0.7777777777777778,0.0
28,0.8775510204081632,0.8819171036881969,0.9464285714285714,0.7551020408163265,0.7777777777777778,0.0
29,0.8775510204081632,0.8819171036881969,0.9464285714285714,0.7551020408163265,0.7777777777777778,0.0
30,0.8775510204081632,0.8819171036881969,0.9464285714285714,0.7551020408163265,0.7777777777777778,0.0
31,0.8775510204081632,0.8819171036881969,0.9464285714285714,0.7551020408163265,0.7777777777777778,0.0
33,0.9052631578947367,0.9074852129730302,0.9598214285714286,0.8043478260869564,0.823529411764706,0.24999999999999978
34,1.0,1.0,1.0,1.0,1.0,1.0
35,1.0,1.0,1.0,1.0,1.0,1.0
36,1.0,1.0,1.0,1.0,1.0,1.0
37,1.0,1.0,1.0,1.0,1.0,1.0
38,1.0,1.0,1.0,1.0,1.0,1.0
39,1.0,1.0,1.0,1.0,1.0,1.0
40,1.0,1.0,1.0,1.0,1.0,1.0
42,1.0,1.0,1.0,1.0,1.0,1.0
45,1.0,1.0,1.0,1.0,1.0,1.0
46,1.0,1.0,1.0,1.0,1.0,1.0
47,1.0,1.0,1.0,1.0,1.0,1.0
48,1.0,1.0,1.0,1.0,1.0,1.0
49,1.0,1.0,1.0,1.0,1.0,1.0
50,1.0,1.0,1.0,1.0,1.0,1.0
51,1.0,1.0,1.0,1.0,1.0,1.0
53,1.0,1.0,1.0,1.0,1.0,1.0
55,0.9052631578947367,0.9074852129730302,0.9598214285714286,0.8043478260869564,0.823529411764706,0.24999999999999978
56,0.0,0.0,0.0,0.0,0.0,0.9166666666666665
57,0.0,0.0,0.0,0.0,0.0,0.9166666666666665
60,0.9148936170212766,0.916515138991168,0.9642857142857143,0.8222222222222221,0.8400000000000001,0.3333333333333332
61,0.9148936170212766,0.916515138991168,0.9642857142857143,0.8222222222222221,0.8400000000000001,0.3333333333333332
62,0.9148936170212766,0.916515138991168,0.9642857142857143,0.8222222222222221,0.8400000000000001,0.3333333333333332
64,0.9052631578947367,0.9074852129730302,0.9598214285714286,0.8043478260869564,0.823529411764706,0.24999999999999978
65,0.8472906403940887,0.540531139753741,0.40178571428571436,0.6166666666666666,0.6461538461538462,0.11666666666666646
70,0.8775510204081632,0.8819171036881969,0.9464285714285714,0.7551020408163265,0.7777777777777778,0.0
71,0.8958333333333333,0.8987170342729172,0.955357142857143,0.7872340425531914,0.8076923076923078,0.16666666666666682
72,0.8775510204081632,0.8819171036881969,0.9464285714285714,0.7551020408163265,0.7777777777777778,0.0
74,0.8775510204081632,0.8819171036881969,0.9464285714285714,0.7551020408163265,0.7777777777777778,0.0
