2,0,0,0.0,0,0,1.0
6,0,0,0.0,0,0,1.0
7,0,0,0.0,0,0,1.0
8,0,0,0.0,0,0,1.0
9,0,0,0.0,0,0,1.0
10,0,0,0.0,0,0,1.0
11,0,0,0.0,0,0,1.0
13,0,0,0.0,0,0,1.0
14,0,0,0.0,0,0,1.0
16,0,0,0.24242424242424246,0,0,0.7575757575757575
17,0,0,0.4545454545454546,0,0,0.5454545454545454
18,0,0,0.24242424242424246,0,0,0.7575757575757575
19,0,0,0.24242424242424246,0,0,0.7575757575757575
20,0,0,0.8181818181818182,0,0,0.18181818181818182
23,0,0,0.0,0,0,1.0
25,0,0,0.0,0,0,1.0
26,0,0,0.0,0,0,1.0
28,0,0,0.0,0,0,1.0
29,0,0,0.03030303030303019,0,0,0.9696969696969696
30,0,0,0.0,0,0,1.0
31,0,0,0.0,0,0,1.0
32,0,0,0.6666666666666666,0,0,0.3333333333333333
35,0,0,0.0,0,0,1.0
36,0,0,0.0,0,0,1.0
37,0,0,1.0,0,0,0.0
38,0,0,0.0,0,0,1.0
39,0,0,0.0,0,0,1.0
40,0,0,0.0,0,0,1.0
