7,0.6179775280898876,0.6165995898538698,0.5813953488372093,0.4444444444444444,0.5714285714285714,0.4736842105263157
20,0.6179775280898876,0.6165995898538698,0.5813953488372093,0.4444444444444444,0.5714285714285714,0.4736842105263157
22,0.6179775280898876,0.6165995898538698,0.5813953488372093,0.4444444444444444,0.5714285714285714,0.4736842105263157
23,0.6179775280898876,0.6165995898538698,0.5813953488372093,0.4444444444444444,0.5714285714285714,0.4736842105263157
24,0.6179775280898876,0.6165995898538698,0.5813953488372093,0.4444444444444444,0.5714285714285714,0.4736842105263157
27,0.6179775280898876,0.6165995898538698,0.5813953488372093,0.4444444444444444,0.5714285714285714,0.4736842105263157
29,0.7462686567164178,0.5178980340409252,0.4186046511627907,0.37499999999999994,0.49999999999999994,0.15789473684210534
31,0.7462686567164178,0.5178980340409252,0.4186046511627907,0.37499999999999994,0.49999999999999994,0.15789473684210534
32,0.7462686567164178,0.5178980340409252,0.4186046511627907,0.37499999999999994,0.49999999999999994,0.15789473684210534
35,1.0,1.0,1.0,1.0,1.0,0.3684210526315789
38,1.0,1.0,1.0,1.0,1.0,0.3684210526315789
39,1.0,1.0,1.0,1.0,1.0,0.3684210526315789
41,0.6179775280898876,0.6165995898538698,0.5813953488372093,0.4444444444444444,0.5714285714285714,0.4736842105263157
43,1.0,1.0,1.0,1.0,1.0,0.3684210526315789
44,1.0,1.0,1.0,1.0,1.0,0.3684210526315789
46,0.46874999999999983,0.5658101062750607,0.5581395348837208,0.37499999999999994,0.49999999999999994,0.8421052631578947
50,0.46874999999999983,0.5658101062750607,0.5581395348837208,0.37499999999999994,0.49999999999999994,0.8421052631578947
52,0.3703703703703703,0.4037281678061226,0.372093023255814,0.25,0.3571428571428571,0.8947368421052632
54,0.46874999999999983,0.5658101062750607,0.5581395348837208,0.37499999999999994,0.49999999999999994,0.8421052631578947
56,0.6179775280898876,0.6165995898538698,0.5813953488372093,0.4444444444444444,0.5714285714285714,0.4736842105263157
57,0.0,0.0,0.0,0.0,0.0,1.0
58,0.6179775280898876,0.6165995898538698,0.5813953488372093,0.4444444444444444,0.5714285714285714,0.4736842105263157
60,0.7462686567164178,0.5178980340409252,0.4186046511627907,0.37499999999999994,0.49999999999999994,0.15789473684210534
61,0.7462686567164178,0.5178980340409252,0.4186046511627907,0.37499999999999994,0.49999999999999994,0.15789473684210534
65,0.6179775280898876,0.6165995898538698,0.5813953488372093,0.4444444444444444,0.5714285714285714,0.4736842105263157
66,0.6179775280898876,0.6165995898538698,0.5813953488372093,0.4444444444444444,0.5714285714285714,0.4736842105263157
68,0.6179775280898876,0.6165995898538698,0.5813953488372093,0.4444444444444444,0.5714285714285714,0.4736842105263157
69,0.6179775280898876,0.6165995898538698,0.5813953488372093,0.4444444444444444,0.5714285714285714,0.4736842105263157
70,0.6179775280898876,0.6165995898538698,0.5813953488372093,0.4444444444444444,0.5714285714285714,0.4736842105263157
73,0.6179775280898876,0.6165995898538698,0.5813953488372093,0.4444444444444444,0.5714285714285714,0.4736842105263157
74,0.6179775280898876,0.6165995898538698,0.5813953488372093,0.4444444444444444,0.5714285714285714,0.4736842105263157
75,0.6179775280898876,0.6165995898538698,0.5813953488372093,0.4444444444444444,0.5714285714285714,0.4736842105263157
76,0.7926829268292682,0.6741662455699906,0.6046511627906976,0.53125,0.6538461538461539,0.1052631578947368
79,0.46874999999999983,0.5658101062750607,0.5581395348837208,0.37499999999999994,0.49999999999999994,0.8421052631578947
81,0.8482142857142857,0.9431011933525224,0.9767441860465115,0.84375,0.9,0.0
83,0.8482142857142857,0.9431011933525224,0.9767441860465115,0.84375,0.9,0.0
84,0.8482142857142857,0.9431011933525224,0.9767441860465115,0.84375,0.9,0.0
86,0.8482142857142857,0.9431011933525224,0.9767441860465115,0.84375,0.9,0.0
87,0.8482142857142857,0.9431011933525224,0.9767441860465115,0.84375,0.9,0.0
89,0.8482142857142857,0.9431011933525224,0.9767441860465115,0.84375,0.9,0.0
91,0.8482142857142857,0.9431011933525224,0.9767441860465115,0.84375,0.9,0.0
92,0.8482142857142857,0.9431011933525224,0.9767441860465115,0.84375,0.9,0.0
96,0.8482142857142857,0.9431011933525224,0.9767441860465115,0.84375,0.9,0.0
97,1.0,1.0,1.0,1.0,1.0,0.3684210526315789
99,0.46874999999999983,0.5658101062750607,0.5581395348837208,0.37499999999999994,0.49999999999999994,0.8421052631578947
104,0.8482142857142857,0.9431011933525224,0.9767441860465115,0.84375,0.9,0.0
