2,0,1.0,1.0,1.0,1.0,1.0
5,0,1.0,1.0,1.0,1.0,1.0
6,0,1.0,1.0,1.0,1.0,1.0
7,0,1.0,1.0,1.0,1.0,1.0
8,0,0.2450279975532987,0.17857142857142858,0.007826086956521738,0.17857142857142858,0.17857142857142858
9,0,0.2450279975532987,0.17857142857142858,0.007826086956521738,0.17857142857142858,0.17857142857142858
10,0,0.2450279975532987,0.17857142857142858,0.007826086956521738,0.17857142857142858,0.17857142857142858
11,0,0.20042878262436056,0.14285714285714285,0.006,0.14285714285714285,0.14285714285714285
12,0,0.20042878262436056,0.14285714285714285,0.006,0.14285714285714285,0.14285714285714285
14,0,0.0,0.0,0.0,0.0,0.0
15,0,0.0,0.0,0.0,0.0,0.0
17,0,0.2450279975532987,0.17857142857142858,0.007826086956521738,0.17857142857142858,0.17857142857142858
18,0,0.2450279975532987,0.17857142857142858,0.007826086956521738,0.17857142857142858,0.17857142857142858
20,0,0.2450279975532987,0.17857142857142858,0.007826086956521738,0.17857142857142858,0.17857142857142858
21,0,0.2450279975532987,0.17857142857142858,0.007826086956521738,0.17857142857142858,0.17857142857142858
23,0,0.6203245127732041,0.5357142857142857,0.04153846153846154,0.5357142857142857,0.5357142857142857
24,0,0.6203245127732041,0.5357142857142857,0.04153846153846154,0.5357142857142857,0.5357142857142857
25,0,0.6203245127732041,0.5357142857142857,0.04153846153846154,0.5357142857142857,0.5357142857142857
26,0,0.6203245127732041,0.5357142857142857,0.04153846153846154,0.5357142857142857,0.5357142857142857
27,0,0.6203245127732041,0.5357142857142857,0.04153846153846154,0.5357142857142857,0.5357142857142857
29,0,0.6203245127732041,0.5357142857142857,0.04153846153846154,0.5357142857142857,0.5357142857142857
32,0,1.0,1.0,1.0,1.0,1.0
