6,0.4755244755244755,1.0,1.0,0.8301886792452831,0.8584905660377359,0.0
8,0.4755244755244755,1.0,1.0,0.8301886792452831,0.8584905660377359,0.0
9,0.4755244755244755,1.0,1.0,0.8301886792452831,0.8584905660377359,0.0
10,0.4755244755244755,1.0,1.0,0.8301886792452831,0.8584905660377359,0.0
11,0.4755244755244755,1.0,1.0,0.8301886792452831,0.8584905660377359,0.0
12,0.4755244755244755,1.0,1.0,0.8301886792452831,0.8584905660377359,0.0
13,0.4755244755244755,1.0,1.0,0.8301886792452831,0.8584905660377359,0.0
14,0.4755244755244755,1.0,1.0,0.8301886792452831,0.8584905660377359,0.0
15,0.4755244755244755,1.0,1.0,0.8301886792452831,0.8584905660377359,0.0
16,0.4755244755244755,1.0,1.0,0.8301886792452831,0.8584905660377359,0.0
17,0.4755244755244755,1.0,1.0,0.8301886792452831,0.8584905660377359,0.0
18,0.4755244755244755,1.0,1.0,0.8301886792452831,0.8584905660377359,0.0
19,0.4755244755244755,1.0,1.0,0.8301886792452831,0.8584905660377359,0.0
20,0.0,0.17224827760806918,0.2307692307692309,0.08894878706199459,0.1080617495711838,0.8500000000000002
21,0.0,0.17224827760806918,0.2307692307692309,0.08894878706199459,0.1080617495711838,0.8500000000000002
23,0.21052631578947262,0.0,0.0,0.0,0.0,0.40000000000000013
24,0.21052631578947262,0.0,0.0,0.0,0.0,0.40000000000000013
25,0.21052631578947262,0.0,0.0,0.0,0.0,0.40000000000000013
26,0.21052631578947262,0.0,0.0,0.0,0.0,0.40000000000000013
27,0.21052631578947262,0.0,0.0,0.0,0.0,0.40000000000000013
28,0.21052631578947262,0.0,0.0,0.0,0.0,0.40000000000000013
30,0.4755244755244755,1.0,1.0,0.8301886792452831,0.8584905660377359,0.0
31,0.4755244755244755,1.0,1.0,0.8301886792452831,0.8584905660377359,0.0
32,0.4755244755244755,1.0,1.0,0.8301886792452831,0.8584905660377359,0.0
33,1.0,0.9812307917679022,0.7884615384615388,1.0,1.0,1.0
34,0.4755244755244755,1.0,1.0,0.8301886792452831,0.8584905660377359,0.0
35,0.4755244755244755,1.0,1.0,0.8301886792452831,0.8584905660377359,0.0
