18,0.0,0.0,0.0,0.0,0.0,0.0
20,0.0,0.0,0.0,0.0,0.0,0.0
21,0.0,0.0,0.0,0.0,0.0,0.0
23,0.0,0.0,0.0,0.0,0.0,0.0
24,0.0,0.0,0.0,0.0,0.0,0.0
25,0.0,0.0,0.0,0.0,0.0,0.0
26,0.0,0.0,0.0,0.0,0.0,0.0
28,0.0,0.0,0.0,0.0,0.0,0.0
31,0.8076923076923077,0.9701425001453319,1.0,0.7179487179487181,0.7843137254901961,0.0
35,0.8076923076923077,0.9701425001453319,1.0,0.7179487179487181,0.7843137254901961,0.0
38,0.8076923076923077,0.9701425001453319,1.0,0.7179487179487181,0.7843137254901961,0.0
39,0.8076923076923077,0.9701425001453319,1.0,0.7179487179487181,0.7843137254901961,0.0
41,0.8076923076923077,0.9701425001453319,1.0,0.7179487179487181,0.7843137254901961,0.0
42,0.8076923076923077,0.9701425001453319,1.0,0.7179487179487181,0.7843137254901961,0.0
45,0.8076923076923077,0.9701425001453319,1.0,0.7179487179487181,0.7843137254901961,0.0
48,0.7241379310344828,0.7745966692414834,0.6976744186046512,0.5384615384615385,0.625,0.6000000000000002
49,0.7241379310344828,0.7745966692414834,0.6976744186046512,0.5384615384615385,0.625,0.6000000000000002
51,0.7241379310344828,0.7745966692414834,0.6976744186046512,0.5384615384615385,0.625,0.6000000000000002
52,0.7241379310344828,0.7745966692414834,0.6976744186046512,0.5384615384615385,0.625,0.6000000000000002
54,0.7241379310344828,0.7745966692414834,0.6976744186046512,0.5384615384615385,0.625,0.6000000000000002
56,0.7241379310344828,0.7745966692414834,0.6976744186046512,0.5384615384615385,0.625,0.6000000000000002
57,0.7590361445783131,0.8017837257372732,0.7209302325581396,0.5833333333333334,0.6666666666666667,0.3333333333333333
59,0.8076923076923077,0.9701425001453319,1.0,0.7179487179487181,0.7843137254901961,0.0
60,0.8076923076923077,0.9701425001453319,1.0,0.7179487179487181,0.7843137254901961,0.0
61,1.0,0.5773502691896258,0.2790697674418605,0.46666666666666673,0.5555555555555556,0.3333333333333333
62,0.8076923076923077,0.9701425001453319,1.0,0.7179487179487181,0.7843137254901961,0.0
64,0.9999999999999998,1.0,0.8372093023255816,1.0,1.0,1.0
66,1.0,0.5773502691896258,0.2790697674418605,0.46666666666666673,0.5555555555555556,0.3333333333333333
70,1.0,0.8164965809277261,0.558139534883721,0.7777777777777778,0.8333333333333334,0.6666666666666666
71,1.0,0.8164965809277261,0.558139534883721,0.7777777777777778,0.8333333333333334,0.6666666666666666
74,0.8076923076923077,0.9701425001453319,1.0,0.7179487179487181,0.7843137254901961,0.0
75,0.8076923076923077,0.9701425001453319,1.0,0.7179487179487181,0.7843137254901961,0.0
