3,0.0,1.0,1.0,1.0,1.0,0.0
5,0.0,1.0,1.0,1.0,1.0,0.0
6,0.0,1.0,1.0,1.0,1.0,0.0
7,0.0,1.0,1.0,1.0,1.0,0.0
8,0.0,1.0,1.0,1.0,1.0,0.0
9,0.0,1.0,1.0,1.0,1.0,0.0
10,0.0,1.0,1.0,1.0,1.0,0.0
12,0.0,1.0,1.0,1.0,1.0,0.0
13,0.0,1.0,1.0,1.0,1.0,0.0
14,0.0,1.0,1.0,1.0,1.0,0.0
15,0.0,1.0,1.0,1.0,1.0,0.0
16,0.0,1.0,1.0,1.0,1.0,0.0
17,0.0,1.0,1.0,1.0,1.0,0.0
18,0.0,1.0,1.0,1.0,1.0,0.0
19,1.0,0.43262290877389126,0.3846153846153844,0.20673076923076922,0.4230769230769232,1.0
20,0.0,1.0,1.0,1.0,1.0,0.0
21,0.4193548387096773,0.0,0.0,0.0,0.0,0.40000000000000036
22,0.0,1.0,1.0,1.0,1.0,0.0
23,0.0,1.0,1.0,1.0,1.0,0.0
25,0.0,1.0,1.0,1.0,1.0,0.0
