2,0.5,1.0,1.0,1.0,1.0,0.0
4,0.5,1.0,1.0,1.0,1.0,0.0
5,0.5,1.0,1.0,1.0,1.0,0.0
6,0.5,1.0,1.0,1.0,1.0,0.0
7,0.5,1.0,1.0,1.0,1.0,0.0
8,1.0,0.8131156281817417,0.39603960396039606,0.46753246753246747,0.6611570247933884,0.5901639344262295
10,0.3888888888888889,0.7114761746590239,0.6039603960396039,0.4405594405594405,0.6363636363636362,0.5901639344262295
11,0.7105263157894737,0.6098367211363063,0.2871287128712871,0.2727272727272727,0.45454545454545453,0.26229508196721313
12,0.29032258064516125,0.46945252681302024,0.31683168316831684,0.21818181818181817,0.3827751196172248,0.8524590163934426
13,1.0,0.40655781409087083,0.09900990099009901,0.08181818181818182,0.1652892561983471,0.14754098360655737
16,0.23478260869565218,0.36774537952540476,0.21782178217821785,0.15340909090909088,0.2870813397129186,1.0
17,0.23478260869565218,0.36774537952540476,0.21782178217821785,0.15340909090909088,0.2870813397129186,1.0
19,0.0,0.0,0.0,0.0,0.0,0.0
20,0.0,0.0,0.0,0.0,0.0,0.0
21,0.0,0.0,0.0,0.0,0.0,0.0
22,0.0,0.0,0.0,0.0,0.0,0.0
23,0.0,0.0,0.0,0.0,0.0,0.0
25,0.23478260869565218,0.36774537952540476,0.21782178217821785,0.15340909090909088,0.2870813397129186,1.0
26,0.2142857142857143,0.28747978728803447,0.1386138613861386,0.10909090909090909,0.213903743315508,0.7868852459016393
28,0.5,1.0,1.0,1.0,1.0,0.0
