3,0.5,0.4,0.75,0.08695652173913043,0.16,0.0
5,0.5,0.4,0.75,0.08695652173913043,0.16,0.0
6,0.5,0.4,0.75,0.08695652173913043,0.16,0.0
7,0.5,0.4,0.75,0.08695652173913043,0.16,0.0
9,0.5,0.4,0.75,0.08695652173913043,0.16,0.0
10,0.5,0.4,0.75,0.08695652173913043,0.16,0.0
12,0.5,0.4,0.75,0.08695652173913043,0.16,0.0
14,0.5,0.4,0.75,0.08695652173913043,0.16,0.0
16,0.5227272727272727,0.41702882811414954,0.7884615384615385,0.09523809523809523,0.17391304347826086,0.14285714285714293
17,0.5227272727272727,0.41702882811414954,0.7884615384615385,0.09523809523809523,0.17391304347826086,0.14285714285714293
18,0.5227272727272727,0.41702882811414954,0.7884615384615385,0.09523809523809523,0.17391304347826086,0.14285714285714293
20,0.5,0.4,0.75,0.08695652173913043,0.16,0.0
22,0.5,0.4,0.75,0.08695652173913043,0.16,0.0
24,0.5,0.4,0.75,0.08695652173913043,0.16,0.0
25,0.4181818181818182,0.24253562503633297,0.42307692307692313,0.058823529411764705,0.1111111111111111,0.3214285714285714
27,0.5,0.4,0.75,0.08695652173913043,0.16,0.0
29,0.5227272727272727,0.41702882811414954,0.7884615384615385,0.09523809523809523,0.17391304347826086,0.14285714285714293
31,0.4693877551020409,0.2672612419124244,0.48076923076923084,0.07142857142857142,0.13333333333333333,0.10714285714285707
32,0.4693877551020409,0.2672612419124244,0.48076923076923084,0.07142857142857142,0.13333333333333333,0.10714285714285707
36,0.5,0.4,0.75,0.08695652173913043,0.16,0.0
38,0.696969696969697,0.5773502691896258,1.0,0.2,0.3333333333333333,0.9285714285714286
39,0.696969696969697,0.5773502691896258,1.0,0.2,0.3333333333333333,0.9285714285714286
43,0.3650793650793651,0.2182178902359924,0.3461538461538462,0.047619047619047616,0.09090909090909091,0.6071428571428571
44,0.3650793650793651,0.2182178902359924,0.3461538461538462,0.047619047619047616,0.09090909090909091,0.6071428571428571
48,0.5,0.4,0.75,0.08695652173913043,0.16,0.0
50,0.5,0.4,0.75,0.08695652173913043,0.16,0.0
52,0.3650793650793651,0.2182178902359924,0.3461538461538462,0.047619047619047616,0.09090909090909091,0.6071428571428571
53,0.0,0.0,0.0,0.0,0.0,1.0
54,0.3650793650793651,0.2182178902359924,0.3461538461538462,0.047619047619047616,0.09090909090909091,0.6071428571428571
55,0.0,0.0,0.25000000000000006,0.0,0.0,0.07142857142857142
58,0.5,0.4,0.75,0.08695652173913043,0.16,0.0
59,1.0,1.0,0.7307692307692308,1.0,1.0,0.8214285714285714
61,0.5,0.4,0.75,0.08695652173913043,0.16,0.0
62,0.0,0.0,0.019230769230769267,0.0,0.0,0.9285714285714285
64,0.696969696969697,0.5773502691896258,1.0,0.2,0.3333333333333333,0.9285714285714286
66,0.5,0.4,0.75,0.08695652173913043,0.16,0.0
67,0.0,0.0,0.21153846153846156,0.0,0.0,0.21428571428571427
68,0.5348837209302326,0.42640143271122094,0.8076923076923077,0.1,0.18181818181818182,0.2142857142857143
69,0.92,0.7071067811865476,0.7115384615384617,0.5,0.6666666666666666,0.75
71,0.3770491803278688,0.223606797749979,0.3653846153846154,0.05,0.09523809523809523,0.5357142857142857
72,0.5,0.4,0.75,0.08695652173913043,0.16,0.0
