3,0.5,0.8728715609439694,1.0,0.4444444444444444,0.7619047619047619,0.0
5,0.5,0.8728715609439694,1.0,0.4444444444444444,0.7619047619047619,0.0
7,0.5,0.8728715609439694,1.0,0.4444444444444444,0.7619047619047619,0.0
8,0.5,0.8728715609439694,1.0,0.4444444444444444,0.7619047619047619,0.0
9,0.5,0.8728715609439694,1.0,0.4444444444444444,0.7619047619047619,0.0
11,0.5,0.8728715609439694,1.0,0.4444444444444444,0.7619047619047619,0.0
13,0.5,0.8728715609439694,1.0,0.4444444444444444,0.7619047619047619,0.0
15,0.5,0.8728715609439694,1.0,0.4444444444444444,0.7619047619047619,0.0
19,0.5,0.8728715609439694,1.0,0.4444444444444444,0.7619047619047619,0.0
20,0.5,0.8728715609439694,1.0,0.4444444444444444,0.7619047619047619,0.0
24,0.5,0.8728715609439694,1.0,0.4444444444444444,0.7619047619047619,0.0
26,0.5,0.8728715609439694,1.0,0.4444444444444444,0.7619047619047619,0.0
28,0.2,0.28867513459481287,0.2,0.05555555555555555,0.19047619047619047,1.0
29,0.2,0.28867513459481287,0.2,0.05555555555555555,0.19047619047619047,1.0
31,0.5,0.8728715609439694,1.0,0.4444444444444444,0.7619047619047619,0.0
33,0.5294117647058824,0.7745966692414833,0.8,0.3333333333333333,0.6666666666666666,0.11111111111111116
34,0.5294117647058824,0.7745966692414833,0.8,0.3333333333333333,0.6666666666666666,0.11111111111111116
37,0.5,0.8728715609439694,1.0,0.4444444444444444,0.7619047619047619,0.0
39,0.5,0.8728715609439694,1.0,0.4444444444444444,0.7619047619047619,0.0
41,0.5,0.8728715609439694,1.0,0.4444444444444444,0.7619047619047619,0.0
44,0.5,0.8728715609439694,1.0,0.4444444444444444,0.7619047619047619,0.0
45,0.4285714285714286,0.40824829046386296,0.3333333333333333,0.08333333333333333,0.26666666666666666,0.11111111111111109
46,0.5294117647058824,0.7745966692414833,0.8,0.3333333333333333,0.6666666666666666,0.11111111111111116
47,1.0,1.0,0.9333333333333333,1.0,1.0,1.0
49,0.0,0.0,0.0,0.0,0.0,0.8888888888888888
51,0.5,0.8728715609439694,1.0,0.4444444444444444,0.7619047619047619,0.0
