3,0.9166666666666667,1.0,1.0,1.0,1.0,0.0
4,0.9166666666666667,1.0,1.0,1.0,1.0,0.0
7,0.9166666666666667,1.0,1.0,1.0,1.0,0.0
8,0.9166666666666667,1.0,1.0,1.0,1.0,0.0
9,0.9166666666666667,1.0,1.0,1.0,1.0,0.0
10,0.9166666666666667,1.0,1.0,1.0,1.0,0.0
11,0.9166666666666667,1.0,1.0,1.0,1.0,0.0
13,1.0,0.77138921583987,0.5573770491803277,0.6,0.75,0.9999999999999994
14,0.7333333333333334,0.3813850356982369,0.180327868852459,0.16666666666666666,0.2857142857142857,0.9999999999999994
15,1.0,0.77138921583987,0.5573770491803277,0.6,0.75,0.9999999999999994
17,1.0,0.77138921583987,0.5573770491803277,0.6,0.75,0.9999999999999994
18,1.0,0.77138921583987,0.5573770491803277,0.6,0.75,0.9999999999999994
19,0.9166666666666667,0.674199862463242,0.45901639344262285,0.45454545454545453,0.625,0.0
23,0.8333333333333334,0.642824346533225,0.4508196721311475,0.4166666666666667,0.5882352941176471,0.9999999999999994
25,0.9166666666666667,0.42640143271122083,0.18852459016393439,0.18181818181818182,0.3076923076923077,0.0
26,0.0,0.0,0.0,0.0,0.0,0.9999999999999997
27,0.9166666666666667,0.42640143271122083,0.18852459016393439,0.18181818181818182,0.3076923076923077,0.0
29,0.9166666666666667,0.42640143271122083,0.18852459016393439,0.18181818181818182,0.3076923076923077,0.0
30,0.9166666666666667,0.42640143271122083,0.18852459016393439,0.18181818181818182,0.3076923076923077,0.0
31,0.9166666666666667,0.42640143271122083,0.18852459016393439,0.18181818181818182,0.3076923076923077,0.0
36,0.7857142857142857,0.4834937784152281,0.2704918032786885,0.25,0.4,1.0
37,0.7333333333333334,0.3813850356982369,0.180327868852459,0.16666666666666666,0.2857142857142857,0.9999999999999994
38,0.9166666666666667,0.42640143271122083,0.18852459016393439,0.18181818181818182,0.3076923076923077,0.0
39,0.7857142857142857,0.4834937784152281,0.2704918032786885,0.25,0.4,1.0
41,0.7857142857142857,0.4834937784152281,0.2704918032786885,0.25,0.4,1.0
42,0.7857142857142857,0.4834937784152281,0.2704918032786885,0.25,0.4,1.0
43,0.7857142857142857,0.4834937784152281,0.2704918032786885,0.25,0.4,1.0
46,0.9166666666666667,1.0,1.0,1.0,1.0,0.0
