2,0.35714285714285715,0.9061521329428813,1.0,0.5263157894736842,0.5894736842105264,0.0
4,0.35714285714285715,0.9061521329428813,1.0,0.5263157894736842,0.5894736842105264,0.0
6,0.35714285714285715,0.9061521329428813,1.0,0.5263157894736842,0.5894736842105264,0.0
7,0.35714285714285715,0.9061521329428813,1.0,0.5263157894736842,0.5894736842105264,0.0
9,0.0,0.0,0.0,0.0,0.0,0.6666666666666666
10,0.14285714285714293,0.06066390361947432,0.027777777777777776,0.052631578947368446,0.06698564593301436,0.3333333333333332
11,0.5102040816326532,0.22653803323572033,0.06944444444444446,0.18796992481203004,0.23026315789473684,0.16666666666666669
13,0.5102040816326532,0.9061521329428813,0.8194444444444445,0.708502024291498,0.7585139318885449,0.6666666666666667
14,0.6043956043956045,1.0,0.8472222222222222,0.8851674641148325,0.9087719298245615,1.0
16,0.7142857142857142,0.3316747003505484,0.08333333333333333,0.26315789473684204,0.3157894736842105,0.3333333333333333
17,1.0,0.5080434105144074,0.09722222222222221,0.3684210526315789,0.4298245614035088,0.5
19,0.5714285714285714,0.776392099508834,0.5833333333333334,0.6842105263157894,0.736842105263158,0.6666666666666664
21,1.0,0.9061521329428813,0.375,1.0,1.0,1.0
22,0.7142857142857142,0.3316747003505484,0.08333333333333333,0.26315789473684204,0.3157894736842105,0.3333333333333333
24,0.14285714285714293,0.06066390361947432,0.027777777777777776,0.052631578947368446,0.06698564593301436,0.3333333333333332
25,0.35714285714285715,0.15478926369357213,0.05555555555555555,0.13157894736842105,0.1637426900584795,0.0
26,0.35714285714285715,0.15478926369357213,0.05555555555555555,0.13157894736842105,0.1637426900584795,0.0
27,0.7142857142857142,0.3316747003505484,0.08333333333333333,0.26315789473684204,0.3157894736842105,0.3333333333333333
28,0.35714285714285715,0.9061521329428813,1.0,0.5263157894736842,0.5894736842105264,0.0
29,0.35714285714285715,0.9061521329428813,1.0,0.5263157894736842,0.5894736842105264,0.0
30,0.35714285714285715,0.9061521329428813,1.0,0.5263157894736842,0.5894736842105264,0.0
31,0.35714285714285715,0.9061521329428813,1.0,0.5263157894736842,0.5894736842105264,0.0
32,0.35714285714285715,0.9061521329428813,1.0,0.5263157894736842,0.5894736842105264,0.0
33,0.35714285714285715,0.9061521329428813,1.0,0.5263157894736842,0.5894736842105264,0.0
34,0.35714285714285715,0.9061521329428813,1.0,0.5263157894736842,0.5894736842105264,0.0
35,0.35714285714285715,0.9061521329428813,1.0,0.5263157894736842,0.5894736842105264,0.0
36,0.35714285714285715,0.9061521329428813,1.0,0.5263157894736842,0.5894736842105264,0.0
37,0.35714285714285715,0.9061521329428813,1.0,0.5263157894736842,0.5894736842105264,0.0
38,0.35714285714285715,0.9061521329428813,1.0,0.5263157894736842,0.5894736842105264,0.0
39,0.35714285714285715,0.9061521329428813,1.0,0.5263157894736842,0.5894736842105264,0.0
40,0.35714285714285715,0.9061521329428813,1.0,0.5263157894736842,0.5894736842105264,0.0
42,0.35714285714285715,0.9061521329428813,1.0,0.5263157894736842,0.5894736842105264,0.0
