8,0,1.0,1.0,1.0,1.0,1.0
13,0,1.0,1.0,1.0,1.0,1.0
14,0,1.0,1.0,1.0,1.0,1.0
15,0,1.0,1.0,1.0,1.0,1.0
16,0,1.0,1.0,1.0,1.0,1.0
17,0,1.0,1.0,1.0,1.0,1.0
18,0,1.0,1.0,1.0,1.0,1.0
19,0,0.656315775702984,0.6153846153846154,0.12779552715654952,0.6153846153846155,0.6153846153846155
20,0,0.656315775702984,0.6153846153846154,0.12779552715654952,0.6153846153846155,0.6153846153846155
22,0,0.7984344255923302,0.7692307692307693,0.26624068157614483,0.7692307692307693,0.7692307692307693
23,0,0.7282214050367674,0.6923076923076923,0.17971246006389777,0.6923076923076923,0.6923076923076923
24,0,0.18071232730743506,0.15384615384615385,0.014522218995062442,0.15384615384615397,0.15384615384615397
27,0,0.34891526037401926,0.3076923076923077,0.03549875754348597,0.30769230769230776,0.30769230769230776
28,0,0.0,0.0,0.0,0.0,0.0
32,0,1.0,1.0,1.0,1.0,1.0
33,0,1.0,1.0,1.0,1.0,1.0
34,0,1.0,1.0,1.0,1.0,1.0
42,0,1.0,1.0,1.0,1.0,1.0
45,0,1.0,1.0,1.0,1.0,1.0
