2,0.28454415954415957,0.8393321430423177,1.0,0.5160493827160495,0.5462962962962963,0.0
5,0.28454415954415957,0.8393321430423177,1.0,0.5160493827160495,0.5462962962962963,0.0
6,0.28454415954415957,0.8393321430423177,1.0,0.5160493827160495,0.5462962962962963,0.0
7,0.28454415954415957,0.8393321430423177,1.0,0.5160493827160495,0.5462962962962963,0.0
9,0.28454415954415957,0.8393321430423177,1.0,0.5160493827160495,0.5462962962962963,0.0
11,0.28454415954415957,0.8393321430423177,1.0,0.5160493827160495,0.5462962962962963,0.0
14,0.28454415954415957,0.8393321430423177,1.0,0.5160493827160495,0.5462962962962963,0.0
16,0.28454415954415957,0.8393321430423177,1.0,0.5160493827160495,0.5462962962962963,0.0
18,0.28454415954415957,0.8393321430423177,1.0,0.5160493827160495,0.5462962962962963,0.0
20,0.25273108054565047,0.7584913275533665,0.8986013986013983,0.46360153256705,0.4939117199391172,0.05660377358490546
22,0.0,0.214061082275727,0.291958041958042,0.08148148148148157,0.09104938271604938,0.32075471698113195
23,0.0,0.214061082275727,0.291958041958042,0.08148148148148157,0.09104938271604938,0.32075471698113195
24,0.0,0.214061082275727,0.291958041958042,0.08148148148148157,0.09104938271604938,0.32075471698113195
26,0.4274482192102331,0.8198172175837934,0.9055944055944056,0.5884773662551442,0.6175523349436394,0.24528301886792467
28,0.1972027972027966,0.2667306589414572,0.2972027972027972,0.17460317460317457,0.19281045751634007,0.09433962264150961
29,0.1972027972027966,0.2667306589414572,0.2972027972027972,0.17460317460317457,0.19281045751634007,0.09433962264150961
30,0.1972027972027966,0.2667306589414572,0.2972027972027972,0.17460317460317457,0.19281045751634007,0.09433962264150961
32,0.8182969294080412,0.9603868636752763,0.9195804195804195,0.9033816425120774,0.9134790528233152,0.8490566037735849
34,1.0,0.4901188712386101,0.31468531468531463,0.6111111111111112,0.6395663956639568,0.660377358490566
35,1.0,0.4901188712386101,0.31468531468531463,0.6111111111111112,0.6395663956639568,0.660377358490566
36,1.0,0.4901188712386101,0.31468531468531463,0.6111111111111112,0.6395663956639568,0.660377358490566
38,0.9258541626299815,1.0,0.9230769230769229,1.0,1.0,1.0
40,0.33851915874387806,0.0,0.0,0.0,0.0,0.03773584905660389
41,0.33851915874387806,0.0,0.0,0.0,0.0,0.03773584905660389
42,0.33851915874387806,0.0,0.0,0.0,0.0,0.03773584905660389
46,0.28454415954415957,0.8393321430423177,1.0,0.5160493827160495,0.5462962962962963,0.0
47,0.28454415954415957,0.8393321430423177,1.0,0.5160493827160495,0.5462962962962963,0.0
