4,0.33172268907563024,1.0,1.0,0.8915601023017904,0.899136290440638,0.0
8,0.33172268907563024,1.0,1.0,0.8915601023017904,0.899136290440638,0.0
9,0.33172268907563024,1.0,1.0,0.8915601023017904,0.899136290440638,0.0
10,0.33172268907563024,1.0,1.0,0.8915601023017904,0.899136290440638,0.0
11,0.0,0.5476173125481052,0.5363820111167257,0.4666666666666666,0.4868421052631578,1.0
12,0.0,0.5476173125481052,0.5363820111167257,0.4666666666666666,0.4868421052631578,1.0
13,0.3531792025051344,0.0,0.0,0.0,0.0,0.013745704467353901
16,1.0,0.5681428133910132,0.296867104598282,1.0,1.0,1.0
18,0.33172268907563024,1.0,1.0,0.8915601023017904,0.899136290440638,0.0
20,0.33172268907563024,1.0,1.0,0.8915601023017904,0.899136290440638,0.0
