3,0.5,1.0,1.0,1.0,1.0,0.0
5,0.5,1.0,1.0,1.0,1.0,0.0
11,0.5,1.0,1.0,1.0,1.0,0.0
12,1.0,0.4556450995538137,0.18461538461538463,0.037815126050420166,0.20761245674740486,0.9000000000000002
13,1.0,0.4556450995538137,0.18461538461538463,0.037815126050420166,0.20761245674740486,0.9000000000000002
15,0.45161290322580644,0.8932430616062312,0.8153846153846154,0.4117647058823529,0.8235294117647058,0.9000000000000004
16,0.0,0.0,0.0,0.0,0.0,0.0
17,0.0,0.0,0.0,0.0,0.0,0.0
18,0.0,0.0,0.0,0.0,0.0,0.0
21,0.45161290322580644,0.8932430616062312,0.8153846153846154,0.4117647058823529,0.8235294117647058,0.9000000000000004
22,0.45161290322580644,0.8932430616062312,0.8153846153846154,0.4117647058823529,0.8235294117647058,0.9000000000000004
23,0.41379310344827586,0.6655122646461623,0.46153846153846156,0.1283422459893048,0.4953560371517028,1.0
25,0.45161290322580644,0.8932430616062312,0.8153846153846154,0.4117647058823529,0.8235294117647058,0.9000000000000004
26,0.45161290322580644,0.8932430616062312,0.8153846153846154,0.4117647058823529,0.8235294117647058,0.9000000000000004
27,0.45161290322580644,0.8932430616062312,0.8153846153846154,0.4117647058823529,0.8235294117647058,0.9000000000000004
29,0.45161290322580644,0.8932430616062312,0.8153846153846154,0.4117647058823529,0.8235294117647058,0.9000000000000004
33,0.45161290322580644,0.8932430616062312,0.8153846153846154,0.4117647058823529,0.8235294117647058,0.9000000000000004
34,0.45161290322580644,0.8932430616062312,0.8153846153846154,0.4117647058823529,0.8235294117647058,0.9000000000000004
37,0.45161290322580644,0.8932430616062312,0.8153846153846154,0.4117647058823529,0.8235294117647058,0.9000000000000004
