15,0.0,0.0,0.0,0.0,0.0,0.0
16,0.0,0.0,0.0,0.0,0.0,0.0
17,0.0,0.0,0.0,0.0,0.0,0.0
18,0.0,0.0,0.0,0.0,0.0,0.0
19,0.0,0.0,0.0,0.0,0.0,0.0
21,0.0,0.0,0.0,0.0,0.0,0.0
23,1.0,1.0,1.0,1.0,1.0,0.0
24,1.0,1.0,1.0,1.0,1.0,0.0
26,1.0,1.0,1.0,1.0,1.0,0.0
27,1.0,1.0,1.0,1.0,1.0,0.0
28,1.0,1.0,1.0,1.0,1.0,0.0
29,1.0,1.0,1.0,1.0,1.0,0.0
31,1.0,1.0,1.0,1.0,1.0,0.0
32,1.0,1.0,1.0,1.0,1.0,0.0
33,1.0,1.0,1.0,1.0,1.0,0.0
34,0.9272030651340997,0.8412433614777968,0.7765237020316027,0.7857142857142857,0.8392857142857143,1.0
35,0.9272030651340997,0.8412433614777968,0.7765237020316027,0.7857142857142857,0.8392857142857143,1.0
38,1.0,1.0,1.0,1.0,1.0,0.0
40,1.0,1.0,1.0,1.0,1.0,0.0
41,0.0,0.0,0.0,0.0,0.0,0.0
47,1.0,1.0,1.0,1.0,1.0,0.0
50,1.0,1.0,1.0,1.0,1.0,0.0
