4,0.5611402850712679,1.0,1.0,1.0,1.0,0.0
6,0.5611402850712679,1.0,1.0,1.0,1.0,0.0
7,0.5611402850712679,1.0,1.0,1.0,1.0,0.0
8,0.5611402850712679,1.0,1.0,1.0,1.0,0.0
9,0.5611402850712679,1.0,1.0,1.0,1.0,0.0
11,0.5611402850712679,1.0,1.0,1.0,1.0,0.0
13,0.5611402850712679,1.0,1.0,1.0,1.0,0.0
14,0.5611402850712679,1.0,1.0,1.0,1.0,0.0
15,0.5611402850712679,1.0,1.0,1.0,1.0,0.0
16,0.5611402850712679,1.0,1.0,1.0,1.0,0.0
18,0.5328719723183392,0.873312922105017,0.8269617706237423,0.7577165615665451,0.8630752453653218,0.10784313725490198
20,0.0,0.0,0.0,0.0,0.0,1.0
24,1.0,0.77183127756391,0.4969818913480885,0.6183206106870229,0.7655398037077427,0.8921568627450982
25,1.0,0.77183127756391,0.4969818913480885,0.6183206106870229,0.7655398037077427,0.8921568627450982
26,1.0,0.77183127756391,0.4969818913480885,0.6183206106870229,0.7655398037077427,0.8921568627450982
27,1.0,0.77183127756391,0.4969818913480885,0.6183206106870229,0.7655398037077427,0.8921568627450982
32,0.5611402850712679,1.0,1.0,1.0,1.0,0.0
34,0.16706217370669205,0.22490956771484755,0.17303822937625749,0.10825815405968078,0.1965830607051981,0.892156862745098
38,0.5611402850712679,1.0,1.0,1.0,1.0,0.0
