3,0,0.47140452079103173,0.2222222222222222,0.031746031746031744,0.2222222222222222,0.2222222222222222
4,0,0.47140452079103173,0.2222222222222222,0.031746031746031744,0.2222222222222222,0.2222222222222222
5,0,0.3333333333333333,0.1111111111111111,0.013888888888888888,0.1111111111111111,0.1111111111111111
6,0,0.3333333333333333,0.1111111111111111,0.013888888888888888,0.1111111111111111,0.1111111111111111
8,0,0.3333333333333333,0.1111111111111111,0.013888888888888888,0.1111111111111111,0.1111111111111111
9,0,0.3333333333333333,0.1111111111111111,0.013888888888888888,0.1111111111111111,0.1111111111111111
11,0,0.3333333333333333,0.1111111111111111,0.013888888888888888,0.1111111111111111,0.1111111111111111
12,0,0.3333333333333333,0.1111111111111111,0.013888888888888888,0.1111111111111111,0.1111111111111111
14,0,0.3333333333333333,0.1111111111111111,0.013888888888888888,0.1111111111111111,0.1111111111111111
15,0,0.3333333333333333,0.1111111111111111,0.013888888888888888,0.1111111111111111,0.1111111111111111
17,0,0.3333333333333333,0.1111111111111111,0.013888888888888888,0.1111111111111111,0.1111111111111111
19,0,0.3333333333333333,0.1111111111111111,0.013888888888888888,0.1111111111111111,0.1111111111111111
20,0,0.3333333333333333,0.1111111111111111,0.013888888888888888,0.1111111111111111,0.1111111111111111
22,0,0.3333333333333333,0.1111111111111111,0.013888888888888888,0.1111111111111111,0.1111111111111111
23,0,0.3333333333333333,0.1111111111111111,0.013888888888888888,0.1111111111111111,0.1111111111111111
25,0,0.3333333333333333,0.1111111111111111,0.013888888888888888,0.1111111111111111,0.1111111111111111
26,0,0.3333333333333333,0.1111111111111111,0.013888888888888888,0.1111111111111111,0.1111111111111111
28,0,0.0,0.0,0.0,0.0,0.0
31,0,1.0,1.0,1.0,1.0,1.0
34,0,1.0,1.0,1.0,1.0,1.0
35,0,1.0,1.0,1.0,1.0,1.0
36,0,0.8819171036881969,0.7777777777777778,0.3888888888888889,0.7777777777777778,0.7777777777777778
37,0,0.8819171036881969,0.7777777777777778,0.3888888888888889,0.7777777777777778,0.7777777777777778
39,0,0.47140452079103173,0.2222222222222222,0.031746031746031744,0.2222222222222222,0.2222222222222222
40,0,0.47140452079103173,0.2222222222222222,0.031746031746031744,0.2222222222222222,0.2222222222222222
42,0,0.47140452079103173,0.2222222222222222,0.031746031746031744,0.2222222222222222,0.2222222222222222
43,0,0.47140452079103173,0.2222222222222222,0.031746031746031744,0.2222222222222222,0.2222222222222222
