7,0.8999999999999999,0.9198662110077999,0.9649122807017544,0.7999999999999999,0.8461538461538463,0.0
13,0.8999999999999999,0.9198662110077999,0.9649122807017544,0.7999999999999999,0.8461538461538463,0.0
15,0.8999999999999999,0.9198662110077999,0.9649122807017544,0.7999999999999999,0.8461538461538463,0.0
17,0.0,0.0,0.0,0.0,0.0,1.0
18,0.0,0.0,0.0,0.0,0.0,1.0
21,1.0,1.0,1.0,1.0,1.0,0.9999999999999998
23,1.0,1.0,1.0,1.0,1.0,0.9999999999999998
24,1.0,1.0,1.0,1.0,1.0,0.9999999999999998
25,1.0,1.0,1.0,1.0,1.0,0.9999999999999998
27,0.0,0.0,0.03508771929824561,0.0,0.0,0.0
29,0.0,0.0,0.03508771929824561,0.0,0.0,0.0
30,0.0,0.0,0.03508771929824561,0.0,0.0,0.0
32,0.0,0.0,0.03508771929824561,0.0,0.0,0.0
33,0.0,0.0,0.03508771929824561,0.0,0.0,0.0
34,0.0,0.0,0.03508771929824561,0.0,0.0,0.0
35,0.0,0.0,0.03508771929824561,0.0,0.0,0.0
36,0.0,0.0,0.03508771929824561,0.0,0.0,0.0
37,0.0,0.0,0.03508771929824561,0.0,0.0,0.0
43,1.0,1.0,1.0,1.0,1.0,0.9999999999999998
45,1.0,1.0,1.0,1.0,1.0,0.9999999999999998
