2,0.0,0.0,0.0,0.0,0.0,0.0
5,0.0,0.0,0.0,0.0,0.0,0.0
6,0.0,0.0,0.0,0.0,0.0,0.0
7,0.0,0.0,0.0,0.0,0.0,0.0
8,0.0,0.0,0.0,0.0,0.0,0.0
9,0.1440071556350628,0.1391197177053249,0.153846153846155,0.13393665158371035,0.13439434129089312,0.1538461538461536
10,1.0,1.0,1.0,1.0,1.0,1.0
11,0.1440071556350628,0.1391197177053249,0.153846153846155,0.13393665158371035,0.13439434129089312,0.1538461538461536
13,0.0,0.0,0.0,0.0,0.0,0.0
14,0.0,0.0,0.0,0.0,0.0,0.0
15,0.0,0.0,0.0,0.0,0.0,0.0
17,0.0,0.0,0.0,0.0,0.0,0.0
