4,0.5789473684210527,0.5738190417570044,0.9157894736842105,0.19736842105263155,0.25609756097560976,0.0
6,0.5789473684210527,0.5738190417570044,0.9157894736842105,0.19736842105263155,0.25609756097560976,0.0
8,0.5789473684210527,0.5738190417570044,0.9157894736842105,0.19736842105263155,0.25609756097560976,0.0
9,0.5789473684210527,0.5738190417570044,0.9157894736842105,0.19736842105263155,0.25609756097560976,0.0
12,0.5789473684210527,0.5738190417570044,0.9157894736842105,0.19736842105263155,0.25609756097560976,0.0
14,0.5789473684210527,0.5738190417570044,0.9157894736842105,0.19736842105263155,0.25609756097560976,0.0
16,0.5789473684210527,0.5738190417570044,0.9157894736842105,0.19736842105263155,0.25609756097560976,0.0
18,0.6197183098591549,0.6123724356957945,0.9684210526315788,0.22727272727272727,0.2916666666666667,0.23437499999999994
19,0.6197183098591549,0.6123724356957945,0.9684210526315788,0.22727272727272727,0.2916666666666667,0.23437499999999994
20,0.5789473684210527,0.5738190417570044,0.9157894736842105,0.19736842105263155,0.25609756097560976,0.0
21,0.5789473684210527,0.5738190417570044,0.9157894736842105,0.19736842105263155,0.25609756097560976,0.0
22,0.5789473684210527,0.5738190417570044,0.9157894736842105,0.19736842105263155,0.25609756097560976,0.0
23,0.5789473684210527,0.5738190417570044,0.9157894736842105,0.19736842105263155,0.25609756097560976,0.0
24,0.6470588235294118,0.6396021490668312,1.0,0.25,0.31818181818181823,0.375
26,0.5789473684210527,0.5738190417570044,0.9157894736842105,0.19736842105263155,0.25609756097560976,0.0
27,0.0,0.0,0.031578947368421054,0.0,0.0,0.234375
28,0.5789473684210527,0.5738190417570044,0.9157894736842105,0.19736842105263155,0.25609756097560976,0.0
29,1.0,1.0,0.863157894736842,1.0,1.0,1.0
30,0.5789473684210527,0.5738190417570044,0.9157894736842105,0.19736842105263155,0.25609756097560976,0.0
31,0.5945945945945945,0.33968311024337866,0.36842105263157887,0.17857142857142855,0.23333333333333334,0.03125
32,0.5789473684210527,0.5738190417570044,0.9157894736842105,0.19736842105263155,0.25609756097560976,0.0
33,0.0,0.0,0.0,0.0,0.0,0.375
34,0.5789473684210527,0.5738190417570044,0.9157894736842105,0.19736842105263155,0.25609756097560976,0.0
35,0.0,0.0,0.02105263157894736,0.0,0.0,0.28125
37,0.5789473684210527,0.5738190417570044,0.9157894736842105,0.19736842105263155,0.25609756097560976,0.0
