4,0.7941176470588235,1.0,1.0,1.0,1.0,0.0
7,0.7941176470588235,1.0,1.0,1.0,1.0,0.0
9,0.7941176470588235,1.0,1.0,1.0,1.0,0.0
10,0.7941176470588235,1.0,1.0,1.0,1.0,0.0
12,0.7941176470588235,1.0,1.0,1.0,1.0,0.0
13,0.9152542372881356,0.7091242083423346,0.4246575342465754,0.85,0.8800000000000001,0.6428571428571428
14,0.9152542372881356,0.7091242083423346,0.4246575342465754,0.85,0.8800000000000001,0.6428571428571428
15,0.9152542372881356,0.7091242083423346,0.4246575342465754,0.85,0.8800000000000001,0.6428571428571428
16,1.0,0.7659416862050704,0.4383561643835616,0.9714285714285713,0.9777777777777777,1.0
18,0.7297297297297296,0.7266360849833978,0.5753424657534247,0.7285714285714285,0.7764705882352942,0.6428571428571431
19,0.7297297297297297,0.41952353926806063,0.19178082191780824,0.425,0.4888888888888889,0.21428571428571416
20,0.7297297297297297,0.41952353926806063,0.19178082191780824,0.425,0.4888888888888889,0.21428571428571416
21,0.7297297297297297,0.41952353926806063,0.19178082191780824,0.425,0.4888888888888889,0.21428571428571416
22,0.7297297297297297,0.41952353926806063,0.19178082191780824,0.425,0.4888888888888889,0.21428571428571416
27,0.7297297297297297,0.593295878967653,0.3835616438356165,0.6181818181818182,0.676923076923077,0.4285714285714283
28,0.7297297297297297,0.593295878967653,0.3835616438356165,0.6181818181818182,0.676923076923077,0.4285714285714283
29,0.7297297297297297,0.593295878967653,0.3835616438356165,0.6181818181818182,0.676923076923077,0.4285714285714283
31,0.7297297297297297,0.593295878967653,0.3835616438356165,0.6181818181818182,0.676923076923077,0.4285714285714283
32,0.7297297297297297,0.593295878967653,0.3835616438356165,0.6181818181818182,0.676923076923077,0.4285714285714283
34,0.7297297297297297,0.593295878967653,0.3835616438356165,0.6181818181818182,0.676923076923077,0.4285714285714283
35,0.7297297297297297,0.593295878967653,0.3835616438356165,0.6181818181818182,0.676923076923077,0.4285714285714283
36,0.7297297297297297,0.593295878967653,0.3835616438356165,0.6181818181818182,0.676923076923077,0.4285714285714283
37,0.7297297297297297,0.593295878967653,0.3835616438356165,0.6181818181818182,0.676923076923077,0.4285714285714283
42,0.0,0.0,0.0,0.0,0.0,0.0
43,0.0,0.0,0.0,0.0,0.0,0.0
45,0.0,0.0,0.0,0.0,0.0,0.0
46,0.0,0.0,0.0,0.0,0.0,0.0
47,0.0,0.0,0.0,0.0,0.0,0.0
48,0.0,0.0,0.0,0.0,0.0,0.0
52,0.7941176470588235,1.0,1.0,1.0,1.0,0.0
