6,0.7631578947368421,0.9354143466934853,0.9651162790697674,0.8421052631578947,0.8750000000000001,0.0
9,0.7631578947368421,0.9354143466934853,0.9651162790697674,0.8421052631578947,0.8750000000000001,0.0
11,0.7631578947368421,0.9354143466934853,0.9651162790697674,0.8421052631578947,0.8750000000000001,0.0
13,0.7631578947368421,0.9354143466934853,0.9651162790697674,0.8421052631578947,0.8750000000000001,0.0
17,0.7631578947368421,0.9354143466934853,0.9651162790697674,0.8421052631578947,0.8750000000000001,0.0
20,0.7631578947368421,0.9354143466934853,0.9651162790697674,0.8421052631578947,0.8750000000000001,0.0
22,0.8285714285714285,1.0,1.0,1.0,1.0,0.8333333333333335
24,0.7131147540983607,0.687386354243376,0.5697674418604651,0.64,0.7,0.4444444444444446
25,0.7131147540983607,0.687386354243376,0.5697674418604651,0.64,0.7,0.4444444444444446
30,0.8529411764705883,0.648074069840786,0.4186046511627907,0.711111111111111,0.7636363636363637,0.4444444444444446
32,1.0,0.7483314773547882,0.44186046511627913,0.9142857142857143,0.9333333333333333,1.0
34,1.0,0.7483314773547882,0.44186046511627913,0.9142857142857143,0.9333333333333333,1.0
35,1.0,0.7483314773547882,0.44186046511627913,0.9142857142857143,0.9333333333333333,1.0
40,0.0,0.0,0.0,0.0,0.0,0.5555555555555555
42,0.0,0.0,0.0,0.0,0.0,0.5555555555555555
