3,0.5377855887521956,0.5107237556737345,0.5,0.5,0.5119047619047613,0.5000000000000003
5,0.5377855887521956,0.5107237556737345,0.5,0.5,0.5119047619047613,0.5000000000000003
6,0.5377855887521956,0.5107237556737345,0.5,0.5,0.5119047619047613,0.5000000000000003
8,0.5377855887521956,0.5107237556737345,0.5,0.5,0.5119047619047613,0.5000000000000003
9,0.5377855887521956,0.5107237556737345,0.5,0.5,0.5119047619047613,0.5000000000000003
10,0.5377855887521956,0.5107237556737345,0.5,0.5,0.5119047619047613,0.5000000000000003
11,0.5377855887521956,0.5107237556737345,0.5,0.5,0.5119047619047613,0.5000000000000003
12,0.5377855887521956,0.5107237556737345,0.5,0.5,0.5119047619047613,0.5000000000000003
14,0.5377855887521956,0.5107237556737345,0.5,0.5,0.5119047619047613,0.5000000000000003
17,1.0,1.0,1.0,1.0,1.0,0.0
20,1.0,1.0,1.0,1.0,1.0,0.0
21,1.0,1.0,1.0,1.0,1.0,0.0
23,1.0,1.0,1.0,1.0,1.0,0.0
24,0.5377855887521956,0.5107237556737345,0.5,0.5,0.5119047619047613,0.5000000000000003
25,0.8906444906444912,0.3163599568050817,0.07352941176470607,0.6034482758620692,0.6147875816993462,0.09999999999999966
26,0.8906444906444912,0.3163599568050817,0.07352941176470607,0.6034482758620692,0.6147875816993462,0.09999999999999966
28,0.0,0.0,0.0,0.0,0.0,1.0
31,1.0,1.0,1.0,1.0,1.0,0.0
