3,0.2605633802816897,0.9187986363927765,0.9893048128342246,0.8024691358024691,0.8784425451092118,0.0
5,0.2605633802816897,0.9187986363927765,0.9893048128342246,0.8024691358024691,0.8784425451092118,0.0
6,0.2605633802816897,0.9187986363927765,0.9893048128342246,0.8024691358024691,0.8784425451092118,0.0
7,0.2605633802816897,0.9187986363927765,0.9893048128342246,0.8024691358024691,0.8784425451092118,0.0
9,0.2605633802816897,0.9187986363927765,0.9893048128342246,0.8024691358024691,0.8784425451092118,0.0
11,0.2605633802816897,0.9187986363927765,0.9893048128342246,0.8024691358024691,0.8784425451092118,0.0
12,0.2605633802816897,0.9187986363927765,0.9893048128342246,0.8024691358024691,0.8784425451092118,0.0
13,0.2605633802816897,0.9187986363927765,0.9893048128342246,0.8024691358024691,0.8784425451092118,0.0
14,0.2605633802816897,0.9187986363927765,0.9893048128342246,0.8024691358024691,0.8784425451092118,0.0
16,0.2605633802816897,0.9187986363927765,0.9893048128342246,0.8024691358024691,0.8784425451092118,0.0
18,0.3220446273144481,0.5222511160639431,0.49732620320855614,0.3681917211328976,0.5089947089947088,0.08000000000000024
19,0.3220446273144481,0.5222511160639431,0.49732620320855614,0.3681917211328976,0.5089947089947088,0.08000000000000024
20,0.3220446273144481,0.5222511160639431,0.49732620320855614,0.3681917211328976,0.5089947089947088,0.08000000000000024
21,0.3220446273144481,0.5222511160639431,0.49732620320855614,0.3681917211328976,0.5089947089947088,0.08000000000000024
22,0.3220446273144481,0.5222511160639431,0.49732620320855614,0.3681917211328976,0.5089947089947088,0.08000000000000024
24,0.6514084507042245,1.0,1.0,1.0,1.0,0.6399999999999998
26,0.8685446009389666,0.7670178657848042,0.6737967914438503,0.6649029982363316,0.7792302106027595,0.8000000000000003
27,0.8685446009389666,0.7670178657848042,0.6737967914438503,0.6649029982363316,0.7792302106027595,0.8000000000000003
30,0.2605633802816897,0.9187986363927765,0.9893048128342246,0.8024691358024691,0.8784425451092118,0.0
31,0.2605633802816897,0.9187986363927765,0.9893048128342246,0.8024691358024691,0.8784425451092118,0.0
32,0.2605633802816897,0.9187986363927765,0.9893048128342246,0.8024691358024691,0.8784425451092118,0.0
33,0.2605633802816897,0.9187986363927765,0.9893048128342246,0.8024691358024691,0.8784425451092118,0.0
34,0.2605633802816897,0.9187986363927765,0.9893048128342246,0.8024691358024691,0.8784425451092118,0.0
36,0.2605633802816897,0.9187986363927765,0.9893048128342246,0.8024691358024691,0.8784425451092118,0.0
38,0.0,0.313651038751426,0.32620320855614976,0.19428200129954515,0.3001763668430334,0.3199999999999999
39,0.0,0.313651038751426,0.32620320855614976,0.19428200129954515,0.3001763668430334,0.3199999999999999
40,0.0,0.313651038751426,0.32620320855614976,0.19428200129954515,0.3001763668430334,0.3199999999999999
41,0.0,0.313651038751426,0.32620320855614976,0.19428200129954515,0.3001763668430334,0.3199999999999999
42,0.0,0.313651038751426,0.32620320855614976,0.19428200129954515,0.3001763668430334,0.3199999999999999
44,0.6514084507042245,1.0,1.0,1.0,1.0,0.6399999999999998
46,1.0,0.8622632002393096,0.7593582887700535,0.8148148148148148,0.8867102396514162,1.0
47,1.0,0.8622632002393096,0.7593582887700535,0.8148148148148148,0.8867102396514162,1.0
50,0.2605633802816897,0.9187986363927765,0.9893048128342246,0.8024691358024691,0.8784425451092118,0.0
52,0.4492472073822242,0.05522265549204167,0.0053475935828877,0.025341130604288487,0.044205495818399,0.15999999999999995
56,0.08405270331667464,0.0,0.0,0.0,0.0,0.15999999999999995
58,0.2605633802816897,0.9187986363927765,0.9893048128342246,0.8024691358024691,0.8784425451092118,0.0
59,0.2605633802816897,0.9187986363927765,0.9893048128342246,0.8024691358024691,0.8784425451092118,0.0
