3,0.0,0.0,0.0,0.0,0.0,0.0
4,0.0,0.0,0.0,0.0,0.0,0.0
7,0.0,0.0,0.0,0.0,0.0,0.0
8,0.0,0.0,0.0,0.0,0.0,0.0
9,0.0,0.0,0.0,0.0,0.0,0.0
10,0.0,0.0,0.0,0.0,0.0,0.0
11,0.6576576576576627,0.6550597507433767,0.6666666666666666,0.6481481481481481,0.6511627906976759,0.6666666666666672
12,0.6576576576576627,0.6550597507433767,0.6666666666666666,0.6481481481481481,0.6511627906976759,0.6666666666666672
13,0.6576576576576627,0.6550597507433767,0.6666666666666666,0.6481481481481481,0.6511627906976759,0.6666666666666672
14,1.0,1.0,1.0,1.0,1.0,1.0
15,1.0,1.0,1.0,1.0,1.0,1.0
18,0.0,0.0,0.0,0.0,0.0,0.0
19,0.0,0.0,0.0,0.0,0.0,0.0
