3,0.7272727272727273,0.6995439243733447,0.8222222222222223,0.45454545454545453,0.48936170212765956,0.0
5,0.7272727272727273,0.6995439243733447,0.8222222222222223,0.45454545454545453,0.48936170212765956,0.0
8,0.7272727272727273,0.6995439243733447,0.8222222222222223,0.45454545454545453,0.48936170212765956,0.0
9,0.7272727272727273,0.6995439243733447,0.8222222222222223,0.45454545454545453,0.48936170212765956,0.0
12,0.7272727272727273,0.6995439243733447,0.8222222222222223,0.45454545454545453,0.48936170212765956,0.0
13,0.7272727272727273,0.6995439243733447,0.8222222222222223,0.45454545454545453,0.48936170212765956,0.0
14,0.7999999999999999,0.7679476477883044,0.8814814814814816,0.5555555555555556,0.5897435897435898,0.33333333333333326
15,0.7999999999999999,0.7679476477883044,0.8814814814814816,0.5555555555555556,0.5897435897435898,0.33333333333333326
16,0.7999999999999999,0.7679476477883044,0.8814814814814816,0.5555555555555556,0.5897435897435898,0.33333333333333326
17,0.0,0.0,0.11851851851851851,0.0,0.0,0.16666666666666669
18,0.0,0.0,0.11851851851851851,0.0,0.0,0.16666666666666669
20,0.7999999999999999,0.7679476477883044,0.8814814814814816,0.5555555555555556,0.5897435897435898,0.33333333333333326
21,0.7999999999999999,0.7679476477883044,0.8814814814814816,0.5555555555555556,0.5897435897435898,0.33333333333333326
23,0.761904761904762,0.7313574508612274,0.8518518518518517,0.5,0.5348837209302326,0.16666666666666674
25,0.761904761904762,0.7313574508612274,0.8518518518518517,0.5,0.5348837209302326,0.16666666666666674
26,1.0,1.0,1.0,1.0,1.0,1.0
27,1.0,1.0,1.0,1.0,1.0,1.0
31,0.0,0.0,0.0,0.0,0.0,0.8333333333333334
33,0.761904761904762,0.7313574508612274,0.8518518518518517,0.5,0.5348837209302326,0.16666666666666674
