11,0.546875,0.3481553119113957,0.14705882352941174,0.09375,0.12121212121212122,0.0
14,0.546875,0.3481553119113957,0.14705882352941174,0.09375,0.12121212121212122,0.0
15,0.546875,0.3481553119113957,0.14705882352941174,0.09375,0.12121212121212122,0.0
16,0.546875,0.3481553119113957,0.14705882352941174,0.09375,0.12121212121212122,0.0
17,0.625,0.4,0.38235294117647056,0.125,0.16,0.27586206896551724
19,0.8974358974358975,0.7071067811865475,0.8823529411764706,0.42857142857142855,0.5,0.8620689655172413
20,0.8974358974358975,0.7071067811865475,0.8823529411764706,0.42857142857142855,0.5,0.8620689655172413
21,1.0,1.0,1.0,1.0,1.0,1.0
22,1.0,1.0,1.0,1.0,1.0,1.0
23,0.0,0.0,0.11764705882352942,0.0,0.0,0.0
24,0.0,0.0,0.11764705882352942,0.0,0.0,0.0
28,0.0,0.0,0.0,0.0,0.0,0.13793103448275862
29,0.0,0.0,0.0,0.0,0.0,0.13793103448275862
30,0.0,0.0,0.0,0.0,0.0,0.13793103448275862
31,0.0,0.0,0.0,0.0,0.0,0.13793103448275862
34,0.0,0.0,0.0,0.0,0.0,0.13793103448275862
35,0.0,0.0,0.0,0.0,0.0,0.13793103448275862
36,0.0,0.0,0.11764705882352942,0.0,0.0,0.0
37,0.0,0.0,0.11764705882352942,0.0,0.0,0.0
42,0.546875,0.3481553119113957,0.14705882352941174,0.09375,0.12121212121212122,0.0
