3,0.7291841883936082,0.8198809639623288,0.8813559322033898,0.6456346294937638,0.6648936170212766,0.0
7,0.7291841883936082,0.8198809639623288,0.8813559322033898,0.6456346294937638,0.6648936170212766,0.0
9,0.7291841883936082,0.8198809639623288,0.8813559322033898,0.6456346294937638,0.6648936170212766,0.0
10,0.7291841883936082,0.8198809639623288,0.8813559322033898,0.6456346294937638,0.6648936170212766,0.0
11,0.7291841883936082,0.8198809639623288,0.8813559322033898,0.6456346294937638,0.6648936170212766,0.0
12,0.7291841883936082,0.8198809639623288,0.8813559322033898,0.6456346294937638,0.6648936170212766,0.0
13,0.0,0.0,0.0,0.0,0.0,1.0
15,1.0,1.0,1.0,1.0,1.0,0.6176470588235294
16,0.7291841883936082,0.8198809639623288,0.8813559322033898,0.6456346294937638,0.6648936170212766,0.0
17,0.7291841883936082,0.8198809639623288,0.8813559322033898,0.6456346294937638,0.6648936170212766,0.0
18,0.7291841883936082,0.8198809639623288,0.8813559322033898,0.6456346294937638,0.6648936170212766,0.0
19,0.6476516831284015,0.5269609339450896,0.5084745762711864,0.5106382978723405,0.5319148936170213,0.14705882352941185
20,0.6476516831284015,0.5269609339450896,0.5084745762711864,0.5106382978723405,0.5319148936170213,0.14705882352941185
22,0.0,0.0,0.0,0.0,0.0,1.0
25,0.7291841883936082,0.8198809639623288,0.8813559322033898,0.6456346294937638,0.6648936170212766,0.0
27,0.7291841883936082,0.8198809639623288,0.8813559322033898,0.6456346294937638,0.6648936170212766,0.0
28,0.6018882769472856,0.19512553779337177,0.16949152542372878,0.3600654664484453,0.37993920972644374,0.11764705882352941
30,0.7996515679442507,0.6049982226944639,0.559322033898305,0.6651735722284434,0.6838905775075987,0.11764705882352926
32,0.7291841883936082,0.8198809639623288,0.8813559322033898,0.6456346294937638,0.6648936170212766,0.0
