4,0.5340909090909091,0.5447047794019222,0.9288888888888891,0.13636363636363635,0.16483516483516483,0.0
6,0.5340909090909091,0.5447047794019222,0.9288888888888891,0.13636363636363635,0.16483516483516483,0.0
8,0.5340909090909091,0.5447047794019222,0.9288888888888891,0.13636363636363635,0.16483516483516483,0.0
10,0.5874999999999999,0.6000000000000001,1.0,0.16666666666666666,0.19999999999999998,0.3582089552238805
11,0.5874999999999999,0.6000000000000001,1.0,0.16666666666666666,0.19999999999999998,0.3582089552238805
12,0.5874999999999999,0.6000000000000001,1.0,0.16666666666666666,0.19999999999999998,0.3582089552238805
13,0.5874999999999999,0.6000000000000001,1.0,0.16666666666666666,0.19999999999999998,0.3582089552238805
14,0.5874999999999999,0.6000000000000001,1.0,0.16666666666666666,0.19999999999999998,0.3582089552238805
15,0.5874999999999999,0.6000000000000001,1.0,0.16666666666666666,0.19999999999999998,0.3582089552238805
16,0.5874999999999999,0.6000000000000001,1.0,0.16666666666666666,0.19999999999999998,0.3582089552238805
17,0.5874999999999999,0.6000000000000001,1.0,0.16666666666666666,0.19999999999999998,0.3582089552238805
18,0.5874999999999999,0.6000000000000001,1.0,0.16666666666666666,0.19999999999999998,0.3582089552238805
19,0.5874999999999999,0.6000000000000001,1.0,0.16666666666666666,0.19999999999999998,0.3582089552238805
21,0.8623853211009175,0.8660254037844388,0.8622222222222223,0.5333333333333333,0.588235294117647,1.0
22,0.7966101694915254,0.5222329678670936,0.48444444444444446,0.3333333333333333,0.38461538461538464,0.43283582089552236
23,0.94,0.7745966692414833,0.5111111111111112,0.6666666666666666,0.7142857142857142,0.5671641791044776
24,1.0,1.0,0.52,1.0,1.0,0.6119402985074627
26,0.0,0.0,0.12444444444444445,0.0,0.0,0.04477611940298508
28,0.35877862595419846,0.22549380840084868,0.2711111111111111,0.06666666666666667,0.08196721311475409,0.6417910447761194
30,0.0,0.0,0.0,0.0,0.0,0.6716417910447761
31,0.0,0.0,0.12,0.0,0.0,0.06716417910447761
33,0.0,0.0,0.013333333333333324,0.0,0.0,0.6044776119402985
38,0.5108695652173912,0.30151134457776363,0.38666666666666666,0.11764705882352941,0.14285714285714285,0.05970149253731349
39,0.5108695652173912,0.30151134457776363,0.38666666666666666,0.11764705882352941,0.14285714285714285,0.05970149253731349
40,0.5108695652173912,0.30151134457776363,0.38666666666666666,0.11764705882352941,0.14285714285714285,0.05970149253731349
41,0.5108695652173912,0.30151134457776363,0.38666666666666666,0.11764705882352941,0.14285714285714285,0.05970149253731349
42,0.5108695652173912,0.30151134457776363,0.38666666666666666,0.11764705882352941,0.14285714285714285,0.05970149253731349
43,0.5108695652173912,0.30151134457776363,0.38666666666666666,0.11764705882352941,0.14285714285714285,0.05970149253731349
44,0.5108695652173912,0.30151134457776363,0.38666666666666666,0.11764705882352941,0.14285714285714285,0.05970149253731349
45,0.5108695652173912,0.30151134457776363,0.38666666666666666,0.11764705882352941,0.14285714285714285,0.05970149253731349
46,0.5108695652173912,0.30151134457776363,0.38666666666666666,0.11764705882352941,0.14285714285714285,0.05970149253731349
47,0.5108695652173912,0.30151134457776363,0.38666666666666666,0.11764705882352941,0.14285714285714285,0.05970149253731349
49,0.0,0.0,0.05777777777777778,0.0,0.0,0.3805970149253731
50,0.0,0.0,0.09333333333333334,0.0,0.0,0.20149253731343286
51,0.0,0.0,0.09777777777777778,0.0,0.0,0.17910447761194032
52,0.0,0.0,0.10222222222222221,0.0,0.0,0.15671641791044777
54,0.0,0.0,0.12888888888888891,0.0,0.0,0.02238805970149254
56,0.706766917293233,0.4330127018922194,0.46222222222222226,0.23529411764705882,0.27777777777777773,0.3208955223880597
57,0.8392857142857143,0.5773502691896258,0.49333333333333335,0.4,0.45454545454545453,0.47761194029850745
59,0.5529411764705883,0.5636018619766346,0.9555555555555556,0.14634146341463414,0.1764705882352941,0.13432835820895533
62,0.5340909090909091,0.5447047794019222,0.9288888888888891,0.13636363636363635,0.16483516483516483,0.0
65,0.5340909090909091,0.5447047794019222,0.9288888888888891,0.13636363636363635,0.16483516483516483,0.0
66,0.5340909090909091,0.5447047794019222,0.9288888888888891,0.13636363636363635,0.16483516483516483,0.0
67,0.5340909090909091,0.5447047794019222,0.9288888888888891,0.13636363636363635,0.16483516483516483,0.0
69,0.5340909090909091,0.5447047794019222,0.9288888888888891,0.13636363636363635,0.16483516483516483,0.0
70,0.5340909090909091,0.5447047794019222,0.9288888888888891,0.13636363636363635,0.16483516483516483,0.0
71,0.5340909090909091,0.5447047794019222,0.9288888888888891,0.13636363636363635,0.16483516483516483,0.0
73,0.5340909090909091,0.5447047794019222,0.9288888888888891,0.13636363636363635,0.16483516483516483,0.0
74,0.5340909090909091,0.5447047794019222,0.9288888888888891,0.13636363636363635,0.16483516483516483,0.0
75,0.5340909090909091,0.5447047794019222,0.9288888888888891,0.13636363636363635,0.16483516483516483,0.0
76,0.5340909090909091,0.5447047794019222,0.9288888888888891,0.13636363636363635,0.16483516483516483,0.0
77,0.5340909090909091,0.5447047794019222,0.9288888888888891,0.13636363636363635,0.16483516483516483,0.0
78,0.5340909090909091,0.5447047794019222,0.9288888888888891,0.13636363636363635,0.16483516483516483,0.0
79,0.5340909090909091,0.5447047794019222,0.9288888888888891,0.13636363636363635,0.16483516483516483,0.0
80,0.5340909090909091,0.5447047794019222,0.9288888888888891,0.13636363636363635,0.16483516483516483,0.0
81,0.5340909090909091,0.5447047794019222,0.9288888888888891,0.13636363636363635,0.16483516483516483,0.0
82,0.0,0.0,0.10666666666666667,0.0,0.0,0.13432835820895522
84,0.5529411764705883,0.5636018619766346,0.9555555555555556,0.14634146341463414,0.1764705882352941,0.13432835820895533
85,0.5340909090909091,0.5447047794019222,0.9288888888888891,0.13636363636363635,0.16483516483516483,0.0
