6,0.38636363636363635,1.0,1.0,1.0,1.0,0.0
9,0.38636363636363635,1.0,1.0,1.0,1.0,0.0
10,0.38636363636363635,1.0,1.0,1.0,1.0,0.0
11,0.43488372093023264,0.547525785954996,0.3939393939393939,0.6296296296296297,0.6736596736596737,0.1333333333333332
12,0.38636363636363635,1.0,1.0,1.0,1.0,0.0
13,0.38636363636363635,1.0,1.0,1.0,1.0,0.0
14,0.38636363636363635,1.0,1.0,1.0,1.0,0.0
16,0.38636363636363635,1.0,1.0,1.0,1.0,0.0
17,0.38636363636363635,1.0,1.0,1.0,1.0,0.0
19,0.38636363636363635,1.0,1.0,1.0,1.0,0.0
20,0.38636363636363635,1.0,1.0,1.0,1.0,0.0
21,0.38636363636363635,1.0,1.0,1.0,1.0,0.0
22,0.38636363636363635,1.0,1.0,1.0,1.0,0.0
23,0.38636363636363635,1.0,1.0,1.0,1.0,0.0
24,0.38636363636363635,1.0,1.0,1.0,1.0,0.0
25,0.38636363636363635,1.0,1.0,1.0,1.0,0.0
26,0.38636363636363635,1.0,1.0,1.0,1.0,0.0
28,0.38636363636363635,1.0,1.0,1.0,1.0,0.0
30,0.0,0.0,0.0,0.0,0.0,1.0
31,0.0,0.0,0.0,0.0,0.0,1.0
32,0.0,0.0,0.0,0.0,0.0,1.0
33,0.0,0.0,0.0,0.0,0.0,1.0
35,0.38636363636363635,1.0,1.0,1.0,1.0,0.0
37,0.19669421487603303,0.6273446359564675,0.6363636363636364,0.527777777777778,0.5757575757575758,0.7333333333333331
38,0.19669421487603303,0.6273446359564675,0.6363636363636364,0.527777777777778,0.5757575757575758,0.7333333333333331
42,0.5950000000000002,0.6544221977786772,0.42424242424242425,0.8333333333333335,0.8585858585858583,0.5333333333333333
43,1.0,0.5814828984484501,0.1515151515151515,0.8333333333333335,0.8585858585858583,1.0
44,0.5950000000000002,0.6544221977786772,0.42424242424242425,0.8333333333333335,0.8585858585858583,0.5333333333333333
47,0.38636363636363635,1.0,1.0,1.0,1.0,0.0
48,0.38636363636363635,1.0,1.0,1.0,1.0,0.0
