2,0,1.0,1.0,1.0,1.0,1.0
3,0,1.0,1.0,1.0,1.0,1.0
4,0,1.0,1.0,1.0,1.0,1.0
5,0,1.0,1.0,1.0,1.0,1.0
6,0,1.0,1.0,1.0,1.0,1.0
7,0,1.0,1.0,1.0,1.0,1.0
8,0,1.0,1.0,1.0,1.0,1.0
9,0,1.0,1.0,1.0,1.0,1.0
10,0,1.0,1.0,1.0,1.0,1.0
11,0,1.0,1.0,1.0,1.0,1.0
12,0,1.0,1.0,1.0,1.0,1.0
14,0,1.0,1.0,1.0,1.0,1.0
16,0,1.0,1.0,1.0,1.0,1.0
18,0,1.0,1.0,1.0,1.0,1.0
20,0,0.9495876044858699,0.9393939393939394,0.47576736672051695,0.9393939393939394,0.9393939393939394
21,0,0.8193916179915228,0.7878787878787878,0.11400876990537734,0.7878787878787878,0.7878787878787878
22,0,0.9495876044858699,0.9393939393939394,0.47576736672051695,0.9393939393939394,0.9393939393939394
24,0,0.8722178728109796,0.8484848484848485,0.1718901453957997,0.8484848484848484,0.8484848484848484
25,0,0.8722178728109796,0.8484848484848485,0.1718901453957997,0.8484848484848484,0.8484848484848484
26,0,0.8722178728109796,0.8484848484848485,0.1718901453957997,0.8484848484848484,0.8484848484848484
28,0,0.6256317566227398,0.5757575757575758,0.041657050542349416,0.5757575757575758,0.5757575757575758
31,0,0.0,0.0,0.0,0.0,0.0
37,0,1.0,1.0,1.0,1.0,1.0
38,0,1.0,1.0,1.0,1.0,1.0
