2,0,1.0,1.0,1.0,1.0,1.0
5,0,1.0,1.0,1.0,1.0,1.0
7,0,1.0,1.0,1.0,1.0,1.0
8,0,1.0,1.0,1.0,1.0,1.0
11,0,1.0,1.0,1.0,1.0,1.0
13,0,1.0,1.0,1.0,1.0,1.0
14,0,1.0,1.0,1.0,1.0,1.0
15,0,1.0,1.0,1.0,1.0,1.0
17,0,0.7000343942988185,0.5932203389830508,0.024762027270388474,0.5932203389830508,0.5932203389830508
20,0,0.5496431433761919,0.423728813559322,0.012485055766582423,0.423728813559322,0.423728813559322
22,0,0.4478166552109037,0.3220338983050847,0.008065346025212247,0.3220338983050847,0.3220338983050847
23,0,0.31271592802911297,0.2033898305084746,0.004335236385332449,0.2033898305084746,0.2033898305084746
25,0,0.26967449666643206,0.1694915254237288,0.0034652399678677744,0.16949152542372878,0.16949152542372878
27,0,0.26967449666643206,0.1694915254237288,0.0034652399678677744,0.16949152542372878,0.16949152542372878
28,0,0.06466413367621993,0.03389830508474576,0.0005957780997386698,0.03389830508474575,0.03389830508474575
32,0,0.5168539391281141,0.3898305084745763,0.010848126232741617,0.38983050847457623,0.38983050847457623
35,0,0.5168539391281141,0.3898305084745763,0.010848126232741617,0.38983050847457623,0.38983050847457623
37,0,0.4297417511575944,0.3050847457627119,0.007454491833315554,0.30508474576271183,0.30508474576271183
38,0,0.2914942843956833,0.1864406779661017,0.0038911757139181886,0.18644067796610167,0.18644067796610167
40,0,0.22401747374338074,0.13559322033898305,0.0026634785635375837,0.13559322033898305,0.13559322033898305
42,0,0.20004538955166634,0.11864406779661017,0.002285725594189705,0.11864406779661017,0.11864406779661017
43,0,0.06466413367621993,0.03389830508474576,0.0005957780997386698,0.03389830508474575,0.03389830508474575
48,0,0.8459502941447206,0.7796610169491526,0.060081929904415105,0.7796610169491525,0.7796610169491525
50,0,0.8459502941447206,0.7796610169491526,0.060081929904415105,0.7796610169491525,0.7796610169491525
53,0,0.5814227201634725,0.4576271186440678,0.014326601492153332,0.4576271186440678,0.4576271186440678
55,0,0.26967449666643206,0.1694915254237288,0.0034652399678677744,0.16949152542372878,0.16949152542372878
56,0,0.12246044572546447,0.06779661016949153,0.0012348855158219709,0.06779661016949151,0.06779661016949151
58,0,0.4478166552109037,0.3220338983050847,0.008065346025212247,0.3220338983050847,0.3220338983050847
60,0,0.4478166552109037,0.3220338983050847,0.008065346025212247,0.3220338983050847,0.3220338983050847
61,0,0.37323061275087244,0.2542372881355932,0.005788525855415487,0.2542372881355932,0.2542372881355932
65,0,0.6122805598982818,0.4915254237288136,0.016413686647800362,0.4915254237288135,0.4915254237288135
68,0,0.6122805598982818,0.4915254237288136,0.016413686647800362,0.4915254237288135,0.4915254237288135
70,0,0.26967449666643206,0.1694915254237288,0.0034652399678677744,0.16949152542372878,0.16949152542372878
71,0,0.09428610444858199,0.05084745762711865,0.0009096254915652909,0.05084745762711865,0.05084745762711865
73,0,0.5000492762207635,0.3728813559322034,0.010096023473949894,0.3728813559322034,0.3728813559322034
75,0,0.5000492762207635,0.3728813559322034,0.010096023473949894,0.3728813559322034,0.3728813559322034
76,0,0.4478166552109037,0.3220338983050847,0.008065346025212247,0.3220338983050847,0.3220338983050847
82,0,1.0,1.0,1.0,1.0,1.0
83,0,1.0,1.0,1.0,1.0,1.0
84,0,0.9191549020336892,0.8813559322033898,0.126134734830387,0.8813559322033898,0.8813559322033898
86,0,0.0,0.0,0.0,0.0,0.0
87,0,1.0,1.0,1.0,1.0,1.0
