6,0,1.0,1.0,1.0,1.0,1.0
7,0,1.0,1.0,1.0,1.0,1.0
8,0,1.0,1.0,1.0,1.0,1.0
9,0,1.0,1.0,1.0,1.0,1.0
10,0,0.3429971702850177,0.11764705882352941,0.00261437908496732,0.11764705882352941,0.11764705882352941
11,0,0.3429971702850177,0.11764705882352941,0.00261437908496732,0.11764705882352941,0.11764705882352941
13,0,0.9393364366277241,0.8823529411764706,0.14705882352941177,0.8823529411764706,0.8823529411764706
14,0,0.6262242910851495,0.39215686274509803,0.01265022137887413,0.39215686274509803,0.39215686274509803
15,0,0.6262242910851495,0.39215686274509803,0.01265022137887413,0.39215686274509803,0.39215686274509803
17,0,1.0,1.0,1.0,1.0,1.0
18,0,0.5423261445466404,0.29411764705882354,0.008169934640522876,0.29411764705882354,0.29411764705882354
19,0,0.5423261445466404,0.29411764705882354,0.008169934640522876,0.29411764705882354,0.29411764705882354
21,0,1.0,1.0,1.0,1.0,1.0
22,0,1.0,1.0,1.0,1.0,1.0
23,0,0.0,0.0,0.0,0.0,0.0
25,0,1.0,1.0,1.0,1.0,1.0
26,0,0.8966167345234255,0.803921568627451,0.08039215686274509,0.803921568627451,0.803921568627451
27,0,1.0,1.0,1.0,1.0,1.0
28,0,0.9901475429766743,0.9803921568627451,0.9803921568627451,0.9803921568627451,0.9803921568627451
29,0,0.9393364366277241,0.8823529411764706,0.14705882352941177,0.8823529411764706,0.8823529411764706
30,0,0.9393364366277241,0.8823529411764706,0.14705882352941177,0.8823529411764706,0.8823529411764706
32,0,0.8631906158060838,0.7450980392156863,0.05731523378582202,0.7450980392156863,0.7450980392156863
33,0,0.7796429549831781,0.6078431372549019,0.030392156862745098,0.6078431372549019,0.6078431372549019
35,0,1.0,1.0,1.0,1.0,1.0
