2,0,1.0,1.0,1.0,1.0,1.0
3,0,1.0,1.0,1.0,1.0,1.0
5,0,1.0,1.0,1.0,1.0,1.0
6,0,1.0,1.0,1.0,1.0,1.0
7,0,1.0,1.0,1.0,1.0,1.0
9,0,1.0,1.0,1.0,1.0,1.0
11,0,1.0,1.0,1.0,1.0,1.0
13,0,1.0,1.0,1.0,1.0,1.0
15,0,1.0,1.0,1.0,1.0,1.0
17,0,1.0,1.0,1.0,1.0,1.0
19,0,0.35714415257735227,0.3,0.014460055378935495,0.3,0.3
20,0,0.35714415257735227,0.3,0.014460055378935495,0.3,0.3
21,0,0.35714415257735227,0.3,0.014460055378935495,0.3,0.3
22,0,0.35714415257735227,0.3,0.014460055378935495,0.3,0.3
23,0,0.35714415257735227,0.3,0.014460055378935495,0.3,0.3
24,0,0.35714415257735227,0.3,0.014460055378935495,0.3,0.3
28,0,1.0,1.0,1.0,1.0,1.0
29,0,1.0,1.0,1.0,1.0,1.0
30,0,1.0,1.0,1.0,1.0,1.0
32,0,1.0,1.0,1.0,1.0,1.0
34,0,0.6561544455480766,0.6,0.05061019382627423,0.5999999999999999,0.5999999999999999
35,0,0.6561544455480766,0.6,0.05061019382627423,0.5999999999999999,0.5999999999999999
39,0,0.4955519414034822,0.43333333333333335,0.02580127528398294,0.43333333333333335,0.43333333333333335
40,0,0.4955519414034822,0.43333333333333335,0.02580127528398294,0.43333333333333335,0.43333333333333335
43,0,1.0,1.0,1.0,1.0,1.0
44,0,0.0,0.0,0.0,0.0,0.0
46,0,0.4955519414034822,0.43333333333333335,0.02580127528398294,0.43333333333333335,0.43333333333333335
47,0,1.0,1.0,1.0,1.0,1.0
