2,0.9521739130434782,1.0,1.0,1.0,1.0,0.0
5,0.9521739130434782,1.0,1.0,1.0,1.0,0.0
6,0.9521739130434782,1.0,1.0,1.0,1.0,0.0
7,0.9319148936170213,0.6059599821770411,0.3754512635379061,0.359375,0.5340909090909091,0.2727272727272728
10,0.9647577092511012,0.7956644371540833,0.6263537906137183,0.625,0.7730263157894738,0.2727272727272719
11,0.9647577092511012,0.7956644371540833,0.6263537906137183,0.625,0.7730263157894738,0.2727272727272719
12,0.9647577092511012,0.7956644371540833,0.6263537906137183,0.625,0.7730263157894738,0.2727272727272719
13,0.9647577092511012,0.7956644371540833,0.6263537906137183,0.625,0.7730263157894738,0.2727272727272719
14,0.9647577092511012,0.7956644371540833,0.6263537906137183,0.625,0.7730263157894738,0.2727272727272719
15,0.9647577092511012,0.7956644371540833,0.6263537906137183,0.625,0.7730263157894738,0.2727272727272719
16,0.9647577092511012,0.7956644371540833,0.6263537906137183,0.625,0.7730263157894738,0.2727272727272719
17,0.9647577092511012,0.7956644371540833,0.6263537906137183,0.625,0.7730263157894738,0.2727272727272719
18,0.9647577092511012,0.7956644371540833,0.6263537906137183,0.625,0.7730263157894738,0.2727272727272719
19,0.9647577092511012,0.7956644371540833,0.6263537906137183,0.625,0.7730263157894738,0.2727272727272719
20,0.9647577092511012,0.7956644371540833,0.6263537906137183,0.625,0.7730263157894738,0.2727272727272719
21,1.0,0.8097480869293329,0.6281588447653429,0.6534090909090908,0.793918918918919,1.0
23,0.0,0.0,0.0,0.0,0.0,0.7272727272727267
25,0.9521739130434782,1.0,1.0,1.0,1.0,0.0
26,0.9521739130434782,1.0,1.0,1.0,1.0,0.0
