3,0.7862068965517242,0.7604152106033959,0.7712177121771218,0.5724137931034482,0.5782312925170068,0.0
4,0.7862068965517242,0.7604152106033959,0.7712177121771218,0.5724137931034482,0.5782312925170068,0.0
6,0.7862068965517242,0.7604152106033959,0.7712177121771218,0.5724137931034482,0.5782312925170068,0.0
7,1.0,1.0,1.0,1.0,1.0,0.9999999999999999
8,1.0,1.0,1.0,1.0,1.0,0.9999999999999999
10,0.0,0.0,0.0,0.0,0.0,1.0
11,0.0,0.0,0.0,0.0,0.0,1.0
13,0.0,0.0,0.0,0.0,0.0,1.0
14,0.0,0.0,0.0,0.0,0.0,1.0
15,0.0,0.0,0.0,0.0,0.0,1.0
17,0.0,0.0,0.0,0.0,0.0,1.0
19,0.0,0.0,0.0,0.0,0.0,1.0
21,0.0,0.0,0.0,0.0,0.0,1.0
23,0.0,0.0,0.0,0.0,0.0,1.0
24,0.0,0.0,0.11439114391143912,0.0,0.0,0.5
25,0.0,0.0,0.11439114391143912,0.0,0.0,0.5
27,0.0,0.0,0.11439114391143912,0.0,0.0,0.5
28,0.0,0.0,0.1918819188191882,0.0,0.0,0.16129032258064516
29,0.0,0.0,0.1918819188191882,0.0,0.0,0.16129032258064516
31,0.0,0.0,0.15129151291512916,0.0,0.0,0.33870967741935487
32,0.0,0.0,0.2029520295202952,0.0,0.0,0.11290322580645161
33,0.0,0.0,0.1771217712177122,0.0,0.0,0.22580645161290322
34,0.0,0.0,0.21402214022140223,0.0,0.0,0.06451612903225806
35,0.0,0.0,0.1918819188191882,0.0,0.0,0.16129032258064516
36,0.0,0.0,0.2029520295202952,0.0,0.0,0.11290322580645161
38,0.0,0.0,0.2177121771217712,0.0,0.0,0.04838709677419355
41,0.0,0.0,0.15129151291512916,0.0,0.0,0.33870967741935487
