2,0.775,0.7801894976054939,0.8593749999999999,0.55,0.6086956521739131,0.0
6,0.775,0.7801894976054939,0.8593749999999999,0.55,0.6086956521739131,0.0
7,0.775,0.7801894976054939,0.8593749999999999,0.55,0.6086956521739131,0.0
9,0.775,0.7801894976054939,0.8593749999999999,0.55,0.6086956521739131,0.0
11,0.775,0.7801894976054939,0.8593749999999999,0.55,0.6086956521739131,0.0
13,0.8157894736842105,0.816496580927726,0.8906250000000001,0.6111111111111112,0.6666666666666666,0.16666666666666663
14,0.8157894736842105,0.816496580927726,0.8906250000000001,0.6111111111111112,0.6666666666666666,0.16666666666666663
15,0.8157894736842105,0.816496580927726,0.8906250000000001,0.6111111111111112,0.6666666666666666,0.16666666666666663
17,0.0,0.0,0.0,0.0,0.0,1.0
18,0.0,0.0,0.0,0.0,0.0,1.0
19,0.0,0.0,0.0,0.0,0.0,1.0
20,0.0,0.0,0.0,0.0,0.0,1.0
23,0.775,0.7801894976054939,0.8593749999999999,0.55,0.6086956521739131,0.0
25,0.0,0.0,0.046875,0.0,0.0,0.75
29,1.0,1.0,1.0,1.0,1.0,0.75
31,0.775,0.7801894976054939,0.8593749999999999,0.55,0.6086956521739131,0.0
