4,0,0.0,0.0,0.0,0.0,0.0
6,0,0.0,0.0,0.0,0.0,0.0
8,0,1.0,1.0,1.0,1.0,1.0
9,0,1.0,1.0,1.0,1.0,1.0
10,0,1.0,1.0,1.0,1.0,1.0
12,0,1.0,1.0,1.0,1.0,1.0
14,0,0.9367769320431429,0.8775510204081632,0.14625850340136054,0.8775510204081632,0.8775510204081632
16,0,0.9367769320431429,0.8775510204081632,0.14625850340136054,0.8775510204081632,0.8775510204081632
18,0,0.8689660757568886,0.7551020408163265,0.06292517006802721,0.7551020408163265,0.7551020408163265
19,0,0.8689660757568886,0.7551020408163265,0.06292517006802721,0.7551020408163265,0.7551020408163265
20,0,0.8689660757568886,0.7551020408163265,0.06292517006802721,0.7551020408163265,0.7551020408163265
21,0,0.8689660757568886,0.7551020408163265,0.06292517006802721,0.7551020408163265,0.7551020408163265
22,0,0.8689660757568886,0.7551020408163265,0.06292517006802721,0.7551020408163265,0.7551020408163265
23,0,0.8689660757568886,0.7551020408163265,0.06292517006802721,0.7551020408163265,0.7551020408163265
28,0,1.0,1.0,1.0,1.0,1.0
30,0,1.0,1.0,1.0,1.0,1.0
31,0,0.6388765649999398,0.40816326530612246,0.014074595355383534,0.40816326530612246,0.40816326530612246
33,0,1.0,1.0,1.0,1.0,1.0
34,0,1.0,1.0,1.0,1.0,1.0
