13,0.8333333333333333,0.8366600265340757,0.8285714285714286,0.6666666666666666,0.7000000000000001,0.0
15,0.8333333333333333,0.8366600265340757,0.8285714285714286,0.6666666666666666,0.7000000000000001,0.0
22,0.8333333333333333,0.8366600265340757,0.8285714285714286,0.6666666666666666,0.7000000000000001,0.0
23,0.8333333333333333,0.8366600265340757,0.8285714285714286,0.6666666666666666,0.7000000000000001,0.0
24,0.8333333333333333,0.8366600265340757,0.8285714285714286,0.6666666666666666,0.7000000000000001,0.0
25,0.8333333333333333,0.8366600265340757,0.8285714285714286,0.6666666666666666,0.7000000000000001,0.0
30,0.8333333333333333,0.8366600265340757,0.8285714285714286,0.6666666666666666,0.7000000000000001,0.0
38,0.8333333333333333,0.8366600265340757,0.8285714285714286,0.6666666666666666,0.7000000000000001,0.0
39,0.8333333333333333,0.8366600265340757,0.8285714285714286,0.6666666666666666,0.7000000000000001,0.0
40,0.8333333333333333,0.8366600265340757,0.8285714285714286,0.6666666666666666,0.7000000000000001,0.0
42,0.8333333333333333,0.8366600265340757,0.8285714285714286,0.6666666666666666,0.7000000000000001,0.0
43,0.8333333333333333,0.8366600265340757,0.8285714285714286,0.6666666666666666,0.7000000000000001,0.0
44,0.7894736842105261,0.5640760748177662,0.5142857142857143,0.5454545454545455,0.5833333333333334,0.11111111111111116
45,0.7894736842105261,0.5640760748177662,0.5142857142857143,0.5454545454545455,0.5833333333333334,0.11111111111111116
46,0.7894736842105261,0.5640760748177662,0.5142857142857143,0.5454545454545455,0.5833333333333334,0.11111111111111116
57,0.8333333333333333,0.8366600265340757,0.8285714285714286,0.6666666666666666,0.7000000000000001,0.0
58,0.0,0.0,0.19999999999999998,0.0,0.0,0.2222222222222222
59,0.0,0.0,0.19999999999999998,0.0,0.0,0.2222222222222222
60,0.0,0.0,0.19999999999999998,0.0,0.0,0.2222222222222222
64,0.8333333333333333,0.8366600265340757,0.8285714285714286,0.6666666666666666,0.7000000000000001,0.0
66,0.8333333333333333,0.8366600265340757,0.8285714285714286,0.6666666666666666,0.7000000000000001,0.0
69,0.8333333333333333,0.8366600265340757,0.8285714285714286,0.6666666666666666,0.7000000000000001,0.0
71,0.8333333333333333,0.8366600265340757,0.8285714285714286,0.6666666666666666,0.7000000000000001,0.0
73,0.9677419354838707,0.9660917830792959,0.9714285714285714,0.9230769230769231,0.9333333333333333,0.5555555555555556
74,0.9677419354838707,0.9660917830792959,0.9714285714285714,0.9230769230769231,0.9333333333333333,0.5555555555555556
76,0.9677419354838707,0.9660917830792959,0.9714285714285714,0.9230769230769231,0.9333333333333333,0.5555555555555556
77,0.0,0.0,0.0,0.0,0.0,1.0
79,1.0,1.0,1.0,1.0,1.0,0.6666666666666667
81,0.9677419354838707,0.9660917830792959,0.9714285714285714,0.9230769230769231,0.9333333333333333,0.5555555555555556
82,0.9677419354838707,0.9660917830792959,0.9714285714285714,0.9230769230769231,0.9333333333333333,0.5555555555555556
83,0.9677419354838707,0.9660917830792959,0.9714285714285714,0.9230769230769231,0.9333333333333333,0.5555555555555556
85,0.8333333333333333,0.8366600265340757,0.8285714285714286,0.6666666666666666,0.7000000000000001,0.0
87,0.9677419354838707,0.9660917830792959,0.9714285714285714,0.9230769230769231,0.9333333333333333,0.5555555555555556
89,0.9677419354838707,0.9660917830792959,0.9714285714285714,0.9230769230769231,0.9333333333333333,0.5555555555555556
90,0.9677419354838707,0.9660917830792959,0.9714285714285714,0.9230769230769231,0.9333333333333333,0.5555555555555556
91,0.9677419354838707,0.9660917830792959,0.9714285714285714,0.9230769230769231,0.9333333333333333,0.5555555555555556
92,0.9677419354838707,0.9660917830792959,0.9714285714285714,0.9230769230769231,0.9333333333333333,0.5555555555555556
