3,1.0,1.0,1.0,1.0,1.0,0.0
5,1.0,1.0,1.0,1.0,1.0,0.0
6,1.0,1.0,1.0,1.0,1.0,0.0
8,1.0,1.0,1.0,1.0,1.0,0.0
9,1.0,1.0,1.0,1.0,1.0,0.0
11,1.0,1.0,1.0,1.0,1.0,0.0
12,1.0,1.0,1.0,1.0,1.0,0.0
14,1.0,1.0,1.0,1.0,1.0,0.0
16,1.0,1.0,1.0,1.0,1.0,0.0
17,1.0,1.0,1.0,1.0,1.0,0.0
19,1.0,1.0,1.0,1.0,1.0,0.0
21,1.0,1.0,1.0,1.0,1.0,0.0
23,1.0,1.0,1.0,1.0,1.0,0.0
24,0.0,0.0,0.0,0.0,0.0,1.0
26,0.7359307359307362,0.7941051246837169,0.7959183673469385,0.7008849557522125,0.7787610619469029,0.3214285714285717
30,1.0,1.0,1.0,1.0,1.0,0.0
31,1.0,1.0,1.0,1.0,1.0,0.0
