4,0.840909090909091,0.9780192938436515,0.9921875,0.875,0.9565217391304349,0.0
5,0.840909090909091,0.9780192938436515,0.9921875,0.875,0.9565217391304349,0.0
6,0.840909090909091,0.9780192938436515,0.9921875,0.875,0.9565217391304349,0.0
7,0.840909090909091,0.9780192938436515,0.9921875,0.875,0.9565217391304349,0.0
8,0.840909090909091,0.9780192938436515,0.9921875,0.875,0.9565217391304349,0.0
10,0.840909090909091,0.9780192938436515,0.9921875,0.875,0.9565217391304349,0.0
11,0.840909090909091,0.9780192938436515,0.9921875,0.875,0.9565217391304349,0.0
12,0.840909090909091,0.9780192938436515,0.9921875,0.875,0.9565217391304349,0.0
15,0.840909090909091,0.9780192938436515,0.9921875,0.875,0.9565217391304349,0.0
16,0.840909090909091,0.9780192938436515,0.9921875,0.875,0.9565217391304349,0.0
17,0.8119122257053293,0.9333333333333332,0.921875,0.725925925925926,0.8927536231884059,0.23529411764705876
19,0.840909090909091,0.9780192938436515,0.9921875,0.875,0.9565217391304349,0.0
20,0.8969696969696971,1.0,1.0,1.0,1.0,0.4411764705882353
23,0.840909090909091,0.9780192938436515,0.9921875,0.875,0.9565217391304349,0.0
27,0.0,0.0,0.0,0.0,0.0,0.0
29,0.0,0.0,0.0,0.0,0.0,0.0
30,0.0,0.0,0.0,0.0,0.0,0.0
32,0.0,0.0,0.0,0.0,0.0,0.0
33,0.0,0.0,0.0,0.0,0.0,0.0
35,0.840909090909091,0.9780192938436515,0.9921875,0.875,0.9565217391304349,0.0
39,0.840909090909091,0.9780192938436515,0.9921875,0.875,0.9565217391304349,0.0
40,0.840909090909091,0.9780192938436515,0.9921875,0.875,0.9565217391304349,0.0
44,0.840909090909091,0.9780192938436515,0.9921875,0.875,0.9565217391304349,0.0
45,0.840909090909091,0.9780192938436515,0.9921875,0.875,0.9565217391304349,0.0
46,0.840909090909091,0.9780192938436515,0.9921875,0.875,0.9565217391304349,0.0
50,0.840909090909091,0.9780192938436515,0.9921875,0.875,0.9565217391304349,0.0
54,0.840909090909091,0.9780192938436515,0.9921875,0.875,0.9565217391304349,0.0
55,1.0,0.8881107705352641,0.7421875,0.6416666666666667,0.849122807017544,0.8235294117647057
58,0.8368856024358418,0.9089676684141312,0.859375,0.674074074074074,0.8666666666666668,0.02941176470588225
62,0.840909090909091,0.9780192938436515,0.9921875,0.875,0.9565217391304349,0.0
68,0.840909090909091,0.9780192938436515,0.9921875,0.875,0.9565217391304349,0.0
69,0.840909090909091,0.9780192938436515,0.9921875,0.875,0.9565217391304349,0.0
70,0.840909090909091,0.9780192938436515,0.9921875,0.875,0.9565217391304349,0.0
71,0.840909090909091,0.9780192938436515,0.9921875,0.875,0.9565217391304349,0.0
73,0.840909090909091,0.9780192938436515,0.9921875,0.875,0.9565217391304349,0.0
74,1.0,0.8881107705352641,0.7421875,0.6416666666666667,0.849122807017544,0.8235294117647057
75,1.0,0.8881107705352641,0.7421875,0.6416666666666667,0.849122807017544,0.8235294117647057
78,0.840909090909091,0.9780192938436515,0.9921875,0.875,0.9565217391304349,0.0
80,0.840909090909091,0.9780192938436515,0.9921875,0.875,0.9565217391304349,0.0
82,0.840909090909091,0.9780192938436515,0.9921875,0.875,0.9565217391304349,0.0
84,0.840909090909091,0.9780192938436515,0.9921875,0.875,0.9565217391304349,0.0
86,0.840909090909091,0.9780192938436515,0.9921875,0.875,0.9565217391304349,0.0
88,0.840909090909091,0.9780192938436515,0.9921875,0.875,0.9565217391304349,0.0
91,0.840909090909091,0.9780192938436515,0.9921875,0.875,0.9565217391304349,0.0
99,0.840909090909091,0.9780192938436515,0.9921875,0.875,0.9565217391304349,0.0
101,0.840909090909091,0.9780192938436515,0.9921875,0.875,0.9565217391304349,0.0
103,0.840909090909091,0.9780192938436515,0.9921875,0.875,0.9565217391304349,0.0
104,0.840909090909091,0.9780192938436515,0.9921875,0.875,0.9565217391304349,0.0
105,0.840909090909091,0.9780192938436515,0.9921875,0.875,0.9565217391304349,0.0
107,0.840909090909091,0.9780192938436515,0.9921875,0.875,0.9565217391304349,0.0
108,0.840909090909091,0.9780192938436515,0.9921875,0.875,0.9565217391304349,0.0
111,0.840909090909091,0.9780192938436515,0.9921875,0.875,0.9565217391304349,0.0
113,0.840909090909091,0.9780192938436515,0.9921875,0.875,0.9565217391304349,0.0
114,0.6450809464508095,0.6070807265487915,0.4453125,0.23333333333333334,0.4888888888888889,1.0
117,1.0,0.8881107705352641,0.7421875,0.6416666666666667,0.849122807017544,0.8235294117647057
120,0.840909090909091,0.9780192938436515,0.9921875,0.875,0.9565217391304349,0.0
124,0.840909090909091,0.9780192938436515,0.9921875,0.875,0.9565217391304349,0.0
