27,1.0,1.0,1.0,1.0,1.0,0.0
28,1.0,1.0,1.0,1.0,1.0,0.0
29,1.0,1.0,1.0,1.0,1.0,0.0
30,1.0,1.0,1.0,1.0,1.0,0.0
31,1.0,1.0,1.0,1.0,1.0,0.0
32,1.0,1.0,1.0,1.0,1.0,0.0
33,1.0,1.0,1.0,1.0,1.0,0.0
34,1.0,1.0,1.0,1.0,1.0,0.0
37,1.0,1.0,1.0,1.0,1.0,0.0
38,1.0,1.0,1.0,1.0,1.0,0.0
40,1.0,1.0,1.0,1.0,1.0,0.0
43,1.0,1.0,1.0,1.0,1.0,0.0
45,1.0,1.0,1.0,1.0,1.0,0.0
47,1.0,1.0,1.0,1.0,1.0,0.0
48,1.0,1.0,1.0,1.0,1.0,0.0
51,1.0,1.0,1.0,1.0,1.0,0.0
52,1.0,1.0,1.0,1.0,1.0,0.0
54,1.0,1.0,1.0,1.0,1.0,0.0
58,1.0,1.0,1.0,1.0,1.0,0.0
61,1.0,1.0,1.0,1.0,1.0,0.0
63,1.0,1.0,1.0,1.0,1.0,0.0
64,1.0,1.0,1.0,1.0,1.0,0.0
65,1.0,1.0,1.0,1.0,1.0,0.0
68,1.0,1.0,1.0,1.0,1.0,0.0
69,1.0,1.0,1.0,1.0,1.0,0.0
71,1.0,1.0,1.0,1.0,1.0,0.0
75,1.0,1.0,1.0,1.0,1.0,0.0
76,0.06201550387596889,0.3147412526799699,0.254335260115607,0.2352941176470588,0.33333333333333337,1.0
77,0.06201550387596889,0.3147412526799699,0.254335260115607,0.2352941176470588,0.33333333333333337,1.0
78,0.06201550387596889,0.3147412526799699,0.254335260115607,0.2352941176470588,0.33333333333333337,1.0
79,0.06201550387596889,0.3147412526799699,0.254335260115607,0.2352941176470588,0.33333333333333337,1.0
82,1.0,1.0,1.0,1.0,1.0,0.0
83,1.0,1.0,1.0,1.0,1.0,0.0
84,1.0,1.0,1.0,1.0,1.0,0.0
85,1.0,1.0,1.0,1.0,1.0,0.0
86,1.0,1.0,1.0,1.0,1.0,0.0
87,1.0,1.0,1.0,1.0,1.0,0.0
93,1.0,1.0,1.0,1.0,1.0,0.0
94,1.0,1.0,1.0,1.0,1.0,0.0
95,0.0,0.21966694030409428,0.16763005780346824,0.16428571428571426,0.24210526315789477,0.8181818181818181
96,0.2666666666666668,0.0,0.0,0.0,0.0,0.18181818181818182
99,1.0,1.0,1.0,1.0,1.0,0.0
100,1.0,1.0,1.0,1.0,1.0,0.0
