12,1.0,1.0,1.0,1.0,1.0,0.0
16,1.0,1.0,1.0,1.0,1.0,0.0
17,1.0,1.0,1.0,1.0,1.0,0.0
18,1.0,1.0,1.0,1.0,1.0,0.0
20,1.0,1.0,1.0,1.0,1.0,0.0
23,1.0,1.0,1.0,1.0,1.0,0.0
24,1.0,1.0,1.0,1.0,1.0,0.0
25,1.0,1.0,1.0,1.0,1.0,0.0
27,1.0,1.0,1.0,1.0,1.0,0.0
28,1.0,1.0,1.0,1.0,1.0,0.0
31,1.0,1.0,1.0,1.0,1.0,0.0
32,1.0,1.0,1.0,1.0,1.0,0.0
33,1.0,1.0,1.0,1.0,1.0,0.0
35,0.9677419354838711,0.7781187248742958,0.6224066390041494,0.5859375,0.7451923076923077,0.11363636363636352
36,0.9677419354838711,0.7781187248742958,0.6224066390041494,0.5859375,0.7451923076923077,0.11363636363636352
37,0.9677419354838711,0.7781187248742958,0.6224066390041494,0.5859375,0.7451923076923077,0.11363636363636352
40,1.0,1.0,1.0,1.0,1.0,0.0
42,1.0,1.0,1.0,1.0,1.0,0.0
43,1.0,1.0,1.0,1.0,1.0,0.0
44,1.0,1.0,1.0,1.0,1.0,0.0
46,0.7317073170731707,0.6074928962939559,0.47717842323651455,0.35714285714285715,0.5344827586206896,1.0
47,0.7317073170731707,0.6074928962939559,0.47717842323651455,0.35714285714285715,0.5344827586206896,1.0
48,0.7317073170731707,0.6074928962939559,0.47717842323651455,0.35714285714285715,0.5344827586206896,1.0
50,1.0,1.0,1.0,1.0,1.0,0.0
52,0.7317073170731707,0.6074928962939559,0.47717842323651455,0.35714285714285715,0.5344827586206896,1.0
53,0.7317073170731707,0.6074928962939559,0.47717842323651455,0.35714285714285715,0.5344827586206896,1.0
54,0.7317073170731707,0.6074928962939559,0.47717842323651455,0.35714285714285715,0.5344827586206896,1.0
56,1.0,1.0,1.0,1.0,1.0,0.0
57,1.0,1.0,1.0,1.0,1.0,0.0
58,1.0,1.0,1.0,1.0,1.0,0.0
59,1.0,1.0,1.0,1.0,1.0,0.0
60,1.0,1.0,1.0,1.0,1.0,0.0
62,1.0,1.0,1.0,1.0,1.0,0.0
63,1.0,1.0,1.0,1.0,1.0,0.0
67,0.0,0.0,0.0,0.0,0.0,0.0
68,0.0,0.0,0.0,0.0,0.0,0.0
69,0.0,0.0,0.0,0.0,0.0,0.0
70,0.0,0.0,0.0,0.0,0.0,0.0
72,0.0,0.0,0.0,0.0,0.0,0.0
