5,0.4240583977426084,1.0,1.0,1.0,1.0,0.0
7,0.4240583977426084,1.0,1.0,1.0,1.0,0.0
9,0.4240583977426084,1.0,1.0,1.0,1.0,0.0
10,0.4240583977426084,1.0,1.0,1.0,1.0,0.0
12,0.4240583977426084,1.0,1.0,1.0,1.0,0.0
13,0.4240583977426084,1.0,1.0,1.0,1.0,0.0
15,0.4240583977426084,1.0,1.0,1.0,1.0,0.0
16,0.4240583977426084,1.0,1.0,1.0,1.0,0.0
17,0.4240583977426084,1.0,1.0,1.0,1.0,0.0
18,0.4240583977426084,1.0,1.0,1.0,1.0,0.0
19,0.0,0.013421054868404182,0.3835616438356165,0.0,0.0,1.0
20,0.0,0.013421054868404182,0.3835616438356165,0.0,0.0,1.0
21,0.0,0.013421054868404182,0.3835616438356165,0.0,0.0,1.0
23,0.4240583977426084,1.0,1.0,1.0,1.0,0.0
24,1.0,0.0,0.0,0.24812030075187955,0.27631578947368424,0.6612903225806454
25,0.4240583977426084,1.0,1.0,1.0,1.0,0.0
26,0.4240583977426084,1.0,1.0,1.0,1.0,0.0
