3,0,1.0,1.0,1.0,1.0,1.0
7,0,1.0,1.0,1.0,1.0,1.0
8,0,1.0,1.0,1.0,1.0,1.0
9,0,1.0,1.0,1.0,1.0,1.0
10,0,0.8439088914585775,0.8,0.2711864406779661,0.7999999999999999,0.7999999999999999
12,0,0.6733200530681511,0.6,0.10169491525423728,0.6,0.6
13,0,0.61245154965971,0.5333333333333333,0.0774818401937046,0.5333333333333333,0.5333333333333333
14,0,0.5491933384829668,0.4666666666666667,0.059322033898305086,0.4666666666666666,0.4666666666666666
15,0,0.4142135623730949,0.3333333333333333,0.03389830508474576,0.3333333333333333,0.3333333333333333
16,0,0.26491106406735176,0.2,0.016949152542372878,0.20000000000000004,0.20000000000000004
18,0,0.0,0.0,0.0,0.0,0.0
21,0,1.0,1.0,1.0,1.0,1.0
