2,0.0,1.0,1.0,1.0,1.0,0.0
4,0.0,1.0,1.0,1.0,1.0,0.0
6,0.0,1.0,1.0,1.0,1.0,0.0
7,0.0,1.0,1.0,1.0,1.0,0.0
9,0.0,1.0,1.0,1.0,1.0,0.0
10,0.0,1.0,1.0,1.0,1.0,0.0
11,0.0,1.0,1.0,1.0,1.0,0.0
13,0.0,1.0,1.0,1.0,1.0,0.0
14,0.0,1.0,1.0,1.0,1.0,0.0
18,0.0,1.0,1.0,1.0,1.0,0.0
21,1.0,0.0,0.0,0.0,0.0,1.0
22,1.0,0.0,0.0,0.0,0.0,1.0
26,0.0,1.0,1.0,1.0,1.0,0.0
28,0.0,1.0,1.0,1.0,1.0,0.0
31,0.0,1.0,1.0,1.0,1.0,0.0
32,0.0,1.0,1.0,1.0,1.0,0.0
33,0.0,1.0,1.0,1.0,1.0,0.0
35,1.0,0.0,0.0,0.0,0.0,1.0
37,0.0,1.0,1.0,1.0,1.0,0.0
