10,0,1.0,1.0,1.0,1.0,1.0
13,0,1.0,1.0,1.0,1.0,1.0
15,0,0.2566969722017664,0.16,0.007651841224294595,0.15999999999999998,0.15999999999999998
16,0,0.9459233841152099,0.92,0.4619799139167863,0.92,0.92
18,0,0.20155882776093298,0.12,0.005478022694665449,0.11999999999999998,0.11999999999999998
19,0,0.8607451021562176,0.8,0.1606886657101865,0.7999999999999999,0.7999999999999999
21,0,0.0,0.0,0.0,0.0,0.0
22,0,0.8607451021562176,0.8,0.1606886657101865,0.7999999999999999,0.7999999999999999
24,0,0.14159966089979872,0.08,0.0034932318632649242,0.08,0.08
25,0,0.8607451021562176,0.8,0.1606886657101865,0.7999999999999999,0.7999999999999999
27,0,0.0,0.0,0.0,0.0,0.0
28,0,0.8607451021562176,0.8,0.1606886657101865,0.7999999999999999,0.7999999999999999
30,0,0.14159966089979872,0.08,0.0034932318632649242,0.08,0.08
31,0,0.8607451021562176,0.8,0.1606886657101865,0.7999999999999999,0.7999999999999999
33,0,0.0752782187793774,0.04,0.0016738402678144427,0.039999999999999994,0.039999999999999994
34,0,0.8607451021562176,0.8,0.1606886657101865,0.7999999999999999,0.7999999999999999
36,0,0.14159966089979872,0.08,0.0034932318632649242,0.08,0.08
37,0,0.8008325539698552,0.72,0.10329985652797705,0.72,0.72
39,0,0.0,0.0,0.0,0.0,0.0
40,0,0.7379923293880265,0.64,0.0714171847600829,0.64,0.64
42,0,0.20155882776093298,0.12,0.005478022694665449,0.11999999999999998,0.11999999999999998
43,0,0.5645831672687806,0.44,0.03156384505021521,0.43999999999999995,0.43999999999999995
45,0,0.0752782187793774,0.04,0.0016738402678144427,0.039999999999999994,0.039999999999999994
46,0,0.4866060555964673,0.36,0.02259684361549498,0.35999999999999993,0.35999999999999993
48,0,0.4866060555964673,0.36,0.02259684361549498,0.35999999999999993,0.35999999999999993
49,0,1.0,1.0,1.0,1.0,1.0
51,0,1.0,1.0,1.0,1.0,1.0
58,0,1.0,1.0,1.0,1.0,1.0
60,0,1.0,1.0,1.0,1.0,1.0
61,0,1.0,1.0,1.0,1.0,1.0
62,0,1.0,1.0,1.0,1.0,1.0
63,0,1.0,1.0,1.0,1.0,1.0
64,0,1.0,1.0,1.0,1.0,1.0
66,0,1.0,1.0,1.0,1.0,1.0
67,0,1.0,1.0,1.0,1.0,1.0
68,0,1.0,1.0,1.0,1.0,1.0
69,0,1.0,1.0,1.0,1.0,1.0
70,0,1.0,1.0,1.0,1.0,1.0
72,0,1.0,1.0,1.0,1.0,1.0
73,0,1.0,1.0,1.0,1.0,1.0
74,0,1.0,1.0,1.0,1.0,1.0
76,0,1.0,1.0,1.0,1.0,1.0
79,0,0.3080183057100177,0.2,0.010043041606886658,0.19999999999999996,0.19999999999999996
83,0,0.5645831672687806,0.44,0.03156384505021521,0.43999999999999995,0.43999999999999995
87,0,0.7053304863632602,0.6,0.06025824964131995,0.6000000000000001,0.6000000000000001
91,0,1.0,1.0,1.0,1.0,1.0
92,0,1.0,1.0,1.0,1.0,1.0
94,0,1.0,1.0,1.0,1.0,1.0
101,0,1.0,1.0,1.0,1.0,1.0
102,0,1.0,1.0,1.0,1.0,1.0
103,0,1.0,1.0,1.0,1.0,1.0
104,0,1.0,1.0,1.0,1.0,1.0
105,0,1.0,1.0,1.0,1.0,1.0
107,0,1.0,1.0,1.0,1.0,1.0
108,0,1.0,1.0,1.0,1.0,1.0
110,0,1.0,1.0,1.0,1.0,1.0
111,0,1.0,1.0,1.0,1.0,1.0
112,0,1.0,1.0,1.0,1.0,1.0
113,0,1.0,1.0,1.0,1.0,1.0
116,0,1.0,1.0,1.0,1.0,1.0
117,0,1.0,1.0,1.0,1.0,1.0
119,0,0.5645831672687806,0.44,0.03156384505021521,0.43999999999999995,0.43999999999999995
121,0,0.5645831672687806,0.44,0.03156384505021521,0.43999999999999995,0.43999999999999995
122,0,0.5645831672687806,0.44,0.03156384505021521,0.43999999999999995,0.43999999999999995
123,0,0.5645831672687806,0.44,0.03156384505021521,0.43999999999999995,0.43999999999999995
125,0,1.0,1.0,1.0,1.0,1.0
127,0,1.0,1.0,1.0,1.0,1.0
128,0,1.0,1.0,1.0,1.0,1.0
129,0,1.0,1.0,1.0,1.0,1.0
131,0,1.0,1.0,1.0,1.0,1.0
133,0,1.0,1.0,1.0,1.0,1.0
134,0,1.0,1.0,1.0,1.0,1.0
136,0,0.4866060555964673,0.36,0.02259684361549498,0.35999999999999993,0.35999999999999993
138,0,0.0752782187793774,0.04,0.0016738402678144427,0.039999999999999994,0.039999999999999994
140,0,1.0,1.0,1.0,1.0,1.0
141,0,1.0,1.0,1.0,1.0,1.0
