6,0,1.0,1.0,1.0,1.0,1.0
9,0,1.0,1.0,1.0,1.0,1.0
11,0,1.0,1.0,1.0,1.0,1.0
12,0,1.0,1.0,1.0,1.0,1.0
14,0,0.8086075400626399,0.6538461538461539,0.07264957264957264,0.6538461538461539,0.6538461538461539
15,0,0.8086075400626399,0.6538461538461539,0.07264957264957264,0.6538461538461539,0.6538461538461539
16,0,0.3396831102433787,0.11538461538461539,0.005016722408026756,0.11538461538461539,0.11538461538461539
18,0,0.8086075400626399,0.6538461538461539,0.07264957264957264,0.6538461538461539,0.6538461538461539
20,0,0.8086075400626399,0.6538461538461539,0.07264957264957264,0.6538461538461539,0.6538461538461539
21,0,1.0,1.0,1.0,1.0,1.0
24,0,1.0,1.0,1.0,1.0,1.0
26,0,1.0,1.0,1.0,1.0,1.0
27,0,1.0,1.0,1.0,1.0,1.0
29,0,0.8548504142651103,0.7307692307692307,0.1043956043956044,0.7307692307692307,0.7307692307692307
30,0,0.8548504142651103,0.7307692307692307,0.1043956043956044,0.7307692307692307,0.7307692307692307
31,0,0.19611613513818404,0.038461538461538464,0.0015384615384615385,0.038461538461538464,0.038461538461538464
33,0,0.8548504142651103,0.7307692307692307,0.1043956043956044,0.7307692307692307,0.7307692307692307
35,0,0.8548504142651103,0.7307692307692307,0.1043956043956044,0.7307692307692307,0.7307692307692307
36,0,1.0,1.0,1.0,1.0,1.0
40,0,1.0,1.0,1.0,1.0,1.0
41,0,1.0,1.0,1.0,1.0,1.0
43,0,1.0,1.0,1.0,1.0,1.0
44,0,0.8320502943378436,0.6923076923076923,0.08653846153846154,0.6923076923076923,0.6923076923076923
45,0,0.8320502943378436,0.6923076923076923,0.08653846153846154,0.6923076923076923,0.6923076923076923
46,0,0.19611613513818404,0.038461538461538464,0.0015384615384615385,0.038461538461538464,0.038461538461538464
48,0,0.8320502943378436,0.6923076923076923,0.08653846153846154,0.6923076923076923,0.6923076923076923
49,0,0.75955452531275,0.5769230769230769,0.05244755244755244,0.5769230769230769,0.5769230769230769
50,0,0.75955452531275,0.5769230769230769,0.05244755244755244,0.5769230769230769,0.5769230769230769
51,0,0.75955452531275,0.5769230769230769,0.05244755244755244,0.5769230769230769,0.5769230769230769
52,0,0.0,0.0,0.0,0.0,0.0
54,0,0.75955452531275,0.5769230769230769,0.05244755244755244,0.5769230769230769,0.5769230769230769
57,0,1.0,1.0,1.0,1.0,1.0
58,0,1.0,1.0,1.0,1.0,1.0
59,0,1.0,1.0,1.0,1.0,1.0
60,0,1.0,1.0,1.0,1.0,1.0
61,0,0.43852900965351466,0.19230769230769232,0.009157509157509156,0.19230769230769232,0.19230769230769232
63,0,0.898717034272917,0.8076923076923077,0.16153846153846155,0.8076923076923077,0.8076923076923077
65,0,1.0,1.0,1.0,1.0,1.0
