2,0,1.0,1.0,1.0,1.0,1.0
7,0,1.0,1.0,1.0,1.0,1.0
8,0,1.0,1.0,1.0,1.0,1.0
9,0,1.0,1.0,1.0,1.0,1.0
10,0,1.0,1.0,1.0,1.0,1.0
11,0,0.8003373808622833,0.6808510638297872,0.04541019955654102,0.6808510638297872,0.6808510638297872
12,0,0.8003373808622833,0.6808510638297872,0.04541019955654102,0.6808510638297872,0.6808510638297872
14,0,0.6225184286828034,0.44680851063829785,0.01719256353402695,0.4468085106382979,0.4468085106382979
15,0,0.3907802584304682,0.2127659574468085,0.0057529813627374615,0.2127659574468085,0.2127659574468085
19,0,0.4846296988495614,0.2978723404255319,0.009030437411812135,0.29787234042553196,0.29787234042553196
20,0,0.3647441857467982,0.19148936170212766,0.005041428404714669,0.19148936170212766,0.19148936170212766
22,0,0.33737035022448975,0.1702127659574468,0.004366365341975098,0.1702127659574468,0.1702127659574468
23,0,0.1686851751122449,0.06382978723404255,0.0014513202983269502,0.06382978723404256,0.06382978723404256
27,0,0.20850634323519035,0.0851063829787234,0.001980095910895684,0.08510638297872342,0.08510638297872342
29,0,0.20850634323519035,0.0851063829787234,0.001980095910895684,0.08510638297872342,0.08510638297872342
30,0,0.0,0.0,0.0,0.0,0.0
34,0,1.0,1.0,1.0,1.0,1.0
35,0,0.8434258755612243,0.7446808510638298,0.06208425720620842,0.7446808510638298,0.7446808510638298
36,0,0.4846296988495614,0.2978723404255319,0.009030437411812135,0.29787234042553196,0.29787234042553196
37,0,1.0,1.0,1.0,1.0,1.0
