2,0.5,0.1690308509457033,0.32,0.029411764705882353,0.02857142857142857,0.0
5,0.5,0.1690308509457033,0.32,0.029411764705882353,0.02857142857142857,0.0
7,0.5,0.1690308509457033,0.32,0.029411764705882353,0.02857142857142857,0.0
8,0.0,0.0,0.0,0.0,0.0,0.4411764705882353
9,0.6415094339622641,0.22360679774997896,0.62,0.05263157894736842,0.05,0.4411764705882353
10,0.0,0.0,0.27999999999999997,0.0,0.0,0.029411764705882353
11,0.6538461538461539,0.22941573387056174,0.64,0.05555555555555555,0.05263157894736842,0.47058823529411764
12,0.0,0.0,0.27999999999999997,0.0,0.0,0.029411764705882353
13,0.6666666666666666,0.23570226039551587,0.6599999999999999,0.058823529411764705,0.05555555555555555,0.5
14,0.0,0.0,0.27999999999999997,0.0,0.0,0.029411764705882353
15,0.6799999999999999,0.24253562503633297,0.68,0.0625,0.058823529411764705,0.5294117647058824
16,0.0,0.0,0.27999999999999997,0.0,0.0,0.029411764705882353
17,0.6938775510204082,0.25,0.7,0.06666666666666667,0.0625,0.5588235294117647
18,1.0,1.0,1.0,1.0,1.0,1.0
19,0.0,0.0,0.0,0.0,0.0,0.4411764705882353
20,0.0,0.0,0.27999999999999997,0.0,0.0,0.029411764705882353
21,0.0,0.0,0.019999999999999966,0.0,0.0,0.4117647058823529
22,0.0,0.0,0.27999999999999997,0.0,0.0,0.029411764705882353
23,0.0,0.0,0.03999999999999997,0.0,0.0,0.38235294117647056
24,0.0,0.0,0.27999999999999997,0.0,0.0,0.029411764705882353
25,0.0,0.0,0.05999999999999998,0.0,0.0,0.35294117647058826
26,0.0,0.0,0.27999999999999997,0.0,0.0,0.029411764705882353
27,0.0,0.0,0.07999999999999999,0.0,0.0,0.3235294117647059
28,0.0,0.0,0.27999999999999997,0.0,0.0,0.029411764705882353
29,0.0,0.0,0.09999999999999999,0.0,0.0,0.29411764705882354
30,0.0,0.0,0.27999999999999997,0.0,0.0,0.029411764705882353
31,0.0,0.0,0.12,0.0,0.0,0.2647058823529412
32,0.0,0.0,0.27999999999999997,0.0,0.0,0.029411764705882353
33,0.0,0.0,0.13999999999999999,0.0,0.0,0.23529411764705882
34,0.0,0.0,0.27999999999999997,0.0,0.0,0.029411764705882353
35,0.0,0.0,0.15999999999999998,0.0,0.0,0.20588235294117646
36,0.0,0.0,0.27999999999999997,0.0,0.0,0.029411764705882353
37,0.0,0.0,0.17999999999999997,0.0,0.0,0.17647058823529413
38,0.0,0.0,0.27999999999999997,0.0,0.0,0.029411764705882353
39,0.0,0.0,0.19999999999999998,0.0,0.0,0.14705882352941177
40,0.0,0.0,0.27999999999999997,0.0,0.0,0.029411764705882353
41,0.0,0.0,0.22,0.0,0.0,0.11764705882352941
42,0.0,0.0,0.27999999999999997,0.0,0.0,0.029411764705882353
43,0.0,0.0,0.24,0.0,0.0,0.08823529411764706
44,0.0,0.0,0.27999999999999997,0.0,0.0,0.029411764705882353
45,0.0,0.0,0.25999999999999995,0.0,0.0,0.058823529411764705
46,0.0,0.0,0.27999999999999997,0.0,0.0,0.029411764705882353
48,0.5,0.1690308509457033,0.32,0.029411764705882353,0.02857142857142857,0.0
