2,0,1.0,1.0,1.0,1.0,1.0
4,0,1.0,1.0,1.0,1.0,1.0
5,0,1.0,1.0,1.0,1.0,1.0
6,0,1.0,1.0,1.0,1.0,1.0
7,0,0.7562276959239356,0.6923076923076923,0.1762672811059908,0.6923076923076922,0.6923076923076922
8,0,0.7562276959239356,0.6923076923076923,0.1762672811059908,0.6923076923076922,0.6923076923076922
9,0,0.7562276959239356,0.6923076923076923,0.1762672811059908,0.6923076923076922,0.6923076923076922
13,0,1.0,1.0,1.0,1.0,1.0
14,0,1.0,1.0,1.0,1.0,1.0
15,0,0.547442221500518,0.46153846153846156,0.06714944042132982,0.4615384615384616,0.4615384615384616
16,0,0.0,0.0,0.0,0.0,0.0
18,0,1.0,1.0,1.0,1.0,1.0
20,0,1.0,1.0,1.0,1.0,1.0
22,0,1.0,1.0,1.0,1.0,1.0
23,0,1.0,1.0,1.0,1.0,1.0
24,0,1.0,1.0,1.0,1.0,1.0
26,0,1.0,1.0,1.0,1.0,1.0
27,0,1.0,1.0,1.0,1.0,1.0
