3,0.7391304347826085,0.6969320524371696,0.14285714285714288,0.47058823529411764,0.4857142857142857,0.05263157894736843
6,0.7391304347826085,0.6969320524371696,0.14285714285714288,0.47058823529411764,0.4857142857142857,0.05263157894736843
7,0.7391304347826085,0.6969320524371696,0.14285714285714288,0.47058823529411764,0.4857142857142857,0.05263157894736843
9,0.8499999999999999,0.80860754006264,0.5714285714285715,0.64,0.6538461538461539,0.5263157894736841
10,0.8499999999999999,0.80860754006264,0.5714285714285715,0.64,0.6538461538461539,0.5263157894736841
11,0.8793103448275863,0.8416254115301733,0.6666666666666667,0.6956521739130435,0.7083333333333333,0.631578947368421
12,0.8499999999999999,0.80860754006264,0.5714285714285715,0.64,0.6538461538461539,0.5263157894736841
13,0.8499999999999999,0.80860754006264,0.5714285714285715,0.64,0.6538461538461539,0.5263157894736841
14,0.8644067796610169,0.8246211251235321,0.6190476190476191,0.6666666666666666,0.68,0.5789473684210525
16,0.8947368421052632,0.8597269536210952,0.7142857142857142,0.7272727272727273,0.7391304347826086,0.6842105263157894
18,0.8947368421052632,0.8597269536210952,0.7142857142857142,0.7272727272727273,0.7391304347826086,0.6842105263157894
19,0.8947368421052632,0.8597269536210952,0.7142857142857142,0.7272727272727273,0.7391304347826086,0.6842105263157894
20,0.8947368421052632,0.8597269536210952,0.7142857142857142,0.7272727272727273,0.7391304347826086,0.6842105263157894
21,0.9444444444444446,0.9219544457292888,0.8571428571428571,0.8421052631578947,0.8500000000000001,0.8421052631578947
22,0.8947368421052632,0.8597269536210952,0.7142857142857142,0.7272727272727273,0.7391304347826086,0.6842105263157894
23,0.8947368421052632,0.8597269536210952,0.7142857142857142,0.7272727272727273,0.7391304347826086,0.6842105263157894
24,1.0,1.0,1.0,1.0,1.0,1.0
28,0.0,0.0,0.047619047619047616,0.0,0.0,0.0
29,0.0,0.0,0.047619047619047616,0.0,0.0,0.0
30,0.0,0.0,0.047619047619047616,0.0,0.0,0.0
31,0.0,0.0,0.047619047619047616,0.0,0.0,0.0
33,0.7391304347826085,0.6969320524371696,0.14285714285714288,0.47058823529411764,0.4857142857142857,0.05263157894736843
34,0.7285714285714285,0.6871842709362768,0.09523809523809525,0.45714285714285713,0.4722222222222222,0.0
37,0.7285714285714285,0.6871842709362768,0.09523809523809525,0.45714285714285713,0.4722222222222222,0.0
38,0.7285714285714285,0.6871842709362768,0.09523809523809525,0.45714285714285713,0.4722222222222222,0.0
39,0.7285714285714285,0.6871842709362768,0.09523809523809525,0.45714285714285713,0.4722222222222222,0.0
40,0.0,0.0,0.0,0.0,0.0,0.05263157894736841
41,0.7391304347826085,0.6969320524371696,0.14285714285714288,0.47058823529411764,0.4857142857142857,0.05263157894736843
43,0.7391304347826085,0.6969320524371696,0.14285714285714288,0.47058823529411764,0.4857142857142857,0.05263157894736843
44,0.7391304347826085,0.6969320524371696,0.14285714285714288,0.47058823529411764,0.4857142857142857,0.05263157894736843
45,0.7391304347826085,0.6969320524371696,0.14285714285714288,0.47058823529411764,0.4857142857142857,0.05263157894736843
46,0.7391304347826085,0.6969320524371696,0.14285714285714288,0.47058823529411764,0.4857142857142857,0.05263157894736843
48,0.7391304347826085,0.6969320524371696,0.14285714285714288,0.47058823529411764,0.4857142857142857,0.05263157894736843
