2,0.5,0.9733285267845753,0.972972972972973,1.0,0.9473684210526315,0.0
4,0.5,0.9733285267845753,0.972972972972973,1.0,0.9473684210526315,0.0
5,0.5,0.9733285267845753,0.972972972972973,1.0,0.9473684210526315,0.0
6,0.5,0.9733285267845753,0.972972972972973,1.0,0.9473684210526315,0.0
7,0.0,0.0,0.0,0.0,0.0,1.0
8,0.0,0.0,0.0,0.0,0.0,1.0
9,0.0,0.0,0.0,0.0,0.0,1.0
11,1.0,1.0,1.0,1.0,1.0,1.0
12,1.0,1.0,1.0,1.0,1.0,1.0
13,1.0,1.0,1.0,1.0,1.0,1.0
14,1.0,1.0,1.0,1.0,1.0,1.0
18,1.0,1.0,1.0,1.0,1.0,1.0
21,1.0,1.0,1.0,1.0,1.0,1.0
22,1.0,1.0,1.0,1.0,1.0,1.0
24,1.0,1.0,1.0,1.0,1.0,1.0
25,1.0,0.9718253158075502,0.9459459459459459,0.9444444444444444,0.9444444444444444,0.9444444444444444
27,1.0,0.9718253158075502,0.9459459459459459,0.9444444444444444,0.9444444444444444,0.9444444444444444
29,1.0,0.816496580927726,0.6756756756756757,0.1111111111111111,0.6666666666666666,0.6666666666666666
30,1.0,0.816496580927726,0.6756756756756757,0.1111111111111111,0.6666666666666666,0.6666666666666666
35,1.0,0.9718253158075502,0.9459459459459459,0.9444444444444444,0.9444444444444444,0.9444444444444444
36,1.0,0.9718253158075502,0.9459459459459459,0.9444444444444444,0.9444444444444444,0.9444444444444444
37,1.0,0.9718253158075502,0.9459459459459459,0.9444444444444444,0.9444444444444444,0.9444444444444444
38,1.0,0.9718253158075502,0.9459459459459459,0.9444444444444444,0.9444444444444444,0.9444444444444444
41,1.0,1.0,1.0,1.0,1.0,1.0
42,1.0,1.0,1.0,1.0,1.0,1.0
45,1.0,1.0,1.0,1.0,1.0,1.0
47,1.0,1.0,1.0,1.0,1.0,1.0
