3,0,0.19608440877271388,0.15384615384615385,0.007083825265643447,0.15384615384615385,0.15384615384615385
5,0,0.19608440877271388,0.15384615384615385,0.007083825265643447,0.15384615384615385,0.15384615384615385
7,0,1.0,1.0,1.0,1.0,1.0
9,0,1.0,1.0,1.0,1.0,1.0
10,0,1.0,1.0,1.0,1.0,1.0
11,0,1.0,1.0,1.0,1.0,1.0
13,0,1.0,1.0,1.0,1.0,1.0
14,0,1.0,1.0,1.0,1.0,1.0
16,0,1.0,1.0,1.0,1.0,1.0
17,0,0.8753836505049409,0.8461538461538461,0.21428571428571427,0.846153846153846,0.846153846153846
18,0,0.6742373377751026,0.6153846153846154,0.06233766233766234,0.6153846153846154,0.6153846153846154
21,0,0.19608440877271388,0.15384615384615385,0.007083825265643447,0.15384615384615385,0.15384615384615385
22,0,0.19608440877271388,0.15384615384615385,0.007083825265643447,0.15384615384615385,0.15384615384615385
23,0,0.19608440877271388,0.15384615384615385,0.007083825265643447,0.15384615384615385,0.15384615384615385
24,0,0.19608440877271388,0.15384615384615385,0.007083825265643447,0.15384615384615385,0.15384615384615385
26,0,0.19608440877271388,0.15384615384615385,0.007083825265643447,0.15384615384615385,0.15384615384615385
28,0,0.19608440877271388,0.15384615384615385,0.007083825265643447,0.15384615384615385,0.15384615384615385
29,0,0.19608440877271388,0.15384615384615385,0.007083825265643447,0.15384615384615385,0.15384615384615385
30,0,0.19608440877271388,0.15384615384615385,0.007083825265643447,0.15384615384615385,0.15384615384615385
32,0,0.0,0.0,0.0,0.0,0.0
33,0,0.0,0.0,0.0,0.0,0.0
36,0,0.8753836505049409,0.8461538461538461,0.21428571428571427,0.846153846153846,0.846153846153846
