24,0.14285714285714288,0.6735650110544219,0.5652173913043478,0.09677419354838711,0.5806451612903225,0.6249999999999999
25,0.14285714285714288,0.6735650110544219,0.5652173913043478,0.09677419354838711,0.5806451612903225,0.6249999999999999
26,0.14285714285714288,0.6735650110544219,0.5652173913043478,0.09677419354838711,0.5806451612903225,0.6249999999999999
27,1.0,0.0,0.0,0.0,0.0,0.125
29,0.14285714285714288,0.6735650110544219,0.5652173913043478,0.09677419354838711,0.5806451612903225,0.6249999999999999
33,0.0,0.42080628620506894,0.30434782608695654,0.036559139784946244,0.3290322580645161,1.0
34,0.0,0.42080628620506894,0.30434782608695654,0.036559139784946244,0.3290322580645161,1.0
37,0.30769230769230765,1.0,1.0,1.0,1.0,0.0
39,0.30769230769230765,1.0,1.0,1.0,1.0,0.0
40,0.30769230769230765,1.0,1.0,1.0,1.0,0.0
41,0.30769230769230765,1.0,1.0,1.0,1.0,0.0
42,0.30769230769230765,1.0,1.0,1.0,1.0,0.0
43,0.30769230769230765,1.0,1.0,1.0,1.0,0.0
45,0.30769230769230765,1.0,1.0,1.0,1.0,0.0
46,0.30769230769230765,1.0,1.0,1.0,1.0,0.0
47,0.28,0.9409169110557583,0.9130434782608695,0.4580645161290323,0.9161290322580643,0.12499999999999992
48,0.28,0.9409169110557583,0.9130434782608695,0.4580645161290323,0.9161290322580643,0.12499999999999992
50,0.30769230769230765,1.0,1.0,1.0,1.0,0.0
51,0.30769230769230765,1.0,1.0,1.0,1.0,0.0
52,0.30769230769230765,1.0,1.0,1.0,1.0,0.0
53,0.28,0.9409169110557583,0.9130434782608695,0.4580645161290323,0.9161290322580643,0.12499999999999992
54,0.28,0.9409169110557583,0.9130434782608695,0.4580645161290323,0.9161290322580643,0.12499999999999992
55,0.28,0.9409169110557583,0.9130434782608695,0.4580645161290323,0.9161290322580643,0.12499999999999992
56,0.24999999999999997,0.8791746968489933,0.8260869565217391,0.27741935483870966,0.8322580645161288,0.25
57,0.24999999999999997,0.8791746968489933,0.8260869565217391,0.27741935483870966,0.8322580645161288,0.25
58,0.24999999999999997,0.8791746968489933,0.8260869565217391,0.27741935483870966,0.8322580645161288,0.25
61,0.28,0.9409169110557583,0.9130434782608695,0.4580645161290323,0.9161290322580643,0.12499999999999992
62,0.24999999999999997,0.8791746968489933,0.8260869565217391,0.27741935483870966,0.8322580645161288,0.25
63,0.24999999999999997,0.8791746968489933,0.8260869565217391,0.27741935483870966,0.8322580645161288,0.25
64,0.24999999999999997,0.8791746968489933,0.8260869565217391,0.27741935483870966,0.8322580645161288,0.25
65,0.24999999999999997,0.8791746968489933,0.8260869565217391,0.27741935483870966,0.8322580645161288,0.25
66,0.24999999999999997,0.8791746968489933,0.8260869565217391,0.27741935483870966,0.8322580645161288,0.25
69,0.30769230769230765,1.0,1.0,1.0,1.0,0.0
70,0.30769230769230765,1.0,1.0,1.0,1.0,0.0
71,0.24999999999999997,0.8791746968489933,0.8260869565217391,0.27741935483870966,0.8322580645161288,0.25
73,0.30769230769230765,1.0,1.0,1.0,1.0,0.0
