2,0.6666666666666666,0.7453559924999298,0.8181818181818181,0.3333333333333333,0.5555555555555556,0.0
5,0.6666666666666666,0.7453559924999298,0.8181818181818181,0.3333333333333333,0.5555555555555556,0.0
6,0.6666666666666666,0.7453559924999298,0.8181818181818181,0.3333333333333333,0.5555555555555556,0.0
7,0.6666666666666666,0.7453559924999298,0.8181818181818181,0.3333333333333333,0.5555555555555556,0.0
9,0.6666666666666666,0.7453559924999298,0.8181818181818181,0.3333333333333333,0.5555555555555556,0.0
10,0.6666666666666666,0.7453559924999298,0.8181818181818181,0.3333333333333333,0.5555555555555556,0.0
11,0.6666666666666666,0.7453559924999298,0.8181818181818181,0.3333333333333333,0.5555555555555556,0.0
12,0.6666666666666666,0.7453559924999298,0.8181818181818181,0.3333333333333333,0.5555555555555556,0.0
13,0.6666666666666666,0.7453559924999298,0.8181818181818181,0.3333333333333333,0.5555555555555556,0.0
15,0.6666666666666666,0.7453559924999298,0.8181818181818181,0.3333333333333333,0.5555555555555556,0.0
16,0.0,0.0,0.0,0.0,0.0,0.7499999999999999
19,0.8888888888888888,0.9128709291752769,0.9545454545454546,0.6666666666666666,0.8333333333333334,0.7499999999999999
20,0.8888888888888888,0.9128709291752769,0.9545454545454546,0.6666666666666666,0.8333333333333334,0.7499999999999999
22,0.8888888888888888,0.9128709291752769,0.9545454545454546,0.6666666666666666,0.8333333333333334,0.7499999999999999
23,0.8888888888888888,0.9128709291752769,0.9545454545454546,0.6666666666666666,0.8333333333333334,0.7499999999999999
25,0.8888888888888888,0.9128709291752769,0.9545454545454546,0.6666666666666666,0.8333333333333334,0.7499999999999999
26,0.8888888888888888,0.9128709291752769,0.9545454545454546,0.6666666666666666,0.8333333333333334,0.7499999999999999
27,1.0,1.0,1.0,1.0,1.0,1.0
29,1.0,1.0,1.0,1.0,1.0,1.0
30,0.8888888888888888,0.9128709291752769,0.9545454545454546,0.6666666666666666,0.8333333333333334,0.7499999999999999
32,0.8888888888888888,0.9128709291752769,0.9545454545454546,0.6666666666666666,0.8333333333333334,0.7499999999999999
35,0.6666666666666666,0.7453559924999298,0.8181818181818181,0.3333333333333333,0.5555555555555556,0.0
