18,0.7419354838709677,0.7071067811865475,0.5151515151515151,0.4838709677419355,0.5,0.0
19,0.7419354838709677,0.7071067811865475,0.5151515151515151,0.4838709677419355,0.5,0.0
20,0.7419354838709677,0.7071067811865475,0.5151515151515151,0.4838709677419355,0.5,0.0
21,0.7419354838709677,0.7071067811865475,0.5151515151515151,0.4838709677419355,0.5,0.0
23,0.7419354838709677,0.7071067811865475,0.5151515151515151,0.4838709677419355,0.5,0.0
24,0.7419354838709677,0.7071067811865475,0.5151515151515151,0.4838709677419355,0.5,0.0
25,0.7419354838709677,0.7071067811865475,0.5151515151515151,0.4838709677419355,0.5,0.0
27,0.7419354838709677,0.7071067811865475,0.5151515151515151,0.4838709677419355,0.5,0.0
28,0.7419354838709677,0.7071067811865475,0.5151515151515151,0.4838709677419355,0.5,0.0
29,0.7419354838709677,0.7071067811865475,0.5151515151515151,0.4838709677419355,0.5,0.0
30,0.7419354838709677,0.7071067811865475,0.5151515151515151,0.4838709677419355,0.5,0.0
31,0.7419354838709677,0.7071067811865475,0.5151515151515151,0.4838709677419355,0.5,0.0
34,0.7419354838709677,0.7071067811865475,0.5151515151515151,0.4838709677419355,0.5,0.0
35,0.7419354838709677,0.7071067811865475,0.5151515151515151,0.4838709677419355,0.5,0.0
36,0.7419354838709677,0.7071067811865475,0.5151515151515151,0.4838709677419355,0.5,0.0
40,0.7419354838709677,0.7071067811865475,0.5151515151515151,0.4838709677419355,0.5,0.0
41,0.7419354838709677,0.7071067811865475,0.5151515151515151,0.4838709677419355,0.5,0.0
42,0.0,0.0,0.0,0.0,0.0,1.0
45,1.0,1.0,1.0,1.0,1.0,1.0
46,1.0,1.0,1.0,1.0,1.0,1.0
47,0.0,0.0,0.09090909090909091,0.0,0.0,0.8125
48,0.0,0.0,0.09090909090909091,0.0,0.0,0.8125
49,0.0,0.0,0.09090909090909091,0.0,0.0,0.8125
50,0.0,0.0,0.09090909090909091,0.0,0.0,0.8125
53,1.0,1.0,1.0,1.0,1.0,1.0
57,0.7419354838709677,0.7071067811865475,0.5151515151515151,0.4838709677419355,0.5,0.0
58,0.7419354838709677,0.7071067811865475,0.5151515151515151,0.4838709677419355,0.5,0.0
60,0.9387755102040817,0.917662935482247,0.9090909090909091,0.8333333333333333,0.8421052631578947,0.8125
63,0.7419354838709677,0.7071067811865475,0.5151515151515151,0.4838709677419355,0.5,0.0
64,0.9387755102040817,0.917662935482247,0.9090909090909091,0.8333333333333333,0.8421052631578947,0.8125
65,0.7419354838709677,0.7071067811865475,0.5151515151515151,0.4838709677419355,0.5,0.0
