3,0,1.0,1.0,1.0,1.0,1.0
4,0,1.0,1.0,1.0,1.0,1.0
5,0,1.0,1.0,1.0,1.0,1.0
6,0,1.0,1.0,1.0,1.0,1.0
7,0,1.0,1.0,1.0,1.0,1.0
8,0,1.0,1.0,1.0,1.0,1.0
9,0,1.0,1.0,1.0,1.0,1.0
10,0,1.0,1.0,1.0,1.0,1.0
11,0,0.9432361436751174,0.9111111111111111,0.22809457579972187,0.9111111111111111,0.9111111111111111
12,0,0.9432361436751174,0.9111111111111111,0.22809457579972187,0.9111111111111111,0.9111111111111111
13,0,0.7381834178881062,0.6222222222222222,0.036652213040988306,0.6222222222222222,0.6222222222222222
14,0,0.9432361436751174,0.9111111111111111,0.22809457579972187,0.9111111111111111,0.9111111111111111
15,0,0.3049514051708921,0.17777777777777778,0.0048114874262301256,0.17777777777777776,0.17777777777777776
16,0,0.9432361436751174,0.9111111111111111,0.22809457579972187,0.9111111111111111,0.9111111111111111
18,0,1.0,1.0,1.0,1.0,1.0
19,0,1.0,1.0,1.0,1.0,1.0
20,0,1.0,1.0,1.0,1.0,1.0
23,0,1.0,1.0,1.0,1.0,1.0
24,0,1.0,1.0,1.0,1.0,1.0
25,0,1.0,1.0,1.0,1.0,1.0
26,0,0.2440169358562924,0.13333333333333333,0.0034235583609714356,0.13333333333333333,0.13333333333333333
27,0,0.2440169358562924,0.13333333333333333,0.0034235583609714356,0.13333333333333333,0.13333333333333333
28,0,0.2440169358562924,0.13333333333333333,0.0034235583609714356,0.13333333333333333,0.13333333333333333
29,0,0.2440169358562924,0.13333333333333333,0.0034235583609714356,0.13333333333333333,0.13333333333333333
30,0,0.2440169358562924,0.13333333333333333,0.0034235583609714356,0.13333333333333333,0.13333333333333333
31,0,0.2440169358562924,0.13333333333333333,0.0034235583609714356,0.13333333333333333,0.13333333333333333
33,0,1.0,1.0,1.0,1.0,1.0
34,0,0.6094757082487301,0.4666666666666667,0.019471488178025038,0.4666666666666667,0.4666666666666667
35,0,0.2109977206184841,0.1111111111111111,0.0027816411682892914,0.1111111111111111,0.1111111111111111
37,0,0.4364670255861678,0.28888888888888886,0.009040333796940195,0.28888888888888886,0.28888888888888886
38,0,1.0,1.0,1.0,1.0,1.0
39,0,0.0,0.0,0.0,0.0,0.0
40,0,1.0,1.0,1.0,1.0,1.0
41,0,0.3333333333333333,0.2,0.005563282336578582,0.2,0.2
42,0,0.3333333333333333,0.2,0.005563282336578582,0.2,0.2
43,0,0.3333333333333333,0.2,0.005563282336578582,0.2,0.2
44,0,1.0,1.0,1.0,1.0,1.0
45,0,1.0,1.0,1.0,1.0,1.0
