3,0.5208333333333334,0.28284271247461906,0.20689655172413798,0.041666666666666664,0.08,0.0
4,0.5208333333333334,0.28284271247461906,0.20689655172413798,0.041666666666666664,0.08,0.0
6,0.5208333333333334,0.28284271247461906,0.20689655172413798,0.041666666666666664,0.08,0.0
7,0.5208333333333334,0.28284271247461906,0.20689655172413798,0.041666666666666664,0.08,0.0
9,0.5208333333333334,0.28284271247461906,0.20689655172413798,0.041666666666666664,0.08,0.0
10,0.0,0.0,0.10344827586206898,0.0,0.0,0.08695652173913043
11,0.5208333333333334,0.28284271247461906,0.20689655172413798,0.041666666666666664,0.08,0.0
12,0.0,0.0,0.10344827586206898,0.0,0.0,0.08695652173913043
13,0.5208333333333334,0.28284271247461906,0.20689655172413798,0.041666666666666664,0.08,0.0
14,0.0,0.0,0.13793103448275865,0.0,0.0,0.043478260869565216
15,0.5208333333333334,0.28284271247461906,0.20689655172413798,0.041666666666666664,0.08,0.0
16,0.0,0.0,0.13793103448275865,0.0,0.0,0.043478260869565216
17,0.5208333333333334,0.28284271247461906,0.20689655172413798,0.041666666666666664,0.08,0.0
18,0.0,0.0,0.06896551724137932,0.0,0.0,0.13043478260869565
19,0.5208333333333334,0.28284271247461906,0.20689655172413798,0.041666666666666664,0.08,0.0
20,0.0,0.0,0.06896551724137932,0.0,0.0,0.13043478260869565
21,0.5208333333333334,0.28284271247461906,0.20689655172413798,0.041666666666666664,0.08,0.0
22,0.0,0.0,0.03448275862068966,0.0,0.0,0.17391304347826086
23,0.5208333333333334,0.28284271247461906,0.20689655172413798,0.041666666666666664,0.08,0.0
24,0.0,0.0,0.10344827586206898,0.0,0.0,0.08695652173913043
25,0.5208333333333334,0.28284271247461906,0.20689655172413798,0.041666666666666664,0.08,0.0
26,1.0,1.0,1.0,1.0,1.0,1.0
27,0.5208333333333334,0.28284271247461906,0.20689655172413798,0.041666666666666664,0.08,0.0
28,0.0,0.0,0.1724137931034483,0.0,0.0,0.0
29,0.5208333333333334,0.28284271247461906,0.20689655172413798,0.041666666666666664,0.08,0.0
30,0.0,0.0,0.10344827586206898,0.0,0.0,0.08695652173913043
31,0.5208333333333334,0.28284271247461906,0.20689655172413798,0.041666666666666664,0.08,0.0
32,0.0,0.0,0.06896551724137932,0.0,0.0,0.13043478260869565
34,0.5208333333333334,0.28284271247461906,0.20689655172413798,0.041666666666666664,0.08,0.0
35,0.5208333333333334,0.28284271247461906,0.20689655172413798,0.041666666666666664,0.08,0.0
37,0.5208333333333334,0.28284271247461906,0.20689655172413798,0.041666666666666664,0.08,0.0
38,0.0,0.0,0.0,0.0,0.0,0.21739130434782608
39,0.0,0.0,0.13793103448275865,0.0,0.0,0.043478260869565216
40,0.0,0.0,0.1724137931034483,0.0,0.0,0.0
41,0.0,0.0,0.10344827586206898,0.0,0.0,0.08695652173913043
42,0.0,0.0,0.10344827586206898,0.0,0.0,0.08695652173913043
43,0.0,0.0,0.1724137931034483,0.0,0.0,0.0
44,0.0,0.0,0.06896551724137932,0.0,0.0,0.13043478260869565
45,0.0,0.0,0.10344827586206898,0.0,0.0,0.08695652173913043
46,0.9615384615384617,0.8164965809277263,0.9655172413793105,0.5,0.6666666666666666,0.9565217391304347
47,0.0,0.0,0.13793103448275865,0.0,0.0,0.043478260869565216
48,0.0,0.0,0.13793103448275865,0.0,0.0,0.043478260869565216
49,0.0,0.0,0.0,0.0,0.0,0.21739130434782608
54,0.5208333333333334,0.28284271247461906,0.20689655172413798,0.041666666666666664,0.08,0.0
