4,0.65021242417965,1.0,1.0,1.0,1.0,0.0
8,0.65021242417965,1.0,1.0,1.0,1.0,0.0
9,0.65021242417965,1.0,1.0,1.0,1.0,0.0
10,0.65021242417965,1.0,1.0,1.0,1.0,0.0
11,0.65021242417965,1.0,1.0,1.0,1.0,0.0
12,0.65021242417965,1.0,1.0,1.0,1.0,0.0
13,0.65021242417965,1.0,1.0,1.0,1.0,0.0
14,1.0,0.8566314295582342,0.702777777777778,0.8780487804878049,0.9105691056910565,0.5977653631284916
17,0.2093856239511252,0.1905061933292543,0.15555555555555556,0.14203730272596837,0.1897018970189703,0.6983240223463689
18,0.0,0.0,0.0,0.0,0.0,1.0
19,0.65021242417965,1.0,1.0,1.0,1.0,0.0
20,0.65021242417965,1.0,1.0,1.0,1.0,0.0
