3,1.0,1.0,1.0,1.0,1.0,0.0
6,1.0,1.0,1.0,1.0,1.0,0.0
7,1.0,1.0,1.0,1.0,1.0,0.0
9,1.0,1.0,1.0,1.0,1.0,0.0
10,0.752851711026616,0.5515585802703821,0.5146198830409356,0.5963855421686747,0.6011904761904762,0.4642857142857143
11,0.0,0.0,0.0,0.0,0.0,1.0
12,0.0,0.0,0.04678362573099413,0.0,0.0,0.8857142857142858
13,0.0,0.0,0.0818713450292397,0.0,0.0,0.7999999999999999
14,0.0,0.0,0.08771929824561399,0.0,0.0,0.7857142857142857
15,0.0,0.0,0.09941520467836254,0.0,0.0,0.7571428571428571
16,0.0,0.0,0.13450292397660818,0.0,0.0,0.6714285714285715
17,0.0,0.0,0.14035087719298242,0.0,0.0,0.6571428571428571
18,1.0,1.0,1.0,1.0,1.0,0.0
