10,0,1.0,1.0,1.0,1.0,1.0
12,0,1.0,1.0,1.0,1.0,1.0
13,0,1.0,1.0,1.0,1.0,1.0
14,0,1.0,1.0,1.0,1.0,1.0
15,0,1.0,1.0,1.0,1.0,1.0
17,0,0.8593157114832113,0.8260869565217391,0.20946822308690013,0.8260869565217391,0.8260869565217391
18,0,0.8593157114832113,0.8260869565217391,0.20946822308690013,0.8260869565217391,0.8260869565217391
19,0,0.0,0.0,0.0,0.0,0.0
20,0,0.0,0.0,0.0,0.0,0.0
21,0,0.0,0.0,0.0,0.0,0.0
23,0,0.8593157114832113,0.8260869565217391,0.20946822308690013,0.8260869565217391,0.8260869565217391
24,0,0.8593157114832113,0.8260869565217391,0.20946822308690013,0.8260869565217391,0.8260869565217391
26,0,1.0,1.0,1.0,1.0,1.0
30,0,1.0,1.0,1.0,1.0,1.0
