7,0.0,0.0,0.0,0.0,0.0,0.0
8,0.0,0.0,0.0,0.0,0.0,0.0
12,0.0,0.0,0.0,0.0,0.0,0.0
13,0.0,0.0,0.0,0.0,0.0,0.0
14,0.0,0.0,0.0,0.0,0.0,0.0
15,0.0,0.0,0.0,0.0,0.0,0.0
16,0.0,0.0,0.0,0.0,0.0,0.0
17,0.0,0.0,0.0,0.0,0.0,0.0
18,0.14634146341463442,0.1363389007477838,0.16666666666666688,0.12500000000000028,0.12698412698412676,0.16666666666666685
19,0.14634146341463442,0.1363389007477838,0.16666666666666688,0.12500000000000028,0.12698412698412676,0.16666666666666685
20,0.14634146341463442,0.1363389007477838,0.16666666666666688,0.12500000000000028,0.12698412698412676,0.16666666666666685
21,0.14634146341463442,0.1363389007477838,0.16666666666666688,0.12500000000000028,0.12698412698412676,0.16666666666666685
22,0.14634146341463442,0.1363389007477838,0.16666666666666688,0.12500000000000028,0.12698412698412676,0.16666666666666685
23,0.14634146341463442,0.1363389007477838,0.16666666666666688,0.12500000000000028,0.12698412698412676,0.16666666666666685
24,0.14634146341463442,0.1363389007477838,0.16666666666666688,0.12500000000000028,0.12698412698412676,0.16666666666666685
25,0.14634146341463442,0.1363389007477838,0.16666666666666688,0.12500000000000028,0.12698412698412676,0.16666666666666685
28,0.14634146341463442,0.1363389007477838,0.16666666666666688,0.12500000000000028,0.12698412698412676,0.16666666666666685
30,0.0,0.0,0.0,0.0,0.0,0.0
31,0.0,0.0,0.0,0.0,0.0,0.0
32,0.0,0.0,0.0,0.0,0.0,0.0
33,0.0,0.0,0.0,0.0,0.0,0.0
35,0.0,0.0,0.0,0.0,0.0,0.0
36,1.0,1.0,1.0,1.0,1.0,1.0
37,1.0,1.0,1.0,1.0,1.0,1.0
38,1.0,1.0,1.0,1.0,1.0,1.0
42,0.0,0.0,0.0,0.0,0.0,0.0
