3,0,1.0,1.0,1.0,1.0,1.0
4,0,1.0,1.0,1.0,1.0,1.0
6,0,1.0,1.0,1.0,1.0,1.0
7,0,1.0,1.0,1.0,1.0,1.0
8,0,1.0,1.0,1.0,1.0,1.0
9,0,1.0,1.0,1.0,1.0,1.0
10,0,1.0,1.0,1.0,1.0,1.0
11,0,1.0,1.0,1.0,1.0,1.0
13,0,1.0,1.0,1.0,1.0,1.0
14,0,1.0,1.0,1.0,1.0,1.0
15,0,0.9414421184966785,0.92,0.46358907672301686,0.92,0.92
16,0,0.8808277058940347,0.84,0.21163849154746422,0.8400000000000001,0.8400000000000001
17,0,0.8808277058940347,0.84,0.21163849154746422,0.8400000000000001,0.8400000000000001
21,0,1.0,1.0,1.0,1.0,1.0
22,0,0.0,0.0,0.0,0.0,0.0
23,0,0.0,0.0,0.0,0.0,0.0
26,0,0.8179235532432059,0.76,0.12765496315561334,0.7599999999999999,0.7599999999999999
27,0,0.8179235532432059,0.76,0.12765496315561334,0.7599999999999999,0.7599999999999999
28,0,0.8179235532432059,0.76,0.12765496315561334,0.7599999999999999,0.7599999999999999
29,0,0.75244873092489,0.68,0.0856631989596879,0.6799999999999999,0.6799999999999999
30,0,0.75244873092489,0.68,0.0856631989596879,0.6799999999999999,0.6799999999999999
31,0,0.75244873092489,0.68,0.0856631989596879,0.6799999999999999,0.6799999999999999
33,0,0.75244873092489,0.68,0.0856631989596879,0.6799999999999999,0.6799999999999999
34,0,0.75244873092489,0.68,0.0856631989596879,0.6799999999999999,0.6799999999999999
35,0,0.75244873092489,0.68,0.0856631989596879,0.6799999999999999,0.6799999999999999
36,0,0.75244873092489,0.68,0.0856631989596879,0.6799999999999999,0.6799999999999999
39,0,0.8179235532432059,0.76,0.12765496315561334,0.7599999999999999,0.7599999999999999
40,0,0.8179235532432059,0.76,0.12765496315561334,0.7599999999999999,0.7599999999999999
41,0,0.8179235532432059,0.76,0.12765496315561334,0.7599999999999999,0.7599999999999999
42,0,0.8179235532432059,0.76,0.12765496315561334,0.7599999999999999,0.7599999999999999
43,0,0.8179235532432059,0.76,0.12765496315561334,0.7599999999999999,0.7599999999999999
44,0,0.8179235532432059,0.76,0.12765496315561334,0.7599999999999999,0.7599999999999999
45,0,0.8179235532432059,0.76,0.12765496315561334,0.7599999999999999,0.7599999999999999
47,0,0.8179235532432059,0.76,0.12765496315561334,0.7599999999999999,0.7599999999999999
48,0,0.8179235532432059,0.76,0.12765496315561334,0.7599999999999999,0.7599999999999999
52,0,0.8179235532432059,0.76,0.12765496315561334,0.7599999999999999,0.7599999999999999
53,0,0.8179235532432059,0.76,0.12765496315561334,0.7599999999999999,0.7599999999999999
54,0,0.8179235532432059,0.76,0.12765496315561334,0.7599999999999999,0.7599999999999999
55,0,0.8179235532432059,0.76,0.12765496315561334,0.7599999999999999,0.7599999999999999
56,0,0.8179235532432059,0.76,0.12765496315561334,0.7599999999999999,0.7599999999999999
57,0,0.8179235532432059,0.76,0.12765496315561334,0.7599999999999999,0.7599999999999999
58,0,0.8179235532432059,0.76,0.12765496315561334,0.7599999999999999,0.7599999999999999
59,0,0.8179235532432059,0.76,0.12765496315561334,0.7599999999999999,0.7599999999999999
62,0,0.8179235532432059,0.76,0.12765496315561334,0.7599999999999999,0.7599999999999999
65,0,0.8179235532432059,0.76,0.12765496315561334,0.7599999999999999,0.7599999999999999
66,0,0.8179235532432059,0.76,0.12765496315561334,0.7599999999999999,0.7599999999999999
67,0,0.8179235532432059,0.76,0.12765496315561334,0.7599999999999999,0.7599999999999999
68,0,0.8179235532432059,0.76,0.12765496315561334,0.7599999999999999,0.7599999999999999
69,0,0.8179235532432059,0.76,0.12765496315561334,0.7599999999999999,0.7599999999999999
72,0,0.8179235532432059,0.76,0.12765496315561334,0.7599999999999999,0.7599999999999999
75,0,0.8179235532432059,0.76,0.12765496315561334,0.7599999999999999,0.7599999999999999
