2,0,1.0,1.0,1.0,1.0,1.0
3,0,1.0,1.0,1.0,1.0,1.0
4,0,1.0,1.0,1.0,1.0,1.0
5,0,1.0,1.0,1.0,1.0,1.0
6,0,1.0,1.0,1.0,1.0,1.0
7,0,0.8992714554389185,0.875,0.29577464788732394,0.8749999999999998,0.8749999999999998
8,0,0.0,0.0,0.0,0.0,0.0
9,0,0.0,0.0,0.0,0.0,0.0
11,0,0.6447095468077446,0.5833333333333334,0.05915492957746479,0.5833333333333333,0.5833333333333333
13,0,1.0,1.0,1.0,1.0,1.0
14,0,0.0,0.0,0.0,0.0,0.0
16,0,0.5658262487936979,0.5,0.04225352112676056,0.49999999999999994,0.49999999999999994
18,0,1.0,1.0,1.0,1.0,1.0
