7,0.897163120567376,0.9536802349750054,0.9843749999999999,0.8850574712643676,0.9172413793103449,0.0
13,0.897163120567376,0.9536802349750054,0.9843749999999999,0.8850574712643676,0.9172413793103449,0.0
14,0.897163120567376,0.9536802349750054,0.9843749999999999,0.8850574712643676,0.9172413793103449,0.0
15,0.897163120567376,0.9536802349750054,0.9843749999999999,0.8850574712643676,0.9172413793103449,0.0
16,0.897163120567376,0.9536802349750054,0.9843749999999999,0.8850574712643676,0.9172413793103449,0.0
17,0.897163120567376,0.9536802349750054,0.9843749999999999,0.8850574712643676,0.9172413793103449,0.0
18,0.897163120567376,0.9536802349750054,0.9843749999999999,0.8850574712643676,0.9172413793103449,0.0
19,0.897163120567376,0.9536802349750054,0.9843749999999999,0.8850574712643676,0.9172413793103449,0.0
20,0.897163120567376,0.9536802349750054,0.9843749999999999,0.8850574712643676,0.9172413793103449,0.0
21,0.897163120567376,0.9536802349750054,0.9843749999999999,0.8850574712643676,0.9172413793103449,0.0
22,0.897163120567376,0.9536802349750054,0.9843749999999999,0.8850574712643676,0.9172413793103449,0.0
23,1.0,1.0,1.0,1.0,1.0,0.18181818181818188
24,1.0,1.0,1.0,1.0,1.0,0.18181818181818188
26,0.897163120567376,0.9536802349750054,0.9843749999999999,0.8850574712643676,0.9172413793103449,0.0
27,1.0,1.0,1.0,1.0,1.0,0.18181818181818188
28,1.0,1.0,1.0,1.0,1.0,0.18181818181818188
32,0.0,0.0,0.0,0.0,0.0,1.0
33,0.0,0.0,0.0,0.0,0.0,1.0
34,0.0,0.0,0.0,0.0,0.0,1.0
37,0.897163120567376,0.9536802349750054,0.9843749999999999,0.8850574712643676,0.9172413793103449,0.0
40,0.897163120567376,0.9536802349750054,0.9843749999999999,0.8850574712643676,0.9172413793103449,0.0
