11,0.7011494252873565,0.7977240352174655,0.802469135802469,0.42857142857142855,0.45454545454545453,0.1578947368421052
13,0.7011494252873565,0.7977240352174655,0.802469135802469,0.42857142857142855,0.45454545454545453,0.1578947368421052
14,0.6161616161616162,0.5,0.419753086419753,0.32142857142857145,0.3448275862068965,0.2368421052631578
16,0.6161616161616162,0.5,0.419753086419753,0.32142857142857145,0.3448275862068965,0.2368421052631578
19,0.7176470588235295,0.816496580927726,0.8271604938271605,0.45000000000000007,0.47619047619047616,0.2631578947368422
21,0.7176470588235295,0.816496580927726,0.8271604938271605,0.45000000000000007,0.47619047619047616,0.2631578947368422
22,0.7176470588235295,0.816496580927726,0.8271604938271605,0.45000000000000007,0.47619047619047616,0.2631578947368422
23,0.7176470588235295,0.816496580927726,0.8271604938271605,0.45000000000000007,0.47619047619047616,0.2631578947368422
24,0.7349397590361446,0.8366600265340755,0.8518518518518517,0.47368421052631576,0.5,0.3684210526315789
25,0.7349397590361446,0.8366600265340755,0.8518518518518517,0.47368421052631576,0.5,0.3684210526315789
26,0.7721518987341773,0.6236095644623235,0.5432098765432098,0.5,0.5263157894736842,0.2894736842105263
28,0.7439024390243903,0.8473185457363233,0.8641975308641975,0.4864864864864865,0.5128205128205128,0.4210526315789474
31,0.7176470588235295,0.816496580927726,0.8271604938271605,0.45000000000000007,0.47619047619047616,0.2631578947368422
32,0.7176470588235295,0.816496580927726,0.8271604938271605,0.45000000000000007,0.47619047619047616,0.2631578947368422
34,0.0,0.0,0.1481481481481481,0.0,0.0,0.15789473684210525
37,0.7176470588235295,0.816496580927726,0.8271604938271605,0.45000000000000007,0.47619047619047616,0.2631578947368422
39,0.7176470588235295,0.816496580927726,0.8271604938271605,0.45000000000000007,0.47619047619047616,0.2631578947368422
40,0.7176470588235295,0.816496580927726,0.8271604938271605,0.45000000000000007,0.47619047619047616,0.2631578947368422
41,0.7176470588235295,0.816496580927726,0.8271604938271605,0.45000000000000007,0.47619047619047616,0.2631578947368422
42,0.7625000000000001,0.86991767240168,0.8888888888888886,0.5142857142857143,0.5405405405405406,0.5263157894736841
43,0.7625000000000001,0.86991767240168,0.8888888888888886,0.5142857142857143,0.5405405405405406,0.5263157894736841
44,0.7625000000000001,0.86991767240168,0.8888888888888886,0.5142857142857143,0.5405405405405406,0.5263157894736841
46,1.0,0.8819171036881969,0.6543209876543209,1.0,1.0,0.7631578947368419
49,0.7176470588235295,0.816496580927726,0.8271604938271605,0.45000000000000007,0.47619047619047616,0.2631578947368422
50,0.8133333333333336,0.9354143466934853,0.9506172839506171,0.6,0.625,0.7894736842105263
52,0.7011494252873565,0.5640760748177662,0.4938271604938271,0.4090909090909091,0.43478260869565216,0.0789473684210526
53,0.0,0.0,0.02469135802469137,0.0,0.0,0.6842105263157893
55,0.859154929577465,0.7071067811865475,0.5925925925925926,0.6428571428571429,0.6666666666666666,0.5
58,0.7176470588235295,0.816496580927726,0.8271604938271605,0.45000000000000007,0.47619047619047616,0.2631578947368422
60,0.7176470588235295,0.816496580927726,0.8271604938271605,0.45000000000000007,0.47619047619047616,0.2631578947368422
61,0.7176470588235295,0.816496580927726,0.8271604938271605,0.45000000000000007,0.47619047619047616,0.2631578947368422
62,0.7176470588235295,0.816496580927726,0.8271604938271605,0.45000000000000007,0.47619047619047616,0.2631578947368422
63,0.7625000000000001,0.86991767240168,0.8888888888888886,0.5142857142857143,0.5405405405405406,0.5263157894736841
64,0.7625000000000001,0.86991767240168,0.8888888888888886,0.5142857142857143,0.5405405405405406,0.5263157894736841
65,0.9104477611940298,0.7637626158259734,0.6172839506172838,0.75,0.7692307692307693,0.6052631578947367
66,0.7721518987341773,0.8819171036881969,0.9012345679012344,0.5294117647058824,0.5555555555555555,0.5789473684210527
67,0.0,0.0,0.0,0.0,0.0,0.7894736842105262
69,0.782051282051282,0.8944271909999159,0.9135802469135801,0.5454545454545455,0.5714285714285714,0.6315789473684211
70,0.8243243243243245,0.9503819266229829,0.9629629629629628,0.6206896551724138,0.6451612903225806,0.8421052631578946
72,0.6853932584269664,0.5516772843673704,0.4814814814814814,0.391304347826087,0.41666666666666663,0.026315789473684244
76,0.7176470588235295,0.816496580927726,0.8271604938271605,0.45000000000000007,0.47619047619047616,0.2631578947368422
77,0.0,0.0,0.16049382716049382,0.0,0.0,0.10526315789473684
79,0.7261904761904763,0.8263938705413373,0.839506172839506,0.46153846153846156,0.4878048780487805,0.3157894736842104
80,0.7530864197530865,0.858395075278952,0.8765432098765432,0.5,0.5263157894736842,0.4736842105263156
82,0.859154929577465,1.0,1.0,0.6923076923076924,0.7142857142857142,1.0
85,0.7176470588235295,0.816496580927726,0.8271604938271605,0.45000000000000007,0.47619047619047616,0.2631578947368422
87,0.7176470588235295,0.816496580927726,0.8271604938271605,0.45000000000000007,0.47619047619047616,0.2631578947368422
88,0.7176470588235295,0.816496580927726,0.8271604938271605,0.45000000000000007,0.47619047619047616,0.2631578947368422
89,0.7176470588235295,0.816496580927726,0.8271604938271605,0.45000000000000007,0.47619047619047616,0.2631578947368422
90,0.7349397590361446,0.8366600265340755,0.8518518518518517,0.47368421052631576,0.5,0.3684210526315789
91,0.7349397590361446,0.8366600265340755,0.8518518518518517,0.47368421052631576,0.5,0.3684210526315789
92,0.7176470588235295,0.5773502691896257,0.5061728395061728,0.42857142857142855,0.45454545454545453,0.1315789473684211
93,0.8243243243243245,0.9503819266229829,0.9629629629629628,0.6206896551724138,0.6451612903225806,0.8421052631578946
94,1.0,0.8819171036881969,0.6543209876543209,1.0,1.0,0.7631578947368419
96,0.5922330097087379,0.4830458915396479,0.39506172839506165,0.3,0.3225806451612903,0.3421052631578948
97,0.6703296703296704,0.5400617248673217,0.4691358024691357,0.375,0.39999999999999997,0.026315789473684112
99,0.6288659793814434,0.5091750772173156,0.43209876543209874,0.3333333333333333,0.3571428571428571,0.18421052631578932
103,0.7176470588235295,0.816496580927726,0.8271604938271605,0.45000000000000007,0.47619047619047616,0.2631578947368422
104,0.5495495495495496,0.45374260648651504,0.345679012345679,0.2647058823529412,0.2857142857142857,0.5526315789473683
106,0.7530864197530865,0.858395075278952,0.8765432098765432,0.5,0.5263157894736842,0.4736842105263156
109,0.6777777777777778,0.7718449849879597,0.7654320987654321,0.4,0.42553191489361697,0.0
112,0.6777777777777778,0.7718449849879597,0.7654320987654321,0.4,0.42553191489361697,0.0
113,0.6777777777777778,0.7718449849879597,0.7654320987654321,0.4,0.42553191489361697,0.0
114,0.6777777777777778,0.7718449849879597,0.7654320987654321,0.4,0.42553191489361697,0.0
115,0.6777777777777778,0.7718449849879597,0.7654320987654321,0.4,0.42553191489361697,0.0
116,0.6777777777777778,0.7718449849879597,0.7654320987654321,0.4,0.42553191489361697,0.0
118,0.6777777777777778,0.7718449849879597,0.7654320987654321,0.4,0.42553191489361697,0.0
119,0.6777777777777778,0.7718449849879597,0.7654320987654321,0.4,0.42553191489361697,0.0
120,0.6777777777777778,0.7718449849879597,0.7654320987654321,0.4,0.42553191489361697,0.0
121,0.6421052631578947,0.5188745216627708,0.4444444444444444,0.3461538461538462,0.37037037037037035,0.1315789473684211
124,0.7176470588235295,0.816496580927726,0.8271604938271605,0.45000000000000007,0.47619047619047616,0.2631578947368422
125,0.7176470588235295,0.816496580927726,0.8271604938271605,0.45000000000000007,0.47619047619047616,0.2631578947368422
127,0.7176470588235295,0.816496580927726,0.8271604938271605,0.45000000000000007,0.47619047619047616,0.2631578947368422
128,0.7176470588235295,0.816496580927726,0.8271604938271605,0.45000000000000007,0.47619047619047616,0.2631578947368422
129,0.7176470588235295,0.816496580927726,0.8271604938271605,0.45000000000000007,0.47619047619047616,0.2631578947368422
130,0.7176470588235295,0.816496580927726,0.8271604938271605,0.45000000000000007,0.47619047619047616,0.2631578947368422
131,0.7176470588235295,0.816496580927726,0.8271604938271605,0.45000000000000007,0.47619047619047616,0.2631578947368422
132,0.603960396039604,0.4913036844405174,0.40740740740740733,0.3103448275862069,0.3333333333333333,0.2894736842105263
135,0.6777777777777778,0.7718449849879597,0.7654320987654321,0.4,0.42553191489361697,0.0
136,0.6777777777777778,0.7718449849879597,0.7654320987654321,0.4,0.42553191489361697,0.0
