4,0.5454545454545454,0.5107539184552491,0.7910447761194028,0.13636363636363638,0.17391304347826086,0.0
5,0.5454545454545454,0.5107539184552491,0.7910447761194028,0.13636363636363638,0.17391304347826086,0.0
6,0.5454545454545454,0.5107539184552491,0.7910447761194028,0.13636363636363638,0.17391304347826086,0.0
7,0.5454545454545454,0.5107539184552491,0.7910447761194028,0.13636363636363638,0.17391304347826086,0.0
8,0.5454545454545454,0.5107539184552491,0.7910447761194028,0.13636363636363638,0.17391304347826086,0.0
9,0.5454545454545454,0.5107539184552491,0.7910447761194028,0.13636363636363638,0.17391304347826086,0.0
10,0.5454545454545454,0.5107539184552491,0.7910447761194028,0.13636363636363638,0.17391304347826086,0.0
12,0.5454545454545454,0.5107539184552491,0.7910447761194028,0.13636363636363638,0.17391304347826086,0.0
13,0.6486486486486487,0.6123724356957945,1.0,0.2,0.25,0.7000000000000002
14,0.5454545454545454,0.5107539184552491,0.7910447761194028,0.13636363636363638,0.17391304347826086,0.0
15,0.6399999999999999,0.6030226891555271,0.9850746268656717,0.1935483870967742,0.24242424242424243,0.6499999999999999
16,0.5454545454545454,0.5107539184552491,0.7910447761194028,0.13636363636363638,0.17391304347826086,0.0
17,0.43636363636363634,0.29704426289300223,0.28358208955223885,0.08823529411764706,0.11428571428571428,0.55
20,0.5454545454545454,0.5107539184552491,0.7910447761194028,0.13636363636363638,0.17391304347826086,0.0
22,0.6486486486486487,0.43301270189221924,0.5522388059701493,0.1875,0.23529411764705882,0.3500000000000001
23,0.6486486486486487,0.43301270189221924,0.5522388059701493,0.1875,0.23529411764705882,0.3500000000000001
25,0.4705882352941176,0.31622776601683783,0.34328358208955223,0.1,0.12903225806451613,0.3499999999999999
27,0.0,0.0,0.029850746268656723,0.0,0.0,0.25
28,0.0,0.0,0.029850746268656723,0.0,0.0,0.25
30,0.5217391304347826,0.3464101615137754,0.417910447761194,0.12000000000000001,0.15384615384615385,0.09999999999999991
32,0.0,0.0,0.04477611940298507,0.0,0.0,0.2
33,0.0,0.0,0.04477611940298507,0.0,0.0,0.2
35,0.5714285714285714,0.3779644730092272,0.47761194029850745,0.14285714285714285,0.18181818181818182,0.10000000000000003
37,0.0,0.0,0.04477611940298507,0.0,0.0,0.2
38,0.0,0.0,0.04477611940298507,0.0,0.0,0.2
40,0.631578947368421,0.4200840252084028,0.5373134328358208,0.17647058823529413,0.2222222222222222,0.3
42,0.0,0.0,0.04477611940298507,0.0,0.0,0.2
43,0.0,0.0,0.04477611940298507,0.0,0.0,0.2
45,0.7058823529411764,0.48038446141526137,0.5970149253731344,0.23076923076923078,0.2857142857142857,0.5000000000000001
47,0.0,0.0,0.07462686567164178,0.0,0.0,0.1
48,0.0,0.0,0.07462686567164178,0.0,0.0,0.1
50,0.7499999999999999,0.5222329678670934,0.6268656716417911,0.27272727272727276,0.3333333333333333,0.6
52,0.0,0.0,0.08955223880597014,0.0,0.0,0.05
53,0.0,0.0,0.08955223880597014,0.0,0.0,0.05
55,0.7741935483870966,0.5477225575051661,0.6417910447761194,0.30000000000000004,0.36363636363636365,0.6499999999999999
57,1.0,1.0,0.746268656716418,1.0,1.0,1.0
58,1.0,1.0,0.746268656716418,1.0,1.0,1.0
60,0.0,0.0,0.0,0.0,0.0,0.35000000000000003
62,0.0,0.0,0.08955223880597014,0.0,0.0,0.05
63,0.0,0.0,0.08955223880597014,0.0,0.0,0.05
65,0.0,0.0,0.014925373134328361,0.0,0.0,0.3
67,0.0,0.0,0.04477611940298507,0.0,0.0,0.2
68,0.0,0.0,0.04477611940298507,0.0,0.0,0.2
