3,0.8352941176470594,0.83479539490928,0.6597156398104266,0.860201854882706,0.8811892130857648,0.673913043478261
5,0.6634615384615387,0.936845236526838,1.0,0.7259478413324567,0.7615020912893253,0.0
7,0.6634615384615387,0.936845236526838,1.0,0.7259478413324567,0.7615020912893253,0.0
8,0.6634615384615387,0.936845236526838,1.0,0.7259478413324567,0.7615020912893253,0.0
9,0.0,0.0,0.0,0.0,0.0,1.0
11,0.8679245283018869,1.0,0.875829383886256,1.0,1.0,1.0
12,0.8679245283018869,1.0,0.875829383886256,1.0,1.0,1.0
13,0.8679245283018869,1.0,0.875829383886256,1.0,1.0,1.0
14,0.8679245283018869,1.0,0.875829383886256,1.0,1.0,1.0
15,0.8679245283018869,1.0,0.875829383886256,1.0,1.0,1.0
16,0.8352941176470594,0.83479539490928,0.6597156398104266,0.860201854882706,0.8811892130857648,0.673913043478261
18,0.8679245283018869,1.0,0.875829383886256,1.0,1.0,1.0
19,1.0,0.36234438420993603,0.0919431279620853,0.4066627816627816,0.4523931623931624,0.32608695652173914
21,0.8352941176470594,0.83479539490928,0.6597156398104266,0.860201854882706,0.8811892130857648,0.673913043478261
23,0.6634615384615387,0.936845236526838,1.0,0.7259478413324567,0.7615020912893253,0.0
