3,0.10964912280701743,1.0,1.0,1.0,1.0,0.0
5,0.10964912280701743,1.0,1.0,1.0,1.0,0.0
6,0.10964912280701743,1.0,1.0,1.0,1.0,0.0
7,0.10964912280701743,1.0,1.0,1.0,1.0,0.0
9,0.10964912280701743,1.0,1.0,1.0,1.0,0.0
10,0.10964912280701743,1.0,1.0,1.0,1.0,0.0
12,0.10964912280701743,1.0,1.0,1.0,1.0,0.0
14,0.10964912280701743,1.0,1.0,1.0,1.0,0.0
16,0.0,0.680604391162848,0.7682926829268292,0.6470588235294118,0.6740196078431374,0.9999999999999992
19,1.0,0.0,0.0,0.0,0.0,1.0
20,0.10964912280701743,1.0,1.0,1.0,1.0,0.0
