7,0.7222222222222222,0.950381926622983,0.967032967032967,0.691358024691358,0.7311827956989246,0.0
8,0.7222222222222222,0.950381926622983,0.967032967032967,0.691358024691358,0.7311827956989246,0.0
10,0.7222222222222222,0.950381926622983,0.967032967032967,0.691358024691358,0.7311827956989246,0.0
11,0.7222222222222222,0.950381926622983,0.967032967032967,0.691358024691358,0.7311827956989246,0.0
12,0.7222222222222222,0.950381926622983,0.967032967032967,0.691358024691358,0.7311827956989246,0.0
14,0.6610169491525424,0.7637626158259734,0.6923076923076923,0.56,0.6071428571428571,0.5172413793103446
15,0.6610169491525424,0.7637626158259734,0.6923076923076923,0.56,0.6071428571428571,0.5172413793103446
16,0.6610169491525424,0.7637626158259734,0.6923076923076923,0.56,0.6071428571428571,0.5172413793103446
18,0.7647058823529412,1.0,1.0,0.7777777777777778,0.8095238095238094,0.413793103448276
19,0.7647058823529412,1.0,1.0,0.7777777777777778,0.8095238095238094,0.413793103448276
20,0.7647058823529412,1.0,1.0,0.7777777777777778,0.8095238095238094,0.413793103448276
22,0.7222222222222222,0.950381926622983,0.967032967032967,0.691358024691358,0.7311827956989246,0.0
23,0.7222222222222222,0.950381926622983,0.967032967032967,0.691358024691358,0.7311827956989246,0.0
24,0.7222222222222222,0.950381926622983,0.967032967032967,0.691358024691358,0.7311827956989246,0.0
25,0.7222222222222222,0.950381926622983,0.967032967032967,0.691358024691358,0.7311827956989246,0.0
27,0.7222222222222222,0.950381926622983,0.967032967032967,0.691358024691358,0.7311827956989246,0.0
31,0.0,0.0,0.03296703296703297,0.0,0.0,0.0
32,0.7222222222222222,0.950381926622983,0.967032967032967,0.691358024691358,0.7311827956989246,0.0
34,0.7222222222222222,0.950381926622983,0.967032967032967,0.691358024691358,0.7311827956989246,0.0
38,0.7222222222222222,0.950381926622983,0.967032967032967,0.691358024691358,0.7311827956989246,0.0
39,0.46987951807228917,0.3415650255319866,0.1868131868131868,0.27450980392156865,0.31481481481481477,0.9999999999999998
40,0.46987951807228917,0.3415650255319866,0.1868131868131868,0.27450980392156865,0.31481481481481477,0.9999999999999998
41,0.46987951807228917,0.3415650255319866,0.1868131868131868,0.27450980392156865,0.31481481481481477,0.9999999999999998
42,0.8796992481203008,0.9921567416492215,0.8131868131868132,1.0,1.0,1.0
43,0.7222222222222222,0.950381926622983,0.967032967032967,0.691358024691358,0.7311827956989246,0.0
44,0.8297872340425533,0.7637626158259735,0.5384615384615384,0.7777777777777778,0.8095238095238094,0.4827586206896552
45,0.0,0.0,0.0,0.0,0.0,0.4137931034482758
46,0.0,0.0,0.0,0.0,0.0,0.4137931034482758
48,0.8297872340425533,0.7637626158259735,0.5384615384615384,0.7777777777777778,0.8095238095238094,0.4827586206896552
49,0.8297872340425533,0.5400617248673218,0.2857142857142857,0.5833333333333334,0.6296296296296295,0.2413793103448276
50,0.8297872340425533,0.5400617248673218,0.2857142857142857,0.5833333333333334,0.6296296296296295,0.2413793103448276
51,0.8297872340425533,0.5400617248673218,0.2857142857142857,0.5833333333333334,0.6296296296296295,0.2413793103448276
52,0.8297872340425533,0.5400617248673218,0.2857142857142857,0.5833333333333334,0.6296296296296295,0.2413793103448276
54,0.8297872340425533,0.5400617248673218,0.2857142857142857,0.5833333333333334,0.6296296296296295,0.2413793103448276
55,0.8297872340425533,0.5400617248673218,0.2857142857142857,0.5833333333333334,0.6296296296296295,0.2413793103448276
56,0.8297872340425533,0.5400617248673218,0.2857142857142857,0.5833333333333334,0.6296296296296295,0.2413793103448276
57,0.8297872340425533,0.5400617248673218,0.2857142857142857,0.5833333333333334,0.6296296296296295,0.2413793103448276
60,0.7647058823529412,1.0,1.0,0.7777777777777778,0.8095238095238094,0.413793103448276
61,1.0,0.6614378277661477,0.3076923076923077,0.7777777777777778,0.8095238095238094,0.5172413793103448
62,1.0,0.6614378277661477,0.3076923076923077,0.7777777777777778,0.8095238095238094,0.5172413793103448
64,0.7090909090909092,0.8100925873009827,0.7252747252747253,0.6363636363636364,0.6799999999999999,0.103448275862069
65,0.7090909090909092,0.8100925873009827,0.7252747252747253,0.6363636363636364,0.6799999999999999,0.103448275862069
67,0.7090909090909092,0.8100925873009827,0.7252747252747253,0.6363636363636364,0.6799999999999999,0.103448275862069
68,0.7090909090909092,0.8100925873009827,0.7252747252747253,0.6363636363636364,0.6799999999999999,0.103448275862069
69,0.7090909090909092,0.8100925873009827,0.7252747252747253,0.6363636363636364,0.6799999999999999,0.103448275862069
70,0.7090909090909092,0.8100925873009827,0.7252747252747253,0.6363636363636364,0.6799999999999999,0.103448275862069
71,0.7090909090909092,0.8100925873009827,0.7252747252747253,0.6363636363636364,0.6799999999999999,0.103448275862069
72,0.7090909090909092,0.8100925873009827,0.7252747252747253,0.6363636363636364,0.6799999999999999,0.103448275862069
73,0.7267080745341616,0.8275159265510559,0.7362637362637362,0.6666666666666666,0.7083333333333333,0.03448275862068981
74,0.7267080745341616,0.8275159265510559,0.7362637362637362,0.6666666666666666,0.7083333333333333,0.03448275862068981
75,0.7090909090909092,0.8100925873009827,0.7252747252747253,0.6363636363636364,0.6799999999999999,0.103448275862069
77,0.7090909090909092,0.8100925873009827,0.7252747252747253,0.6363636363636364,0.6799999999999999,0.103448275862069
78,0.7090909090909092,0.8100925873009827,0.7252747252747253,0.6363636363636364,0.6799999999999999,0.103448275862069
