4,1.0,1.0,1.0,1.0,1.0,0.0
5,1.0,1.0,1.0,1.0,1.0,0.0
7,1.0,1.0,1.0,1.0,1.0,0.0
8,1.0,1.0,1.0,1.0,1.0,0.0
9,1.0,1.0,1.0,1.0,1.0,0.0
10,1.0,1.0,1.0,1.0,1.0,0.0
11,0.9787234042553191,0.9773120734386171,0.9571428571428572,0.638888888888889,0.9583333333333333,1.0
12,0.9787234042553191,0.9773120734386171,0.9571428571428572,0.638888888888889,0.9583333333333333,1.0
13,0.0,0.0,0.0,0.0,0.0,0.0
15,0.9787234042553191,0.9773120734386171,0.9571428571428572,0.638888888888889,0.9583333333333333,1.0
17,1.0,1.0,1.0,1.0,1.0,0.0
18,1.0,1.0,1.0,1.0,1.0,0.0
20,1.0,1.0,1.0,1.0,1.0,0.0
