3,0,1.0,1.0,1.0,1.0,1.0
5,0,1.0,1.0,1.0,1.0,1.0
6,0,1.0,1.0,1.0,1.0,1.0
8,0,1.0,1.0,1.0,1.0,1.0
9,0,1.0,1.0,1.0,1.0,1.0
10,0,1.0,1.0,1.0,1.0,1.0
11,0,1.0,1.0,1.0,1.0,1.0
12,0,1.0,1.0,1.0,1.0,1.0
13,0,1.0,1.0,1.0,1.0,1.0
15,0,0.9428090415820635,0.8888888888888888,0.4444444444444444,0.8888888888888888,0.8888888888888888
17,0,0.9128709291752769,0.8333333333333334,0.2777777777777778,0.8333333333333334,0.8333333333333334
19,0,0.8819171036881969,0.7777777777777778,0.19444444444444445,0.7777777777777778,0.7777777777777778
20,0,0.8819171036881969,0.7777777777777778,0.19444444444444445,0.7777777777777778,0.7777777777777778
22,0,0.8819171036881969,0.7777777777777778,0.19444444444444445,0.7777777777777778,0.7777777777777778
23,0,0.8819171036881969,0.7777777777777778,0.19444444444444445,0.7777777777777778,0.7777777777777778
24,0,0.8819171036881969,0.7777777777777778,0.19444444444444445,0.7777777777777778,0.7777777777777778
27,0,0.6666666666666666,0.4444444444444444,0.044444444444444446,0.4444444444444444,0.4444444444444444
30,0,0.3333333333333333,0.1111111111111111,0.006944444444444444,0.1111111111111111,0.1111111111111111
32,0,0.9428090415820635,0.8888888888888888,0.4444444444444444,0.8888888888888888,0.8888888888888888
34,0,0.8498365855987974,0.7222222222222222,0.14444444444444446,0.7222222222222222,0.7222222222222222
36,0,0.816496580927726,0.6666666666666666,0.1111111111111111,0.6666666666666666,0.6666666666666666
37,0,0.816496580927726,0.6666666666666666,0.1111111111111111,0.6666666666666666,0.6666666666666666
39,0,0.816496580927726,0.6666666666666666,0.1111111111111111,0.6666666666666666,0.6666666666666666
40,0,0.816496580927726,0.6666666666666666,0.1111111111111111,0.6666666666666666,0.6666666666666666
41,0,0.816496580927726,0.6666666666666666,0.1111111111111111,0.6666666666666666,0.6666666666666666
44,0,0.0,0.0,0.0,0.0,0.0
47,0,0.23570226039551587,0.05555555555555555,0.0032679738562091504,0.05555555555555555,0.05555555555555555
49,0,0.9428090415820635,0.8888888888888888,0.4444444444444444,0.8888888888888888,0.8888888888888888
51,0,0.8498365855987974,0.7222222222222222,0.14444444444444446,0.7222222222222222,0.7222222222222222
53,0,0.816496580927726,0.6666666666666666,0.1111111111111111,0.6666666666666666,0.6666666666666666
54,0,0.816496580927726,0.6666666666666666,0.1111111111111111,0.6666666666666666,0.6666666666666666
56,0,0.816496580927726,0.6666666666666666,0.1111111111111111,0.6666666666666666,0.6666666666666666
57,0,0.816496580927726,0.6666666666666666,0.1111111111111111,0.6666666666666666,0.6666666666666666
58,0,0.816496580927726,0.6666666666666666,0.1111111111111111,0.6666666666666666,0.6666666666666666
61,0,0.47140452079103173,0.2222222222222222,0.015873015873015872,0.2222222222222222,0.2222222222222222
64,0,0.3333333333333333,0.1111111111111111,0.006944444444444444,0.1111111111111111,0.1111111111111111
66,0,0.9428090415820635,0.8888888888888888,0.4444444444444444,0.8888888888888888,0.8888888888888888
68,0,0.8498365855987974,0.7222222222222222,0.14444444444444446,0.7222222222222222,0.7222222222222222
70,0,0.816496580927726,0.6666666666666666,0.1111111111111111,0.6666666666666666,0.6666666666666666
71,0,0.816496580927726,0.6666666666666666,0.1111111111111111,0.6666666666666666,0.6666666666666666
73,0,0.7817359599705717,0.6111111111111112,0.0873015873015873,0.6111111111111112,0.6111111111111112
74,0,0.7817359599705717,0.6111111111111112,0.0873015873015873,0.6111111111111112,0.6111111111111112
75,0,0.7817359599705717,0.6111111111111112,0.0873015873015873,0.6111111111111112,0.6111111111111112
78,0,0.23570226039551587,0.05555555555555555,0.0032679738562091504,0.05555555555555555,0.05555555555555555
81,0,0.23570226039551587,0.05555555555555555,0.0032679738562091504,0.05555555555555555,0.05555555555555555
84,0,1.0,1.0,1.0,1.0,1.0
85,0,1.0,1.0,1.0,1.0,1.0
