2,0.7692307692307692,0.8271701918685112,0.9268292682926829,0.5384615384615385,0.6842105263157894,0.0
3,0.7692307692307692,0.8271701918685112,0.9268292682926829,0.5384615384615385,0.6842105263157894,0.0
4,0.7692307692307692,0.8271701918685112,0.9268292682926829,0.5384615384615385,0.6842105263157894,0.0
5,0.7692307692307692,0.8271701918685112,0.9268292682926829,0.5384615384615385,0.6842105263157894,0.0
6,0.7692307692307692,0.8271701918685112,0.9268292682926829,0.5384615384615385,0.6842105263157894,0.0
8,0.7692307692307692,0.8271701918685112,0.9268292682926829,0.5384615384615385,0.6842105263157894,0.0
9,0.0,0.0,0.0,0.0,0.0,0.8333333333333334
11,0.9523809523809523,0.9636241116594316,0.9878048780487805,0.875,0.9285714285714285,0.8333333333333333
12,0.0,0.0,0.04878048780487805,0.0,0.0,0.16666666666666666
13,0.0,0.0,0.04878048780487805,0.0,0.0,0.16666666666666666
14,0.0,0.0,0.04878048780487805,0.0,0.0,0.16666666666666666
15,0.0,0.0,0.04878048780487805,0.0,0.0,0.16666666666666666
20,1.0,1.0,1.0,1.0,1.0,1.0
21,1.0,1.0,1.0,1.0,1.0,1.0
22,1.0,1.0,1.0,1.0,1.0,1.0
23,1.0,1.0,1.0,1.0,1.0,1.0
24,1.0,1.0,1.0,1.0,1.0,1.0
25,1.0,1.0,1.0,1.0,1.0,1.0
27,1.0,1.0,1.0,1.0,1.0,1.0
28,0.9345794392523366,0.8673608331108887,0.8292682926829268,0.7291666666666667,0.8333333333333334,0.638888888888889
29,0.9345794392523366,0.8673608331108887,0.8292682926829268,0.7291666666666667,0.8333333333333334,0.638888888888889
38,0.7692307692307692,0.8271701918685112,0.9268292682926829,0.5384615384615385,0.6842105263157894,0.0
39,0.7692307692307692,0.8271701918685112,0.9268292682926829,0.5384615384615385,0.6842105263157894,0.0
