4,1.0,1.0,1.0,1.0,1.0,0.0
8,1.0,1.0,1.0,1.0,1.0,0.0
9,1.0,1.0,1.0,1.0,1.0,0.0
10,1.0,1.0,1.0,1.0,1.0,0.0
11,1.0,1.0,1.0,1.0,1.0,0.0
12,1.0,1.0,1.0,1.0,1.0,0.0
13,1.0,1.0,1.0,1.0,1.0,0.0
14,0.0,0.0,0.0,0.0,0.0,1.0
17,0.5730324054908845,0.5894540071009415,0.5535465924895688,0.4001182266009853,0.5627380339680906,0.6870229007633584
18,0.600566279680198,0.5647977522831503,0.5173852573018081,0.3780886699507389,0.5398119122257055,0.6183206106870226
19,1.0,1.0,1.0,1.0,1.0,0.0
20,1.0,1.0,1.0,1.0,1.0,0.0
