7,0.0,0.0,0.0,0.0,0.0,0.0
8,0.0,0.0,0.0,0.0,0.0,0.0
9,0.0,0.0,0.0,0.0,0.0,0.0
10,0.0,0.0,0.0,0.0,0.0,0.0
13,0.0,0.0,0.0,0.0,0.0,0.0
14,0.0,0.0,0.0,0.0,0.0,0.0
15,0.0,0.0,0.0,0.0,0.0,0.0
16,0.0,0.0,0.0,0.0,0.0,0.0
17,0.0,0.0,0.0,0.0,0.0,0.0
18,0.0,0.0,0.0,0.0,0.0,0.0
19,0.0,0.0,0.0,0.0,0.0,0.0
20,0.0,0.0,0.0,0.0,0.0,0.0
21,0.0,0.0,0.0,0.0,0.0,0.0
28,1.0,1.0,1.0,1.0,1.0,0.0
32,1.0,1.0,1.0,1.0,1.0,0.0
33,1.0,1.0,1.0,1.0,1.0,0.0
35,1.0,1.0,1.0,1.0,1.0,0.0
36,1.0,1.0,1.0,1.0,1.0,0.0
37,1.0,1.0,1.0,1.0,1.0,0.0
39,1.0,1.0,1.0,1.0,1.0,0.0
40,0.9411764705882353,0.9088664144809693,0.8825910931174089,0.8296296296296296,0.8888888888888888,0.848484848484849
41,0.9411764705882353,0.9088664144809693,0.8825910931174089,0.8296296296296296,0.8888888888888888,0.848484848484849
43,0.9714285714285714,0.9548806114731583,0.9412955465587045,0.9118773946360151,0.9444444444444443,0.4242424242424245
44,0.9271523178807947,0.8721135307871393,0.825910931174089,0.7777777777777777,0.8518518518518517,1.0
45,0.9271523178807947,0.8721135307871393,0.825910931174089,0.7777777777777777,0.8518518518518517,1.0
47,0.9896049896049897,0.9656705653860297,0.9433198380566802,0.9444444444444443,0.965432098765432,0.15151515151515185
48,0.9977728285077951,0.9415306558529416,0.8886639676113359,0.9218106995884773,0.9509043927648578,0.03030303030303105
49,0.9977728285077951,0.9415306558529416,0.8886639676113359,0.9218106995884773,0.9509043927648578,0.03030303030303105
51,0.9896049896049897,0.9656705653860297,0.9433198380566802,0.9444444444444443,0.965432098765432,0.15151515151515185
52,0.9896049896049897,0.9656705653860297,0.9433198380566802,0.9444444444444443,0.965432098765432,0.15151515151515185
53,0.9896049896049897,0.9656705653860297,0.9433198380566802,0.9444444444444443,0.965432098765432,0.15151515151515185
55,1.0,1.0,1.0,1.0,1.0,0.0
57,1.0,1.0,1.0,1.0,1.0,0.0
