3,0,1.0,1.0,1.0,1.0,1.0
6,0,1.0,1.0,1.0,1.0,1.0
7,0,1.0,1.0,1.0,1.0,1.0
8,0,1.0,1.0,1.0,1.0,1.0
9,0,1.0,1.0,1.0,1.0,1.0
10,0,1.0,1.0,1.0,1.0,1.0
11,0,0.7890097239139133,0.7777777777777778,0.4249201277955272,0.7777777777777776,0.7777777777777776
13,0,0.681316039597028,0.6666666666666666,0.24281150159744405,0.6666666666666665,0.6666666666666665
14,0,0.0,0.0,0.0,0.0,0.0
16,0,0.4612104078191021,0.4444444444444444,0.09712460063897763,0.4444444444444445,0.4444444444444445
19,0,1.0,1.0,1.0,1.0,1.0
20,0,1.0,1.0,1.0,1.0,1.0
