4,0.5585714285714286,0.9010489169759484,0.9690721649484535,0.7703125,0.8055555555555554,0.0
8,0.5585714285714286,0.9010489169759484,0.9690721649484535,0.7703125,0.8055555555555554,0.0
9,0.5585714285714286,0.9010489169759484,0.9690721649484535,0.7703125,0.8055555555555554,0.0
10,0.5585714285714286,0.9010489169759484,0.9690721649484535,0.7703125,0.8055555555555554,0.0
12,0.5585714285714286,0.9010489169759484,0.9690721649484535,0.7703125,0.8055555555555554,0.0
13,0.761389961389961,1.0,1.0,1.0,1.0,0.8750000000000001
15,0.7253333333333333,0.8552252746898606,0.8041237113402061,0.8632812500000001,0.8863636363636361,0.6249999999999997
16,0.583838383838384,0.6587859776107887,0.5979381443298969,0.6308593750000001,0.6785714285714284,0.08333333333333369
17,0.141666666666667,0.20775533459353646,0.18556701030927839,0.16601562500000003,0.1973684210526315,1.0
18,0.0,0.0,0.0,0.0,0.0,0.9583333333333335
20,1.0,0.6680151389849286,0.4432989690721649,0.8210227272727274,0.8499999999999999,0.9999999999999997
21,0.7253333333333333,0.8552252746898606,0.8041237113402061,0.8632812500000001,0.8863636363636361,0.6249999999999997
26,0.5585714285714286,0.9010489169759484,0.9690721649484535,0.7703125,0.8055555555555554,0.0
27,0.5585714285714286,0.9010489169759484,0.9690721649484535,0.7703125,0.8055555555555554,0.0
