4,0,0,0.0,0,0,1.0
6,0,0,0.0,0,0,1.0
7,0,0,0.0,0,0,1.0
8,0,0,0.0,0,0,1.0
9,0,0,0.0,0,0,1.0
10,0,0,0.0,0,0,1.0
11,0,0,0.0,0,0,1.0
13,0,0,0.0,0,0,1.0
14,0,0,0.0,0,0,1.0
17,0,0,0.0,0,0,1.0
18,0,0,0.42857142857142866,0,0,0.5714285714285714
21,0,0,0.8571428571428573,0,0,0.14285714285714285
22,0,0,0.8571428571428573,0,0,0.14285714285714285
23,0,0,0.8571428571428573,0,0,0.14285714285714285
24,0,0,0.8571428571428573,0,0,0.14285714285714285
25,0,0,0.8571428571428573,0,0,0.14285714285714285
26,0,0,0.8571428571428573,0,0,0.14285714285714285
27,0,0,0.8571428571428573,0,0,0.14285714285714285
29,0,0,0.8571428571428573,0,0,0.14285714285714285
30,0,0,1.0,0,0,0.0
32,0,0,0.8571428571428573,0,0,0.14285714285714285
34,0,0,0.8571428571428573,0,0,0.14285714285714285
36,0,0,0.8571428571428573,0,0,0.14285714285714285
