2,1.0,1.0,1.0,1.0,1.0,0.0
4,1.0,1.0,1.0,1.0,1.0,0.0
6,1.0,1.0,1.0,1.0,1.0,0.0
7,1.0,1.0,1.0,1.0,1.0,0.0
9,1.0,1.0,1.0,1.0,1.0,0.0
10,1.0,1.0,1.0,1.0,1.0,0.0
12,1.0,1.0,1.0,1.0,1.0,0.0
13,1.0,1.0,1.0,1.0,1.0,0.0
15,1.0,1.0,1.0,1.0,1.0,0.0
17,0.06722689075630209,0.1894052377751663,0.17557251908396954,0.1465517241379311,0.18909899888765294,1.0
18,0.06722689075630209,0.1894052377751663,0.17557251908396954,0.1465517241379311,0.18909899888765294,1.0
20,1.0,1.0,1.0,1.0,1.0,0.0
22,0.0,0.0,0.0,0.0,0.0,0.7777777777777777
23,0.0,0.0,0.0,0.0,0.0,0.7777777777777777
25,1.0,1.0,1.0,1.0,1.0,0.0
27,0.24489795918367305,0.03203136422992904,0.0038167938931297743,0.024630541871921173,0.03315649867374015,0.5555555555555557
28,0.24489795918367305,0.03203136422992904,0.0038167938931297743,0.024630541871921173,0.03315649867374015,0.5555555555555557
31,1.0,1.0,1.0,1.0,1.0,0.0
32,1.0,1.0,1.0,1.0,1.0,0.0
