2,0.5772283272283272,0.9504561535673208,1.0,0.7034990791896869,0.7537490134175218,0.0
4,0.5772283272283272,0.9504561535673208,1.0,0.7034990791896869,0.7537490134175218,0.0
6,0.5772283272283272,0.9504561535673208,1.0,0.7034990791896869,0.7537490134175218,0.0
7,0.5772283272283272,0.9504561535673208,1.0,0.7034990791896869,0.7537490134175218,0.0
9,0.5772283272283272,0.9504561535673208,1.0,0.7034990791896869,0.7537490134175218,0.0
12,0.5772283272283272,0.9504561535673208,1.0,0.7034990791896869,0.7537490134175218,0.0
13,0.5772283272283272,0.9504561535673208,1.0,0.7034990791896869,0.7537490134175218,0.0
15,0.554264258895047,0.8132664473949374,0.8011527377521613,0.6187845303867403,0.6767955801104972,0.0636363636363639
16,0.554264258895047,0.8132664473949374,0.8011527377521613,0.6187845303867403,0.6767955801104972,0.0636363636363639
17,0.554264258895047,0.8132664473949374,0.8011527377521613,0.6187845303867403,0.6767955801104972,0.0636363636363639
21,0.5772283272283272,0.9504561535673208,1.0,0.7034990791896869,0.7537490134175218,0.0
22,0.5772283272283272,0.9504561535673208,1.0,0.7034990791896869,0.7537490134175218,0.0
23,0.5772283272283272,0.9504561535673208,1.0,0.7034990791896869,0.7537490134175218,0.0
26,0.5972373682297343,0.8309291994523701,0.804034582132565,0.6505524861878453,0.7060259540023128,0.05454545454545436
27,0.9999999999999994,1.0,0.8270893371757926,1.0,1.0,1.0
28,0.5972373682297343,0.8309291994523701,0.804034582132565,0.6505524861878453,0.7060259540023128,0.05454545454545436
29,0.8882163034705409,0.9523418000547764,0.8213256484149856,0.8924776880577986,0.9145886217709424,0.7636363636363639
30,0.5972373682297343,0.8309291994523701,0.804034582132565,0.6505524861878453,0.7060259540023128,0.05454545454545436
32,0.0,0.0,0.0,0.0,0.0,0.5545454545454546
33,0.0,0.0,0.0,0.0,0.0,0.5545454545454546
36,0.819856926078474,0.8505584186952677,0.7175792507204612,0.775180620484488,0.8164518109269492,0.5545454545454551
37,1.0,0.7580289018972461,0.5244956772334295,0.7640094711917914,0.806820346732711,0.7272727272727277
41,0.819856926078474,0.8505584186952677,0.7175792507204612,0.775180620484488,0.8164518109269492,0.5545454545454551
