11,0.8125,0.8528028654224417,0.8636363636363635,0.625,0.7272727272727272,0.0
12,0.8125,0.8528028654224417,0.8636363636363635,0.625,0.7272727272727272,0.0
13,0.8125,0.8528028654224417,0.8636363636363635,0.625,0.7272727272727272,0.0
15,0.0,0.0,0.0,0.0,0.0,0.0
16,0.0,0.0,0.0,0.0,0.0,0.0
17,0.0,0.0,0.0,0.0,0.0,0.0
29,0.8125,0.8528028654224417,0.8636363636363635,0.625,0.7272727272727272,0.0
30,0.8125,0.8528028654224417,0.8636363636363635,0.625,0.7272727272727272,0.0
31,0.8125,0.8528028654224417,0.8636363636363635,0.625,0.7272727272727272,0.0
32,0.8125,0.8528028654224417,0.8636363636363635,0.625,0.7272727272727272,0.0
33,0.8125,0.8528028654224417,0.8636363636363635,0.625,0.7272727272727272,0.0
34,0.8125,0.8528028654224417,0.8636363636363635,0.625,0.7272727272727272,0.0
35,0.8125,0.8528028654224417,0.8636363636363635,0.625,0.7272727272727272,0.0
38,0.8125,0.8528028654224417,0.8636363636363635,0.625,0.7272727272727272,0.0
39,0.8125,0.8528028654224417,0.8636363636363635,0.625,0.7272727272727272,0.0
40,0.8125,0.8528028654224417,0.8636363636363635,0.625,0.7272727272727272,0.0
41,0.8125,0.8528028654224417,0.8636363636363635,0.625,0.7272727272727272,0.0
42,0.8125,0.8528028654224417,0.8636363636363635,0.625,0.7272727272727272,0.0
43,0.8125,0.8528028654224417,0.8636363636363635,0.625,0.7272727272727272,0.0
47,0.8666666666666666,0.8944271909999157,0.9090909090909091,0.7142857142857143,0.7999999999999999,0.3333333333333333
48,0.8666666666666666,0.8944271909999157,0.9090909090909091,0.7142857142857143,0.7999999999999999,0.3333333333333333
49,0.8666666666666666,0.8944271909999157,0.9090909090909091,0.7142857142857143,0.7999999999999999,0.3333333333333333
50,0.0,0.0,0.0,0.0,0.0,0.0
53,0.0,0.0,0.0,0.0,0.0,0.0
54,0.0,0.0,0.0,0.0,0.0,0.0
57,0.8125,0.8528028654224417,0.8636363636363635,0.625,0.7272727272727272,0.0
58,0.8125,0.8528028654224417,0.8636363636363635,0.625,0.7272727272727272,0.0
59,0.8666666666666666,0.8944271909999157,0.9090909090909091,0.7142857142857143,0.7999999999999999,0.3333333333333333
60,0.8125,0.8528028654224417,0.8636363636363635,0.625,0.7272727272727272,0.0
63,0.8666666666666666,0.8944271909999157,0.9090909090909091,0.7142857142857143,0.7999999999999999,0.3333333333333333
64,0.8666666666666666,0.8944271909999157,0.9090909090909091,0.7142857142857143,0.7999999999999999,0.3333333333333333
66,0.0,0.0,0.0,0.0,0.0,0.0
68,0.8666666666666666,0.8944271909999157,0.9090909090909091,0.7142857142857143,0.7999999999999999,0.3333333333333333
69,0.8666666666666666,0.8944271909999157,0.9090909090909091,0.7142857142857143,0.7999999999999999,0.3333333333333333
70,0.8666666666666666,0.8944271909999157,0.9090909090909091,0.7142857142857143,0.7999999999999999,0.3333333333333333
71,0.8666666666666666,0.8944271909999157,0.9090909090909091,0.7142857142857143,0.7999999999999999,0.3333333333333333
72,0.8666666666666666,0.8944271909999157,0.9090909090909091,0.7142857142857143,0.7999999999999999,0.3333333333333333
76,0.8125,0.8528028654224417,0.8636363636363635,0.625,0.7272727272727272,0.0
77,0.8125,0.8528028654224417,0.8636363636363635,0.625,0.7272727272727272,0.0
79,0.8125,0.8528028654224417,0.8636363636363635,0.625,0.7272727272727272,0.0
80,0.8125,0.8528028654224417,0.8636363636363635,0.625,0.7272727272727272,0.0
82,0.8125,0.8528028654224417,0.8636363636363635,0.625,0.7272727272727272,0.0
83,0.8125,0.8528028654224417,0.8636363636363635,0.625,0.7272727272727272,0.0
84,0.8125,0.8528028654224417,0.8636363636363635,0.625,0.7272727272727272,0.0
86,0.8125,0.8528028654224417,0.8636363636363635,0.625,0.7272727272727272,0.0
87,0.8125,0.8528028654224417,0.8636363636363635,0.625,0.7272727272727272,0.0
88,0.8125,0.8528028654224417,0.8636363636363635,0.625,0.7272727272727272,0.0
89,0.8125,0.8528028654224417,0.8636363636363635,0.625,0.7272727272727272,0.0
90,0.8125,0.8528028654224417,0.8636363636363635,0.625,0.7272727272727272,0.0
92,0.8666666666666666,0.8944271909999157,0.9090909090909091,0.7142857142857143,0.7999999999999999,0.3333333333333333
93,0.9285714285714285,0.9428090415820632,0.9545454545454545,0.8333333333333334,0.8888888888888888,0.6666666666666666
94,0.8666666666666666,0.8944271909999157,0.9090909090909091,0.7142857142857143,0.7999999999999999,0.3333333333333333
95,1.0,1.0,1.0,1.0,1.0,1.0
97,1.0,1.0,1.0,1.0,1.0,1.0
98,0.8666666666666666,0.8944271909999157,0.9090909090909091,0.7142857142857143,0.7999999999999999,0.3333333333333333
100,0.8125,0.8528028654224417,0.8636363636363635,0.625,0.7272727272727272,0.0
101,0.0,0.0,0.0,0.0,0.0,0.0
102,0.8125,0.8528028654224417,0.8636363636363635,0.625,0.7272727272727272,0.0
103,0.8125,0.8528028654224417,0.8636363636363635,0.625,0.7272727272727272,0.0
104,0.8125,0.8528028654224417,0.8636363636363635,0.625,0.7272727272727272,0.0
106,0.8666666666666666,0.8944271909999157,0.9090909090909091,0.7142857142857143,0.7999999999999999,0.3333333333333333
107,0.9285714285714285,0.9428090415820632,0.9545454545454545,0.8333333333333334,0.8888888888888888,0.6666666666666666
108,0.8666666666666666,0.8944271909999157,0.9090909090909091,0.7142857142857143,0.7999999999999999,0.3333333333333333
109,1.0,1.0,1.0,1.0,1.0,1.0
111,0.9285714285714285,0.9428090415820632,0.9545454545454545,0.8333333333333334,0.8888888888888888,0.6666666666666666
112,0.8666666666666666,0.8944271909999157,0.9090909090909091,0.7142857142857143,0.7999999999999999,0.3333333333333333
114,0.8125,0.8528028654224417,0.8636363636363635,0.625,0.7272727272727272,0.0
115,0.8125,0.8528028654224417,0.8636363636363635,0.625,0.7272727272727272,0.0
116,0.8125,0.8528028654224417,0.8636363636363635,0.625,0.7272727272727272,0.0
117,0.8125,0.8528028654224417,0.8636363636363635,0.625,0.7272727272727272,0.0
119,0.8125,0.8528028654224417,0.8636363636363635,0.625,0.7272727272727272,0.0
122,0.8125,0.8528028654224417,0.8636363636363635,0.625,0.7272727272727272,0.0
124,0.8125,0.8528028654224417,0.8636363636363635,0.625,0.7272727272727272,0.0
126,0.8125,0.8528028654224417,0.8636363636363635,0.625,0.7272727272727272,0.0
127,0.8666666666666666,0.8944271909999157,0.9090909090909091,0.7142857142857143,0.7999999999999999,0.3333333333333333
128,0.8666666666666666,0.8944271909999157,0.9090909090909091,0.7142857142857143,0.7999999999999999,0.3333333333333333
130,0.8125,0.8528028654224417,0.8636363636363635,0.625,0.7272727272727272,0.0
131,0.8125,0.8528028654224417,0.8636363636363635,0.625,0.7272727272727272,0.0
132,0.8125,0.8528028654224417,0.8636363636363635,0.625,0.7272727272727272,0.0
