12,1.0,0.8985944439954918,0.7580645161290323,0.9830393487109906,0.9857968223399126,1.0
13,1.0,0.8985944439954918,0.7580645161290323,0.9830393487109906,0.9857968223399126,1.0
14,1.0,0.8985944439954918,0.7580645161290323,0.9830393487109906,0.9857968223399126,1.0
16,1.0,0.8985944439954918,0.7580645161290323,0.9830393487109906,0.9857968223399126,1.0
19,0.0,1.0,1.0,1.0,1.0,0.0
20,0.0,1.0,1.0,1.0,1.0,0.0
21,0.0,1.0,1.0,1.0,1.0,0.0
23,0.0,1.0,1.0,1.0,1.0,0.0
25,0.0,1.0,1.0,1.0,1.0,0.0
26,0.0,1.0,1.0,1.0,1.0,0.0
27,0.0,1.0,1.0,1.0,1.0,0.0
30,0.0,1.0,1.0,1.0,1.0,0.0
31,0.0,1.0,1.0,1.0,1.0,0.0
32,0.0,1.0,1.0,1.0,1.0,0.0
34,0.0,1.0,1.0,1.0,1.0,0.0
35,0.0,1.0,1.0,1.0,1.0,0.0
36,1.0,0.0,0.0,0.0,0.0,0.850000000000001
37,1.0,0.0,0.0,0.0,0.0,0.850000000000001
38,1.0,0.0,0.0,0.0,0.0,0.850000000000001
39,1.0,0.0,0.0,0.0,0.0,0.850000000000001
40,1.0,0.0,0.0,0.0,0.0,0.850000000000001
41,1.0,0.0,0.0,0.0,0.0,0.850000000000001
42,1.0,0.0,0.0,0.0,0.0,0.850000000000001
43,1.0,0.0,0.0,0.0,0.0,0.850000000000001
47,0.0,1.0,1.0,1.0,1.0,0.0
48,0.0,1.0,1.0,1.0,1.0,0.0
49,1.0,0.0,0.0,0.0,0.0,0.850000000000001
