4,0,1.0,1.0,1.0,1.0,1.0
7,0,1.0,1.0,1.0,1.0,1.0
8,0,1.0,1.0,1.0,1.0,1.0
9,0,0.057142867550147414,0.038461538461538464,0.0015525114155251131,0.03846153846153847,0.03846153846153847
10,0,0.057142867550147414,0.038461538461538464,0.0015525114155251131,0.03846153846153847,0.03846153846153847
11,0,0.057142867550147414,0.038461538461538464,0.0015525114155251131,0.03846153846153847,0.03846153846153847
13,0,1.0,1.0,1.0,1.0,1.0
15,0,0.9712277982957589,0.9615384615384616,0.9703196347031964,0.9615384615384617,0.9615384615384617
16,0,0.547442221500518,0.46153846153846156,0.033268101761252444,0.4615384615384616,0.4615384615384616
17,0,0.547442221500518,0.46153846153846156,0.033268101761252444,0.4615384615384616,0.4615384615384616
19,0,0.0,0.0,0.0,0.0,0.0
20,0,0.0,0.0,0.0,0.0,0.0
21,0,0.0,0.0,0.0,0.0,0.0
22,0,0.0,0.0,0.0,0.0,0.0
25,0,0.9123445925788015,0.8846153846153846,0.2975646879756469,0.8846153846153847,0.8846153846153847
26,0,0.11118993546593425,0.07692307692307693,0.0032343987823439876,0.07692307692307694,0.07692307692307694
27,0,0.11118993546593425,0.07692307692307693,0.0032343987823439876,0.07692307692307694,0.07692307692307694
28,0,0.11118993546593425,0.07692307692307693,0.0032343987823439876,0.07692307692307694,0.07692307692307694
29,0,0.9123445925788015,0.8846153846153846,0.2975646879756469,0.8846153846153847,0.8846153846153847
31,0,0.5842245125430712,0.5,0.03881278538812785,0.5000000000000001,0.5000000000000001
32,0,0.5842245125430712,0.5,0.03881278538812785,0.5000000000000001,0.5000000000000001
33,0,0.5842245125430712,0.5,0.03881278538812785,0.5000000000000001,0.5000000000000001
35,0,0.057142867550147414,0.038461538461538464,0.0015525114155251131,0.03846153846153847,0.03846153846153847
36,0,0.057142867550147414,0.038461538461538464,0.0015525114155251131,0.03846153846153847,0.03846153846153847
40,0,0.9123445925788015,0.8846153846153846,0.2975646879756469,0.8846153846153847,0.8846153846153847
43,0,1.0,1.0,1.0,1.0,1.0
