4,0,1.0,1.0,1.0,1.0,1.0
5,0,1.0,1.0,1.0,1.0,1.0
6,0,1.0,1.0,1.0,1.0,1.0
7,0,1.0,1.0,1.0,1.0,1.0
8,0,1.0,1.0,1.0,1.0,1.0
9,0,1.0,1.0,1.0,1.0,1.0
10,0,1.0,1.0,1.0,1.0,1.0
12,0,1.0,1.0,1.0,1.0,1.0
14,0,1.0,1.0,1.0,1.0,1.0
16,0,1.0,1.0,1.0,1.0,1.0
18,0,1.0,1.0,1.0,1.0,1.0
20,0,1.0,1.0,1.0,1.0,1.0
21,0,1.0,1.0,1.0,1.0,1.0
23,0,0.5773502691896258,0.3333333333333333,0.16666666666666666,0.3333333333333333,0.3333333333333333
25,0,0.5773502691896258,0.3333333333333333,0.16666666666666666,0.3333333333333333,0.3333333333333333
27,0,0.5773502691896258,0.3333333333333333,0.16666666666666666,0.3333333333333333,0.3333333333333333
28,0,0.5773502691896258,0.3333333333333333,0.16666666666666666,0.3333333333333333,0.3333333333333333
32,0,1.0,1.0,1.0,1.0,1.0
34,0,1.0,1.0,1.0,1.0,1.0
36,0,1.0,1.0,1.0,1.0,1.0
38,0,0.8164965809277261,0.6666666666666666,0.6666666666666666,0.6666666666666666,0.6666666666666666
40,0,0.5773502691896258,0.3333333333333333,0.16666666666666666,0.3333333333333333,0.3333333333333333
42,0,0.0,0.0,0.0,0.0,0.0
43,0,0.0,0.0,0.0,0.0,0.0
45,0,0.5773502691896258,0.3333333333333333,0.16666666666666666,0.3333333333333333,0.3333333333333333
47,0,0.8164965809277261,0.6666666666666666,0.6666666666666666,0.6666666666666666,0.6666666666666666
55,0,1.0,1.0,1.0,1.0,1.0
56,0,1.0,1.0,1.0,1.0,1.0
