3,0.625,0.5547001962252291,0.6949152542372882,0.25,0.3076923076923077,0.0
7,0.625,0.5547001962252291,0.6949152542372882,0.25,0.3076923076923077,0.0
8,0.625,0.5547001962252291,0.6949152542372882,0.25,0.3076923076923077,0.0
9,0.625,0.5547001962252291,0.6949152542372882,0.25,0.3076923076923077,0.0
10,0.625,0.5547001962252291,0.6949152542372882,0.25,0.3076923076923077,0.0
11,0.625,0.5547001962252291,0.6949152542372882,0.25,0.3076923076923077,0.0
12,0.625,0.5547001962252291,0.6949152542372882,0.25,0.3076923076923077,0.0
14,0.6666666666666666,0.5897678246195885,0.7457627118644069,0.2857142857142857,0.34782608695652173,0.16666666666666666
15,0.6666666666666666,0.5897678246195885,0.7457627118644069,0.2857142857142857,0.34782608695652173,0.16666666666666666
16,0.6976744186046511,0.6172133998483676,0.7796610169491526,0.3157894736842105,0.38095238095238093,0.27777777777777785
17,0.6666666666666666,0.5897678246195885,0.7457627118644069,0.2857142857142857,0.34782608695652173,0.16666666666666666
19,1.0,1.0,1.0,1.0,1.0,1.0
20,0.9375,0.6324555320336759,0.6101694915254238,0.6000000000000001,0.6666666666666666,0.4444444444444445
21,1.0,1.0,1.0,1.0,1.0,1.0
22,0.9375,0.6324555320336759,0.6101694915254238,0.6000000000000001,0.6666666666666666,0.4444444444444445
24,0.0,0.0,0.0,0.0,0.0,0.8333333333333334
26,0.0,0.0,0.2033898305084746,0.0,0.0,0.16666666666666666
27,0.625,0.5547001962252291,0.6949152542372882,0.25,0.3076923076923077,0.0
