3,0.8253968253968256,0.9162983026668933,0.9694656488549618,0.805194805194805,0.8288770053475936,0.0
5,0.8253968253968256,0.9162983026668933,0.9694656488549618,0.805194805194805,0.8288770053475936,0.0
7,0.8253968253968256,0.9162983026668933,0.9694656488549618,0.805194805194805,0.8288770053475936,0.0
8,0.8253968253968256,0.9162983026668933,0.9694656488549618,0.805194805194805,0.8288770053475936,0.0
9,0.8253968253968256,0.9162983026668933,0.9694656488549618,0.805194805194805,0.8288770053475936,0.0
10,0.8253968253968256,0.9162983026668933,0.9694656488549618,0.805194805194805,0.8288770053475936,0.0
11,0.8253968253968256,0.9162983026668933,0.9694656488549618,0.805194805194805,0.8288770053475936,0.0
12,0.8253968253968256,0.9162983026668933,0.9694656488549618,0.805194805194805,0.8288770053475936,0.0
14,1.0,1.0,1.0,1.0,1.0,0.7500000000000002
15,1.0,1.0,1.0,1.0,1.0,0.7500000000000002
17,0.0,0.0,0.0,0.0,0.0,1.0
19,1.0,1.0,1.0,1.0,1.0,0.7500000000000002
20,1.0,1.0,1.0,1.0,1.0,0.7500000000000002
22,0.8253968253968256,0.9162983026668933,0.9694656488549618,0.805194805194805,0.8288770053475936,0.0
24,1.0,1.0,1.0,1.0,1.0,0.7500000000000002
25,1.0,1.0,1.0,1.0,1.0,0.7500000000000002
26,1.0,1.0,1.0,1.0,1.0,0.7500000000000002
27,1.0,1.0,1.0,1.0,1.0,0.7500000000000002
29,0.8253968253968256,0.9162983026668933,0.9694656488549618,0.805194805194805,0.8288770053475936,0.0
30,0.8253968253968256,0.9162983026668933,0.9694656488549618,0.805194805194805,0.8288770053475936,0.0
