5,0,1.0,1.0,1.0,1.0,1.0
8,0,1.0,1.0,1.0,1.0,1.0
9,0,1.0,1.0,1.0,1.0,1.0
10,0,1.0,1.0,1.0,1.0,1.0
11,0,1.0,1.0,1.0,1.0,1.0
12,0,1.0,1.0,1.0,1.0,1.0
14,0,0.847354555452483,0.8333333333333334,0.9340659340659341,0.8333333333333333,0.8333333333333333
15,0,0.847354555452483,0.8333333333333334,0.9340659340659341,0.8333333333333333,0.8333333333333333
17,0,0.5270213225591712,0.5,0.18681318681318687,0.49999999999999983,0.49999999999999983
18,0,0.5270213225591712,0.5,0.18681318681318687,0.49999999999999983,0.49999999999999983
20,0,0.847354555452483,0.8333333333333334,0.9340659340659341,0.8333333333333333,0.8333333333333333
21,0,0.0,0.0,0.0,0.0,0.0
22,0,0.847354555452483,0.8333333333333334,0.9340659340659341,0.8333333333333333,0.8333333333333333
24,0,1.0,1.0,1.0,1.0,1.0
