3,0,1.0,1.0,1.0,1.0,1.0
6,0,1.0,1.0,1.0,1.0,1.0
7,0,1.0,1.0,1.0,1.0,1.0
8,0,1.0,1.0,1.0,1.0,1.0
9,0,1.0,1.0,1.0,1.0,1.0
10,0,0.2356972777495386,0.16,0.007670182166826461,0.16,0.16
13,0,0.723972113922639,0.64,0.07158836689038031,0.64,0.64
14,0,0.723972113922639,0.64,0.07158836689038031,0.64,0.64
15,0,0.28576508694553426,0.2,0.010067114093959731,0.19999999999999998,0.19999999999999998
16,0,0.28576508694553426,0.2,0.010067114093959731,0.19999999999999998,0.19999999999999998
18,0,0.28576508694553426,0.2,0.010067114093959731,0.19999999999999998,0.19999999999999998
19,0,0.12640031261492654,0.08,0.0035016049022468633,0.08000000000000002,0.08000000000000002
22,0,0.28576508694553426,0.2,0.010067114093959731,0.19999999999999998,0.19999999999999998
23,0,0.0,0.0,0.0,0.0,0.0
27,0,0.723972113922639,0.64,0.07158836689038031,0.64,0.64
31,0,1.0,1.0,1.0,1.0,1.0
