3,0,1.0,1.0,1.0,1.0,1.0
5,0,1.0,1.0,1.0,1.0,1.0
6,0,0.8671592371171716,0.8048780487804879,0.10082835415535034,0.8048780487804877,0.8048780487804877
7,0,0.9840800541218739,0.975609756097561,0.977729494839761,0.975609756097561,0.975609756097561
10,0,1.0,1.0,1.0,1.0,1.0
13,0,1.0,1.0,1.0,1.0,1.0
14,0,1.0,1.0,1.0,1.0,1.0
15,0,1.0,1.0,1.0,1.0,1.0
16,0,1.0,1.0,1.0,1.0,1.0
17,0,1.0,1.0,1.0,1.0,1.0
18,0,1.0,1.0,1.0,1.0,1.0
19,0,1.0,1.0,1.0,1.0,1.0
20,0,0.3410114129469486,0.21951219512195122,0.00687466051059207,0.21951219512195116,0.21951219512195116
21,0,0.7766983550245504,0.6829268292682927,0.05264697279906405,0.6829268292682927,0.6829268292682927
23,0,0.4247904357316765,0.2926829268292683,0.010114443050066493,0.2926829268292683,0.2926829268292683
24,0,0.3109681815249091,0.1951219512195122,0.005925633302059158,0.19512195121951217,0.19512195121951217
26,0,0.0,0.0,0.0,0.0,0.0
28,0,0.4247904357316765,0.2926829268292683,0.010114443050066493,0.2926829268292683,0.2926829268292683
29,0,0.7766983550245504,0.6829268292682927,0.05264697279906405,0.6829268292682927,0.6829268292682927
