3,0.75,0.8451542547285166,0.8800000000000001,0.5833333333333334,0.6428571428571429,0.0
6,0.75,0.8451542547285166,0.8800000000000001,0.5833333333333334,0.6428571428571429,0.0
7,0.75,0.8451542547285166,0.8800000000000001,0.5833333333333334,0.6428571428571429,0.0
8,0.75,0.8451542547285166,0.8800000000000001,0.5833333333333334,0.6428571428571429,0.0
10,0.75,0.8451542547285166,0.8800000000000001,0.5833333333333334,0.6428571428571429,0.0
11,0.75,0.8451542547285166,0.8800000000000001,0.5833333333333334,0.6428571428571429,0.0
12,0.72,0.6666666666666667,0.6000000000000001,0.5,0.5625,0.1666666666666667
15,0.75,0.8451542547285166,0.8800000000000001,0.5833333333333334,0.6428571428571429,0.0
16,0.75,0.8451542547285166,0.8800000000000001,0.5833333333333334,0.6428571428571429,0.0
17,0.75,0.6900655593423543,0.62,0.5384615384615385,0.6,0.0
19,0.75,0.8451542547285166,0.8800000000000001,0.5833333333333334,0.6428571428571429,0.0
20,0.75,0.8451542547285166,0.8800000000000001,0.5833333333333334,0.6428571428571429,0.0
21,0.9000000000000001,1.0,1.0,0.875,0.9000000000000001,1.0
24,0.75,0.8451542547285166,0.8800000000000001,0.5833333333333334,0.6428571428571429,0.0
25,0.72,0.6666666666666667,0.6000000000000001,0.5,0.5625,0.1666666666666667
26,0.0,0.0,0.0,0.0,0.0,0.8333333333333333
28,0.8181818181818181,0.7453559924999299,0.6600000000000001,0.6363636363636365,0.6923076923076924,0.3333333333333331
30,0.75,0.8451542547285166,0.8800000000000001,0.5833333333333334,0.6428571428571429,0.0
31,0.75,0.6900655593423543,0.62,0.5384615384615385,0.6,0.0
32,0.0,0.0,0.02,0.0,0.0,0.6666666666666665
34,0.8571428571428573,0.7784989441615231,0.68,0.7000000000000001,0.75,0.49999999999999983
36,0.75,0.8451542547285166,0.8800000000000001,0.5833333333333334,0.6428571428571429,0.0
37,0.9000000000000001,1.0,1.0,0.875,0.9000000000000001,1.0
38,0.9000000000000001,1.0,1.0,0.875,0.9000000000000001,1.0
40,1.0,0.912870929175277,0.74,1.0,1.0,0.9999999999999999
44,0.75,0.8451542547285166,0.8800000000000001,0.5833333333333334,0.6428571428571429,0.0
