2,0.17162162162162167,1.0,1.0,1.0,1.0,0.0
3,0.17162162162162167,1.0,1.0,1.0,1.0,0.0
4,0.17162162162162167,1.0,1.0,1.0,1.0,0.0
5,0.17162162162162167,1.0,1.0,1.0,1.0,0.0
6,0.17162162162162167,1.0,1.0,1.0,1.0,0.0
7,0.17162162162162167,1.0,1.0,1.0,1.0,0.0
8,0.0,0.6888094435900572,0.6722408026755852,0.3673561659319543,0.6756159051705074,0.9999999999999998
9,0.0,0.6888094435900572,0.6722408026755852,0.3673561659319543,0.6756159051705074,0.9999999999999998
11,0.17162162162162167,1.0,1.0,1.0,1.0,0.0
12,0.0,0.6888094435900572,0.6722408026755852,0.3673561659319543,0.6756159051705074,0.9999999999999998
14,1.0,0.0,0.0,0.0,0.0,1.0
16,0.17162162162162167,1.0,1.0,1.0,1.0,0.0
