8,0.6875000000000001,0.8843462595857993,0.9687500000000001,0.7407407407407408,0.8080808080808081,0.0
9,0.6875000000000001,0.8843462595857993,0.9687500000000001,0.7407407407407408,0.8080808080808081,0.0
10,0.6875000000000001,0.8843462595857993,0.9687500000000001,0.7407407407407408,0.8080808080808081,0.0
11,0.6875000000000001,0.8843462595857993,0.9687500000000001,0.7407407407407408,0.8080808080808081,0.0
12,0.6875000000000001,0.8843462595857993,0.9687500000000001,0.7407407407407408,0.8080808080808081,0.0
13,0.6875000000000001,0.8843462595857993,0.9687500000000001,0.7407407407407408,0.8080808080808081,0.0
14,0.6875000000000001,0.8843462595857993,0.9687500000000001,0.7407407407407408,0.8080808080808081,0.0
15,0.6875000000000001,0.8843462595857993,0.9687500000000001,0.7407407407407408,0.8080808080808081,0.0
16,0.6875000000000001,0.8843462595857993,0.9687500000000001,0.7407407407407408,0.8080808080808081,0.0
17,0.6875000000000001,0.8843462595857993,0.9687500000000001,0.7407407407407408,0.8080808080808081,0.0
18,0.6875000000000001,0.8843462595857993,0.9687500000000001,0.7407407407407408,0.8080808080808081,0.0
19,0.6875000000000001,0.8843462595857993,0.9687500000000001,0.7407407407407408,0.8080808080808081,0.0
20,0.6875000000000001,0.8843462595857993,0.9687500000000001,0.7407407407407408,0.8080808080808081,0.0
21,0.6875000000000001,0.8843462595857993,0.9687500000000001,0.7407407407407408,0.8080808080808081,0.0
22,0.6875000000000001,0.8843462595857993,0.9687500000000001,0.7407407407407408,0.8080808080808081,0.0
23,0.6875000000000001,0.8843462595857993,0.9687500000000001,0.7407407407407408,0.8080808080808081,0.0
26,0.6875000000000001,0.8843462595857993,0.9687500000000001,0.7407407407407408,0.8080808080808081,0.0
28,0.6875000000000001,0.8843462595857993,0.9687500000000001,0.7407407407407408,0.8080808080808081,0.0
30,0.6875000000000001,0.8843462595857993,0.9687500000000001,0.7407407407407408,0.8080808080808081,0.0
31,0.6875000000000001,0.8843462595857993,0.9687500000000001,0.7407407407407408,0.8080808080808081,0.0
33,0.6875000000000001,0.8843462595857993,0.9687500000000001,0.7407407407407408,0.8080808080808081,0.0
34,0.6875000000000001,0.8843462595857993,0.9687500000000001,0.7407407407407408,0.8080808080808081,0.0
36,0.6875000000000001,0.8843462595857993,0.9687500000000001,0.7407407407407408,0.8080808080808081,0.0
37,0.6875000000000001,0.8843462595857993,0.9687500000000001,0.7407407407407408,0.8080808080808081,0.0
39,0.6875000000000001,0.8843462595857993,0.9687500000000001,0.7407407407407408,0.8080808080808081,0.0
40,0.6875000000000001,0.8843462595857993,0.9687500000000001,0.7407407407407408,0.8080808080808081,0.0
42,0.6875000000000001,0.8843462595857993,0.9687500000000001,0.7407407407407408,0.8080808080808081,0.0
43,0.6875000000000001,0.8843462595857993,0.9687500000000001,0.7407407407407408,0.8080808080808081,0.0
44,0.6875000000000001,0.8843462595857993,0.9687500000000001,0.7407407407407408,0.8080808080808081,0.0
45,0.6875000000000001,0.8843462595857993,0.9687500000000001,0.7407407407407408,0.8080808080808081,0.0
46,0.0,0.0,0.0,0.0,0.0,1.0
47,1.0,1.0,1.0,1.0,1.0,0.6666666666666665
49,0.6875000000000001,0.8843462595857993,0.9687500000000001,0.7407407407407408,0.8080808080808081,0.0
