5,0.4336734693877555,0.9981677625835755,1.0,0.8333333333333334,0.888888888888889,0.0
6,0.4336734693877555,0.9981677625835755,1.0,0.8333333333333334,0.888888888888889,0.0
7,0.4336734693877555,0.9981677625835755,1.0,0.8333333333333334,0.888888888888889,0.0
8,0.4336734693877555,0.9981677625835755,1.0,0.8333333333333334,0.888888888888889,0.0
9,0.4336734693877555,0.9981677625835755,1.0,0.8333333333333334,0.888888888888889,0.0
10,0.1868131868131869,0.7753209797643188,0.7749999999999999,0.5555555555555555,0.6666666666666667,0.6153846153846158
11,0.1868131868131869,0.7753209797643188,0.7749999999999999,0.5555555555555555,0.6666666666666667,0.6153846153846158
13,0.4336734693877555,0.9981677625835755,1.0,0.8333333333333334,0.888888888888889,0.0
14,0.2899786780383798,0.47986718462545486,0.4000000000000001,0.3333333333333333,0.44444444444444436,0.23076923076923095
15,0.10914927768860369,0.6001792573439126,0.5750000000000001,0.40740740740740744,0.5238095238095238,0.6923076923076924
16,0.0,0.0,0.0,0.0,0.0,0.38461538461538475
18,0.647619047619048,0.7507992008154045,0.6250000000000001,0.6190476190476191,0.7222222222222223,0.38461538461538475
20,0.4336734693877555,0.9981677625835755,1.0,0.8333333333333334,0.888888888888889,0.0
22,0.4336734693877555,0.9981677625835755,1.0,0.8333333333333334,0.888888888888889,0.0
23,0.4336734693877555,0.9981677625835755,1.0,0.8333333333333334,0.888888888888889,0.0
24,0.4336734693877555,0.9981677625835755,1.0,0.8333333333333334,0.888888888888889,0.0
25,0.4336734693877555,0.9981677625835755,1.0,0.8333333333333334,0.888888888888889,0.0
26,0.4336734693877555,0.9981677625835755,1.0,0.8333333333333334,0.888888888888889,0.0
27,0.4336734693877555,0.9981677625835755,1.0,0.8333333333333334,0.888888888888889,0.0
28,0.4336734693877555,0.9981677625835755,1.0,0.8333333333333334,0.888888888888889,0.0
29,0.9363166953528403,1.0,0.8500000000000001,1.0,1.0,1.0
30,1.0,0.844308947408929,0.65,0.7777777777777778,0.8484848484848484,0.9230769230769234
31,0.4336734693877555,0.9981677625835755,1.0,0.8333333333333334,0.888888888888889,0.0
32,0.4336734693877555,0.9981677625835755,1.0,0.8333333333333334,0.888888888888889,0.0
34,0.4336734693877555,0.9981677625835755,1.0,0.8333333333333334,0.888888888888889,0.0
