10,0.0,0.8853738993591305,0.9892473118279573,0.7892976588628765,0.8336956521739136,0.0
12,0.0,0.8853738993591305,0.9892473118279573,0.7892976588628765,0.8336956521739136,0.0
13,0.0,0.8853738993591305,0.9892473118279573,0.7892976588628765,0.8336956521739136,0.0
14,0.0,0.8853738993591305,0.9892473118279573,0.7892976588628765,0.8336956521739136,0.0
15,0.0,0.8853738993591305,0.9892473118279573,0.7892976588628765,0.8336956521739136,0.0
16,0.0,0.8853738993591305,0.9892473118279573,0.7892976588628765,0.8336956521739136,0.0
18,0.0,0.8853738993591305,0.9892473118279573,0.7892976588628765,0.8336956521739136,0.0
19,0.0,0.8853738993591305,0.9892473118279573,0.7892976588628765,0.8336956521739136,0.0
20,0.2529577464788737,1.0,1.0,1.0,1.0,0.38028169014084484
21,0.2529577464788737,1.0,1.0,1.0,1.0,0.38028169014084484
23,1.0,0.0,0.0,0.0,0.0,1.0
24,1.0,0.0,0.0,0.0,0.0,1.0
25,1.0,0.0,0.0,0.0,0.0,1.0
26,1.0,0.0,0.0,0.0,0.0,1.0
29,0.0,0.8853738993591305,0.9892473118279573,0.7892976588628765,0.8336956521739136,0.0
30,0.0,0.8853738993591305,0.9892473118279573,0.7892976588628765,0.8336956521739136,0.0
