4,0.7840909090909092,1.0,1.0,1.0,1.0,0.0
8,0.7840909090909092,1.0,1.0,1.0,1.0,0.0
9,0.7840909090909092,1.0,1.0,1.0,1.0,0.0
10,0.7840909090909092,1.0,1.0,1.0,1.0,0.0
11,0.7840909090909092,1.0,1.0,1.0,1.0,0.0
12,0.7840909090909092,1.0,1.0,1.0,1.0,0.0
14,0.7840909090909092,1.0,1.0,1.0,1.0,0.0
16,0.7840909090909092,1.0,1.0,1.0,1.0,0.0
19,0.0,0.04936283514892477,0.19230769230769237,0.014492753623188356,0.02173913043478253,1.0
20,0.0,0.04936283514892477,0.19230769230769237,0.014492753623188356,0.02173913043478253,1.0
24,0.7840909090909092,1.0,1.0,1.0,1.0,0.0
26,0.668604651162791,0.0,0.0,0.0,0.0,0.11111111111111102
27,0.668604651162791,0.0,0.0,0.0,0.0,0.11111111111111102
28,0.668604651162791,0.0,0.0,0.0,0.0,0.11111111111111102
33,1.0,0.845862090700664,0.7692307692307695,0.8260869565217392,0.8777173913043477,0.27777777777777757
34,1.0,0.845862090700664,0.7692307692307695,0.8260869565217392,0.8777173913043477,0.27777777777777757
39,0.7840909090909092,1.0,1.0,1.0,1.0,0.0
40,0.7840909090909092,1.0,1.0,1.0,1.0,0.0
