4,0.3021694792519623
9,0.3021694792519623
11,0.3021694792519623
13,0.3021694792519623
14,0.05544913258202363
15,0.3021694792519623
16,0.05544913258202363
17,0.3021694792519623
18,1.0
19,0.3021694792519623
20,0.12771184906495284
21,0.3021694792519623
22,0.5036157987532706
23,0.3021694792519623
24,0.0
25,0.3021694792519623
26,0.389398294345467
27,0.3021694792519623
28,0.6722499992568702
29,0.3021694792519623
30,0.05544913258202363
31,0.3021694792519623
32,0.3021694792519623
33,0.3021694792519623
34,0.05544913258202363
35,0.3021694792519623
36,0.5036157987532706
38,0.3021694792519623
40,0.3021694792519623
42,0.3021694792519623
43,0.6922685995436347
44,0.12771184906495284
45,0.3021694792519623
46,0.05544913258202363
47,0.05544913258202363
48,0.3021694792519623
49,0.5036157987532706
50,0.6722499992568702
51,0.0
52,0.12771184906495284
53,1.0
54,0.3021694792519623
58,0.3021694792519623
