4,0,1.0,1.0,1.0,1.0,1.0
6,0,1.0,1.0,1.0,1.0,1.0
7,0,1.0,1.0,1.0,1.0,1.0
8,0,1.0,1.0,1.0,1.0,1.0
9,0,1.0,1.0,1.0,1.0,1.0
10,0,1.0,1.0,1.0,1.0,1.0
11,0,0.8968052532744764,0.8571428571428571,0.14340344168260036,0.8571428571428571,0.8571428571428571
13,0,1.0,1.0,1.0,1.0,1.0
14,0,0.624327782069139,0.5238095238095238,0.026290630975143402,0.5238095238095237,0.5238095238095237
15,0,0.1498299142610594,0.09523809523809523,0.002515849854080708,0.09523809523809523,0.09523809523809523
16,0,0.0,0.0,0.0,0.0,0.0
18,0,1.0,1.0,1.0,1.0,1.0
