3,0,1.0,1.0,1.0,1.0,1.0
4,0,1.0,1.0,1.0,1.0,1.0
6,0,1.0,1.0,1.0,1.0,1.0
7,0,1.0,1.0,1.0,1.0,1.0
8,0,1.0,1.0,1.0,1.0,1.0
9,0,1.0,1.0,1.0,1.0,1.0
11,0,1.0,1.0,1.0,1.0,1.0
14,0,1.0,1.0,1.0,1.0,1.0
16,0,1.0,1.0,1.0,1.0,1.0
17,0,1.0,1.0,1.0,1.0,1.0
19,0,1.0,1.0,1.0,1.0,1.0
21,0,0.0,0.0,0.0,0.0,0.0
25,0,0.2713553714368354,0.23076923076923078,0.02387543252595156,0.2307692307692307,0.2307692307692307
26,0,0.2713553714368354,0.23076923076923078,0.02387543252595156,0.2307692307692307,0.2307692307692307
29,0,1.0,1.0,1.0,1.0,1.0
