2,0.42063492063492064,1.0,1.0,1.0,1.0,0.0
3,0.42063492063492064,1.0,1.0,1.0,1.0,0.0
4,0.42063492063492064,1.0,1.0,1.0,1.0,0.0
5,0.3916666666666667,0.9255741440173666,0.8967136150234741,0.7487667371388301,0.8985200845665963,0.3333333333333333
6,0.3916666666666667,0.9255741440173666,0.8967136150234741,0.7487667371388301,0.8985200845665963,0.3333333333333333
7,0.3916666666666667,0.9255741440173666,0.8967136150234741,0.7487667371388301,0.8985200845665963,0.3333333333333333
8,0.3916666666666667,0.9255741440173666,0.8967136150234741,0.7487667371388301,0.8985200845665963,0.3333333333333333
9,0.3916666666666667,0.9255741440173666,0.8967136150234741,0.7487667371388301,0.8985200845665963,0.3333333333333333
10,0.3916666666666667,0.9255741440173666,0.8967136150234741,0.7487667371388301,0.8985200845665963,0.3333333333333333
11,0.3916666666666667,0.9255741440173666,0.8967136150234741,0.7487667371388301,0.8985200845665963,0.3333333333333333
12,0.3916666666666667,0.9255741440173666,0.8967136150234741,0.7487667371388301,0.8985200845665963,0.3333333333333333
13,0.3916666666666667,0.9255741440173666,0.8967136150234741,0.7487667371388301,0.8985200845665963,0.3333333333333333
16,0.3916666666666667,0.9255741440173666,0.8967136150234741,0.7487667371388301,0.8985200845665963,0.3333333333333333
17,0.3916666666666667,0.9255741440173666,0.8967136150234741,0.7487667371388301,0.8985200845665963,0.3333333333333333
18,0.3916666666666667,0.9255741440173666,0.8967136150234741,0.7487667371388301,0.8985200845665963,0.3333333333333333
19,0.3916666666666667,0.9255741440173666,0.8967136150234741,0.7487667371388301,0.8985200845665963,0.3333333333333333
20,0.3916666666666667,0.9255741440173666,0.8967136150234741,0.7487667371388301,0.8985200845665963,0.3333333333333333
23,0.4406130268199234,0.9261484633648233,0.8544600938967137,0.774553142417836,0.9107676605671795,0.19999999999999968
24,0.4240631163708087,0.8863862658888595,0.8028169014084507,0.667723749119098,0.8565283954217394,0.033333333333333215
25,0.4240631163708087,0.8863862658888595,0.8028169014084507,0.667723749119098,0.8565283954217394,0.033333333333333215
26,0.4240631163708087,0.8863862658888595,0.8028169014084507,0.667723749119098,0.8565283954217394,0.033333333333333215
27,0.4240631163708087,0.8863862658888595,0.8028169014084507,0.667723749119098,0.8565283954217394,0.033333333333333215
28,0.4240631163708087,0.8863862658888595,0.8028169014084507,0.667723749119098,0.8565283954217394,0.033333333333333215
32,0.4065040650406504,0.8454249272323318,0.7511737089201879,0.577329647097089,0.8022891302762996,0.13333333333333364
33,0.4065040650406504,0.8454249272323318,0.7511737089201879,0.577329647097089,0.8022891302762996,0.13333333333333364
34,0.4065040650406504,0.8454249272323318,0.7511737089201879,0.577329647097089,0.8022891302762996,0.13333333333333364
35,0.4065040650406504,0.8454249272323318,0.7511737089201879,0.577329647097089,0.8022891302762996,0.13333333333333364
36,0.4065040650406504,0.8454249272323318,0.7511737089201879,0.577329647097089,0.8022891302762996,0.13333333333333364
42,0.3916666666666667,0.9255741440173666,0.8967136150234741,0.7487667371388301,0.8985200845665963,0.3333333333333333
43,0.3916666666666667,0.9255741440173666,0.8967136150234741,0.7487667371388301,0.8985200845665963,0.3333333333333333
44,0.3916666666666667,0.9255741440173666,0.8967136150234741,0.7487667371388301,0.8985200845665963,0.3333333333333333
46,0.3916666666666667,0.9255741440173666,0.8967136150234741,0.7487667371388301,0.8985200845665963,0.3333333333333333
48,0.42063492063492064,1.0,1.0,1.0,1.0,0.0
50,0.42063492063492064,1.0,1.0,1.0,1.0,0.0
51,0.42063492063492064,1.0,1.0,1.0,1.0,0.0
52,0.42063492063492064,1.0,1.0,1.0,1.0,0.0
53,0.42063492063492064,1.0,1.0,1.0,1.0,0.0
55,0.42063492063492064,1.0,1.0,1.0,1.0,0.0
56,0.42063492063492064,1.0,1.0,1.0,1.0,0.0
58,0.42063492063492064,1.0,1.0,1.0,1.0,0.0
59,0.3916666666666667,0.9255741440173666,0.8967136150234741,0.7487667371388301,0.8985200845665963,0.3333333333333333
60,0.35964912280701755,0.8471564986039487,0.7934272300469484,0.5693144065237088,0.7970401691331924,0.6666666666666666
61,0.35964912280701755,0.8471564986039487,0.7934272300469484,0.5693144065237088,0.7970401691331924,0.6666666666666666
63,0.0,0.0,0.0,0.0,0.0,0.8833333333333333
64,0.0,0.0,0.0,0.0,0.0,0.8833333333333333
65,0.0,0.0,0.0,0.0,0.0,0.8833333333333333
67,0.35964912280701755,0.8471564986039487,0.7934272300469484,0.5693144065237088,0.7970401691331924,0.6666666666666666
68,0.35964912280701755,0.8471564986039487,0.7934272300469484,0.5693144065237088,0.7970401691331924,0.6666666666666666
69,0.3423423423423423,0.8062624987402097,0.7417840375586855,0.49753347427766037,0.7463002114164905,0.8333333333333335
70,0.4065040650406504,0.7809522894225993,0.6525821596244131,0.4651162790697675,0.7209302325581395,0.11666666666666664
71,0.4065040650406504,0.7809522894225993,0.6525821596244131,0.4651162790697675,0.7209302325581395,0.11666666666666664
72,0.4065040650406504,0.7809522894225993,0.6525821596244131,0.4651162790697675,0.7209302325581395,0.11666666666666664
77,0.42063492063492064,1.0,1.0,1.0,1.0,0.0
78,1.0,0.5958623908600739,0.27230046948356806,0.17336152219873152,0.3838719420114769,1.0
79,0.324074074074074,0.7641260912834995,0.6901408450704226,0.4347251585623679,0.6955602536997886,1.0
80,0.4065040650406504,0.7809522894225993,0.6525821596244131,0.4651162790697675,0.7209302325581395,0.11666666666666664
81,0.4065040650406504,0.7809522894225993,0.6525821596244131,0.4651162790697675,0.7209302325581395,0.11666666666666664
82,0.4065040650406504,0.7809522894225993,0.6525821596244131,0.4651162790697675,0.7209302325581395,0.11666666666666664
83,0.4065040650406504,0.7809522894225993,0.6525821596244131,0.4651162790697675,0.7209302325581395,0.11666666666666664
84,0.4065040650406504,0.7809522894225993,0.6525821596244131,0.4651162790697675,0.7209302325581395,0.11666666666666664
85,0.4065040650406504,0.7809522894225993,0.6525821596244131,0.4651162790697675,0.7209302325581395,0.11666666666666664
87,0.4065040650406504,0.7809522894225993,0.6525821596244131,0.4651162790697675,0.7209302325581395,0.11666666666666664
88,0.4065040650406504,0.7809522894225993,0.6525821596244131,0.4651162790697675,0.7209302325581395,0.11666666666666664
89,0.4065040650406504,0.7809522894225993,0.6525821596244131,0.4651162790697675,0.7209302325581395,0.11666666666666664
92,0.4065040650406504,0.7809522894225993,0.6525821596244131,0.4651162790697675,0.7209302325581395,0.11666666666666664
94,0.4065040650406504,0.7809522894225993,0.6525821596244131,0.4651162790697675,0.7209302325581395,0.11666666666666664
98,0.0,0.0,0.0,0.0,0.0,0.8833333333333333
99,0.0,0.0,0.0,0.0,0.0,0.8833333333333333
100,0.0,0.0,0.0,0.0,0.0,0.8833333333333333
101,0.0,0.0,0.0,0.0,0.0,0.8833333333333333
102,0.0,0.0,0.0,0.0,0.0,0.8833333333333333
103,0.0,0.0,0.0,0.0,0.0,0.8833333333333333
105,0.0,0.0,0.0,0.0,0.0,0.8833333333333333
106,0.0,0.0,0.0,0.0,0.0,0.8833333333333333
107,0.0,0.0,0.0,0.0,0.0,0.8833333333333333
110,0.0,0.0,0.0,0.0,0.0,0.8833333333333333
112,0.0,0.0,0.0,0.0,0.0,0.8833333333333333
115,0.42063492063492064,1.0,1.0,1.0,1.0,0.0
