6,0.8703703703703702,1.0,1.0,0.8888888888888888,0.9032258064516129,0.0
8,0.8703703703703702,1.0,1.0,0.8888888888888888,0.9032258064516129,0.0
10,0.8703703703703702,1.0,1.0,0.8888888888888888,0.9032258064516129,0.0
12,0.8703703703703702,1.0,1.0,0.8888888888888888,0.9032258064516129,0.0
14,0.8703703703703702,1.0,1.0,0.8888888888888888,0.9032258064516129,0.0
16,0.8703703703703702,1.0,1.0,0.8888888888888888,0.9032258064516129,0.0
17,0.8703703703703702,1.0,1.0,0.8888888888888888,0.9032258064516129,0.0
18,0.863517060367454,0.9290146294963184,0.8759493670886075,0.8571428571428571,0.875,0.06122448979591815
20,0.863517060367454,0.9290146294963184,0.8759493670886075,0.8571428571428571,0.875,0.06122448979591815
22,1.0,0.8036375634160796,0.5291139240506328,1.0,1.0,0.5714285714285715
23,1.0,0.8036375634160796,0.5291139240506328,1.0,1.0,0.5714285714285715
25,0.7305699481865284,0.5303300858899106,0.36962025316455693,0.5454545454545455,0.5833333333333334,0.6326530612244896
26,0.7305699481865284,0.5303300858899106,0.36962025316455693,0.5454545454545455,0.5833333333333334,0.6326530612244896
27,0.7305699481865284,0.5303300858899106,0.36962025316455693,0.5454545454545455,0.5833333333333334,0.6326530612244896
30,0.45631067961165045,0.22008521077073762,0.11392405063291138,0.23076923076923078,0.25925925925925924,1.0
32,0.7014925373134328,0.29676283766364986,0.13670886075949365,0.35294117647058826,0.3888888888888889,0.26530612244897955
33,0.7014925373134328,0.29676283766364986,0.13670886075949365,0.35294117647058826,0.3888888888888889,0.26530612244897955
35,0.0,0.0,0.0,0.0,0.0,0.7346938775510203
37,0.0,0.0,0.012658227848101266,0.0,0.0,0.32653061224489793
38,0.0,0.0,0.012658227848101266,0.0,0.0,0.32653061224489793
42,0.0,0.0,0.007594936708860759,0.0,0.0,0.48979591836734687
43,0.0,0.0,0.007594936708860759,0.0,0.0,0.48979591836734687
45,0.0,0.0,0.0,0.0,0.0,0.7346938775510203
47,0.7966101694915253,0.568257570707744,0.3797468354430379,0.6206896551724138,0.65625,0.30612244897959173
49,1.0,0.5682575707077441,0.27594936708860757,0.75,0.7777777777777778,0.28571428571428575
50,1.0,0.5682575707077441,0.27594936708860757,0.75,0.7777777777777778,0.28571428571428575
52,0.5662650602409638,0.25413251136628173,0.12658227848101267,0.2857142857142857,0.31818181818181823,0.5918367346938774
53,0.5662650602409638,0.25413251136628173,0.12658227848101267,0.2857142857142857,0.31818181818181823,0.5918367346938774
54,0.5662650602409638,0.25413251136628173,0.12658227848101267,0.2857142857142857,0.31818181818181823,0.5918367346938774
56,0.5662650602409638,0.25413251136628173,0.12658227848101267,0.2857142857142857,0.31818181818181823,0.5918367346938774
59,0.5662650602409638,0.25413251136628173,0.12658227848101267,0.2857142857142857,0.31818181818181823,0.5918367346938774
