6,0.5,0.9350324669687756,0.9914728682170544,0.8284810126582279,0.8451428571428572,0.0
8,0.5,0.9350324669687756,0.9914728682170544,0.8284810126582279,0.8451428571428572,0.0
9,0.5,0.9350324669687756,0.9914728682170544,0.8284810126582279,0.8451428571428572,0.0
10,0.5,0.9350324669687756,0.9914728682170544,0.8284810126582279,0.8451428571428572,0.0
11,0.5,0.9350324669687756,0.9914728682170544,0.8284810126582279,0.8451428571428572,0.0
12,0.5,0.9350324669687756,0.9914728682170544,0.8284810126582279,0.8451428571428572,0.0
13,0.5,0.9350324669687756,0.9914728682170544,0.8284810126582279,0.8451428571428572,0.0
15,0.5,0.9350324669687756,0.9914728682170544,0.8284810126582279,0.8451428571428572,0.0
17,0.5,0.9350324669687756,0.9914728682170544,0.8284810126582279,0.8451428571428572,0.0
18,0.5,0.9350324669687756,0.9914728682170544,0.8284810126582279,0.8451428571428572,0.0
19,0.5,0.9350324669687756,0.9914728682170544,0.8284810126582279,0.8451428571428572,0.0
20,0.5,0.9350324669687756,0.9914728682170544,0.8284810126582279,0.8451428571428572,0.0
21,0.5080385852090032,0.9486832980505139,0.9934108527131783,0.8555555555555556,0.8700000000000001,0.15917602996254654
22,0.5015873015873016,0.9377154924749758,0.9918604651162791,0.8337579617834396,0.8500000000000001,0.03183520599250953
23,0.5031847133757962,0.9404217477195086,0.992248062015504,0.8391025641025642,0.854913294797688,0.0636704119850185
25,0.5374149659863945,1.0,1.0,0.9625000000000001,0.9666666666666667,0.7003745318352057
27,0.5,0.9350324669687756,0.9914728682170544,0.8284810126582279,0.8451428571428572,0.0
29,0.5,0.9350324669687756,0.9914728682170544,0.8284810126582279,0.8451428571428572,0.0
31,0.5703971119133574,0.8134892168199607,0.594186046511628,1.0,1.0,0.7303370786516855
36,0.4250576479631053,0.5225562318831115,0.40232558139534885,0.55,0.58,0.7303370786516853
37,0.4250576479631053,0.5225562318831115,0.40232558139534885,0.55,0.58,0.7303370786516853
39,0.2710120068610634,0.20180183819889375,0.10891472868217056,0.23692307692307696,0.25970149253731345,1.0
40,0.21974965229485394,0.12478354962115545,0.053875968992248065,0.15714285714285714,0.17400000000000002,0.7546816479400748
42,0.3534675615212528,0.17149858514250885,0.060077519379844964,0.23333333333333336,0.25588235294117645,0.24531835205992508
46,0.5501392757660167,0.5547950410914819,0.29844961240310075,0.7700000000000001,0.7909090909090909,0.2696629213483146
47,0.0,0.0,0.0027131782945736434,0.0,0.0,0.19101123595505617
48,0.5922038980509745,0.598089167121675,0.30077519379844964,0.875,0.8877551020408163,0.4606741573033708
49,0.5374149659863945,0.3429971702850177,0.12209302325581396,0.49677419354838714,0.5272727272727273,0.08239700374531835
51,0.6353887399463807,0.5007733956671916,0.18372093023255817,0.7700000000000001,0.7909090909090909,0.37827715355805247
55,0.5,0.9350324669687756,0.9914728682170544,0.8284810126582279,0.8451428571428572,0.0
58,0.4250576479631053,0.5225562318831115,0.40232558139534885,0.55,0.58,0.7303370786516853
60,0.4250576479631053,0.5225562318831115,0.40232558139534885,0.55,0.58,0.7303370786516853
61,0.0,0.0,0.00038759689922480614,0.0,0.0,0.38202247191011235
62,0.46121768140116765,0.5590566114682523,0.4069767441860465,0.6267441860465117,0.6548387096774194,0.34831460674157316
63,0.0,0.0,0.0015503875968992246,0.0,0.0,0.28651685393258425
64,0.49265033407572384,0.592078068156331,0.4104651162790698,0.7000000000000001,0.725,0.061797752808988776
65,0.0,0.0,0.0019379844961240308,0.0,0.0,0.25468164794007486
66,0.5244191559981034,0.6269355057278588,0.4135658914728682,0.7811594202898552,0.8013157894736842,0.19288389513108606
67,0.8610354223433243,0.6507913734559685,0.12713178294573643,0.8555555555555556,0.8700000000000001,0.49625468164794
68,0.45350172215843865,0.46580257053340274,0.29147286821705426,0.5661764705882354,0.595890410958904,0.30337078651685384
69,0.0,0.0,0.002325581395348837,0.0,0.0,0.22284644194756553
70,0.48675292667898956,0.4950737714883372,0.29418604651162794,0.6311475409836066,0.6590909090909092,0.08052434456928827
71,0.0,0.0,0.0034883720930232558,0.0,0.0,0.12734082397003743
72,0.5080385852090032,0.5144957554275266,0.2957364341085271,0.6754385964912281,0.7016129032258065,0.04681647940074901
73,0.0,0.0,0.0038759689922480624,0.0,0.0,0.09550561797752809
74,0.5252659574468086,0.5306618532579188,0.2968992248062015,0.712962962962963,0.7372881355932203,0.14232209737827733
75,0.0,0.0,0.0034883720930232558,0.0,0.0,0.12734082397003743
77,0.5501392757660167,0.5547950410914819,0.29844961240310075,0.7700000000000001,0.7909090909090909,0.2696629213483146
80,0.4416491963661775,0.576350527713689,0.46162790697674416,0.5980582524271845,0.6270270270270271,0.6254681647940072
82,0.4416491963661775,0.576350527713689,0.46162790697674416,0.5980582524271845,0.6270270270270271,0.6254681647940072
83,0.4416491963661775,0.576350527713689,0.46162790697674416,0.5980582524271845,0.6270270270270271,0.6254681647940072
85,0.4416491963661775,0.576350527713689,0.46162790697674416,0.5980582524271845,0.6270270270270271,0.6254681647940072
87,0.0,0.0,0.0007751937984496123,0.0,0.0,0.35018726591760296
88,0.0,0.0,0.0015503875968992246,0.0,0.0,0.28651685393258425
90,0.0,0.0,0.004263565891472868,0.0,0.0,0.06367041198501872
92,0.4416491963661775,0.576350527713689,0.46162790697674416,0.5980582524271845,0.6270270270270271,0.6254681647940072
94,0.8610354223433243,0.6507913734559685,0.12713178294573643,0.8555555555555556,0.8700000000000001,0.49625468164794
95,0.9028571428571428,0.5144957554275265,0.06627906976744187,0.4529411764705883,0.48333333333333334,0.2640449438202247
97,0.8229166666666667,0.42008402520840293,0.06589147286821706,0.4277777777777778,0.45789473684210524,0.23220973782771534
99,0.4416491963661775,0.576350527713689,0.46162790697674416,0.5980582524271845,0.6270270270270271,0.6254681647940072
101,0.0,0.0,0.0019379844961240308,0.0,0.0,0.25468164794007486
102,0.0,0.0,0.002325581395348837,0.0,0.0,0.22284644194756553
104,0.0,0.0,0.004651162790697674,0.0,0.0,0.03183520599250936
106,0.4416491963661775,0.576350527713689,0.46162790697674416,0.5980582524271845,0.6270270270270271,0.6254681647940072
108,0.0,0.0,0.004651162790697674,0.0,0.0,0.03183520599250936
112,0.4442882249560632,0.5791967204687432,0.462015503875969,0.603921568627451,0.6327272727272727,0.5936329588014982
114,0.3674418604651163,0.17647058823529413,0.060465116279069774,0.24062500000000003,0.26363636363636367,0.2134831460674157
115,0.0,0.0,0.004651162790697674,0.0,0.0,0.03183520599250936
117,0.4469589816124469,0.5820855000871992,0.4624031007751938,0.60990099009901,0.6385321100917432,0.5617977528089887
119,0.6991150442477876,0.32539568672798425,0.06511627906976744,0.38500000000000006,0.41428571428571426,0.16853932584269662
120,0.0,0.0,0.004651162790697674,0.0,0.0,0.03183520599250936
125,0.44966204197794374,0.5850179393017046,0.4627906976744186,0.6160000000000001,0.6444444444444444,0.5299625468164791
126,0.44966204197794374,0.5850179393017046,0.4627906976744186,0.6160000000000001,0.6444444444444444,0.5299625468164791
127,0.44966204197794374,0.5850179393017046,0.4627906976744186,0.6160000000000001,0.6444444444444444,0.5299625468164791
129,0.0,0.0,0.0031007751937984496,0.0,0.0,0.15917602996254682
130,0.0,0.0,0.0034883720930232558,0.0,0.0,0.12734082397003743
132,0.0,0.0,0.004651162790697674,0.0,0.0,0.03183520599250936
134,0.44966204197794374,0.5850179393017046,0.4627906976744186,0.6160000000000001,0.6444444444444444,0.5299625468164791
136,0.6502057613168724,0.29704426289300234,0.06472868217054265,0.3666666666666667,0.39545454545454545,0.13670411985018724
137,0.0,0.0,0.0034883720930232558,0.0,0.0,0.12734082397003743
139,0.9028571428571428,0.5144957554275265,0.06627906976744187,0.4529411764705883,0.48333333333333334,0.2640449438202247
141,0.44966204197794374,0.5850179393017046,0.4627906976744186,0.6160000000000001,0.6444444444444444,0.5299625468164791
143,0.0,0.0,0.0027131782945736434,0.0,0.0,0.19101123595505617
144,0.0,0.0,0.0034883720930232558,0.0,0.0,0.12734082397003743
146,0.0,0.0,0.004263565891472868,0.0,0.0,0.06367041198501872
149,0.44966204197794374,0.5850179393017046,0.4627906976744186,0.6160000000000001,0.6444444444444444,0.5299625468164791
151,0.0,0.0,0.0050387596899224806,0.0,0.0,0.0
155,0.44966204197794374,0.5850179393017046,0.4627906976744186,0.6160000000000001,0.6444444444444444,0.5299625468164791
157,0.0,0.0,0.00038759689922480614,0.0,0.0,0.38202247191011235
158,0.0,0.0,0.00038759689922480614,0.0,0.0,0.38202247191011235
159,0.0,0.0,0.004263565891472868,0.0,0.0,0.06367041198501872
161,0.45516744688512784,0.5910182802934225,0.46356589147286825,0.6285714285714286,0.6566037735849056,0.46629213483146065
163,0.6991150442477876,0.32539568672798425,0.06511627906976744,0.38500000000000006,0.41428571428571426,0.16853932584269662
164,0.6991150442477876,0.32539568672798425,0.06511627906976744,0.38500000000000006,0.41428571428571426,0.16853932584269662
165,1.0,0.7276068751089989,0.06666666666666667,0.48125000000000007,0.5117647058823529,0.29588014981273403
170,0.42229858724704084,0.519827460062754,0.40193798449612406,0.5444444444444445,0.5745283018867925,0.7621722846441948
171,0.42229858724704084,0.519827460062754,0.40193798449612406,0.5444444444444445,0.5745283018867925,0.7621722846441948
172,0.42229858724704084,0.519827460062754,0.40193798449612406,0.5444444444444445,0.5745283018867925,0.7621722846441948
174,0.0,0.0,0.0,0.0,0.0,0.4138576779026216
175,0.0,0.0,0.002325581395348837,0.0,0.0,0.22284644194756553
177,0.0,0.0,0.0027131782945736434,0.0,0.0,0.19101123595505617
179,0.42229858724704084,0.519827460062754,0.40193798449612406,0.5444444444444445,0.5745283018867925,0.7621722846441948
181,0.0,0.0,0.002325581395348837,0.0,0.0,0.22284644194756553
182,0.0,0.0,0.0050387596899224806,0.0,0.0,0.0
184,0.42229858724704084,0.519827460062754,0.40193798449612406,0.5444444444444445,0.5745283018867925,0.7621722846441948
186,0.0,0.0,0.0027131782945736434,0.0,0.0,0.19101123595505617
187,0.0,0.0,0.004651162790697674,0.0,0.0,0.03183520599250936
191,0.4250576479631053,0.5225562318831115,0.40232558139534885,0.55,0.58,0.7303370786516853
192,0.4250576479631053,0.5225562318831115,0.40232558139534885,0.55,0.58,0.7303370786516853
193,0.4250576479631053,0.5225562318831115,0.40232558139534885,0.55,0.58,0.7303370786516853
195,0.0,0.0,0.0011627906976744184,0.0,0.0,0.31835205992509363
196,0.0,0.0,0.0031007751937984496,0.0,0.0,0.15917602996254682
198,0.0,0.0,0.0031007751937984496,0.0,0.0,0.15917602996254682
200,0.4250576479631053,0.5225562318831115,0.40232558139534885,0.55,0.58,0.7303370786516853
202,0.0,0.0,0.0031007751937984496,0.0,0.0,0.15917602996254682
203,0.0,0.0,0.0050387596899224806,0.0,0.0,0.0
205,0.4250576479631053,0.5225562318831115,0.40232558139534885,0.55,0.58,0.7303370786516853
207,0.0,0.0,0.0031007751937984496,0.0,0.0,0.15917602996254682
208,0.0,0.0,0.0050387596899224806,0.0,0.0,0.0
211,0.4250576479631053,0.5225562318831115,0.40232558139534885,0.55,0.58,0.7303370786516853
