5,0.8211678832116789,0.8695104295503155,0.6618852459016393,0.646551724137931,0.698529411764706,0.7173913043478262
8,0.8211678832116789,0.8695104295503155,0.6618852459016393,0.646551724137931,0.698529411764706,0.7173913043478262
9,0.8211678832116789,0.8695104295503155,0.6618852459016393,0.646551724137931,0.698529411764706,0.7173913043478262
11,0.8211678832116789,0.8695104295503155,0.6618852459016393,0.646551724137931,0.698529411764706,0.7173913043478262
12,0.8211678832116789,0.8695104295503155,0.6618852459016393,0.646551724137931,0.698529411764706,0.7173913043478262
14,1.0,1.0,0.5512295081967213,1.0,1.0,1.0
15,1.0,1.0,0.5512295081967213,1.0,1.0,1.0
17,0.8211678832116789,0.8695104295503155,0.6618852459016393,0.646551724137931,0.698529411764706,0.7173913043478262
19,0.8490566037735849,0.8075728530872484,0.5348360655737705,0.6521739130434783,0.7037037037037037,0.6521739130434782
22,0.8211678832116789,0.8695104295503155,0.6618852459016393,0.646551724137931,0.698529411764706,0.7173913043478262
23,0.8211678832116789,0.8695104295503155,0.6618852459016393,0.646551724137931,0.698529411764706,0.7173913043478262
24,0.6617647058823529,0.8885233166386386,1.0,0.4411764705882353,0.5,0.0
27,0.6617647058823529,0.8885233166386386,1.0,0.4411764705882353,0.5,0.0
28,0.6617647058823529,0.8885233166386386,1.0,0.4411764705882353,0.5,0.0
29,0.6617647058823529,0.8885233166386386,1.0,0.4411764705882353,0.5,0.0
30,0.6617647058823529,0.8885233166386386,1.0,0.4411764705882353,0.5,0.0
31,0.6617647058823529,0.8885233166386386,1.0,0.4411764705882353,0.5,0.0
33,0.6617647058823529,0.8885233166386386,1.0,0.4411764705882353,0.5,0.0
35,0.6617647058823529,0.8885233166386386,1.0,0.4411764705882353,0.5,0.0
36,0.7258064516129031,0.9057110466368399,0.8975409836065573,0.525,0.5833333333333334,0.45652173913043476
38,0.6535269709543569,0.8219193820492586,0.8729508196721311,0.42338709677419356,0.4818840579710145,0.06521739130434792
39,0.6617647058823529,0.8885233166386386,1.0,0.4411764705882353,0.5,0.0
41,0.7258064516129031,0.9057110466368399,0.8975409836065573,0.525,0.5833333333333334,0.45652173913043476
42,0.7653061224489798,0.8068715304598786,0.6516393442622951,0.5514705882352942,0.6089743589743589,0.5
44,0.7258064516129031,0.9057110466368399,0.8975409836065573,0.525,0.5833333333333334,0.45652173913043476
48,0.6535269709543569,0.8219193820492586,0.8729508196721311,0.42338709677419356,0.4818840579710145,0.06521739130434792
49,0.6535269709543569,0.8219193820492586,0.8729508196721311,0.42338709677419356,0.4818840579710145,0.06521739130434792
51,0.8333333333333334,0.9682458365518544,0.7950819672131147,0.703125,0.75,0.9130434782608695
52,0.8333333333333334,0.9682458365518544,0.7950819672131147,0.703125,0.75,0.9130434782608695
54,0.6535269709543569,0.8219193820492586,0.8729508196721311,0.42338709677419356,0.4818840579710145,0.06521739130434792
56,0.6535269709543569,0.8219193820492586,0.8729508196721311,0.42338709677419356,0.4818840579710145,0.06521739130434792
58,0.6535269709543569,0.8219193820492586,0.8729508196721311,0.42338709677419356,0.4818840579710145,0.06521739130434792
60,0.531496062992126,0.4536437841818504,0.35450819672131145,0.2616279069767442,0.30978260869565216,0.5434782608695652
62,0.531496062992126,0.4536437841818504,0.35450819672131145,0.2616279069767442,0.30978260869565216,0.5434782608695652
66,0.7258064516129031,0.8385254915624213,0.7704918032786885,0.5113636363636364,0.5700000000000001,0.39130434782608686
67,0.7258064516129031,0.8385254915624213,0.7704918032786885,0.5113636363636364,0.5700000000000001,0.39130434782608686
70,0.7258064516129031,0.9057110466368399,0.8975409836065573,0.525,0.5833333333333334,0.45652173913043476
71,0.0,0.0,0.0,0.0,0.0,0.17391304347826086
74,0.6617647058823529,0.8885233166386386,1.0,0.4411764705882353,0.5,0.0
75,0.8211678832116789,0.8695104295503155,0.6618852459016393,0.646551724137931,0.698529411764706,0.7173913043478262
77,0.5,0.43301270189221935,0.34631147540983603,0.23936170212765956,0.28500000000000003,0.7173913043478262
78,0.6617647058823529,0.8885233166386386,1.0,0.4411764705882353,0.5,0.0
