2,0.9186046511627909,0.9189365834726815,0.8813559322033899,0.8372093023255814,0.8444444444444446,0.0
4,0.9186046511627909,0.9189365834726815,0.8813559322033899,0.8372093023255814,0.8444444444444446,0.0
5,0.9186046511627909,0.9189365834726815,0.8813559322033899,0.8372093023255814,0.8444444444444446,0.0
6,0.9186046511627909,0.9189365834726815,0.8813559322033899,0.8372093023255814,0.8444444444444446,0.0
8,0.9186046511627909,0.9189365834726815,0.8813559322033899,0.8372093023255814,0.8444444444444446,0.0
10,0.9186046511627909,0.9189365834726815,0.8813559322033899,0.8372093023255814,0.8444444444444446,0.0
13,0.9186046511627909,0.9189365834726815,0.8813559322033899,0.8372093023255814,0.8444444444444446,0.0
15,0.9294117647058825,0.9293203772845852,0.8983050847457628,0.8571428571428571,0.8636363636363638,0.1428571428571431
17,0.9294117647058825,0.9293203772845852,0.8983050847457628,0.8571428571428571,0.8636363636363638,0.1428571428571431
19,1.0,1.0,1.0,1.0,1.0,0.9999999999999997
20,1.0,1.0,1.0,1.0,1.0,0.9999999999999997
24,0.9186046511627909,0.9189365834726815,0.8813559322033899,0.8372093023255814,0.8444444444444446,0.0
25,1.0,1.0,1.0,1.0,1.0,0.9999999999999997
27,0.0,0.0,0.0,0.0,0.0,1.0
28,0.9186046511627909,0.9189365834726815,0.8813559322033899,0.8372093023255814,0.8444444444444446,0.0
