4,0.7469834087481148,1.0,1.0,0.9131149465774334,0.9346761023407729,0.0
5,0.7469834087481148,1.0,1.0,0.9131149465774334,0.9346761023407729,0.0
6,0.9361271745079844,0.8246959819739457,0.6726584673604541,0.8282934131736527,0.8678575053283262,0.6894409937888192
8,0.0,0.0,0.0,0.0,0.0,0.9999999999999998
9,0.0,0.0,0.0,0.0,0.0,0.9999999999999998
12,0.9244199143951343,0.9953099672634114,0.9101229895931883,1.0,1.0,0.8198757763975162
14,0.9244199143951343,0.9953099672634114,0.9101229895931883,1.0,1.0,0.8198757763975162
15,0.9244199143951343,0.9953099672634114,0.9101229895931883,1.0,1.0,0.8198757763975162
16,0.9244199143951343,0.9953099672634114,0.9101229895931883,1.0,1.0,0.8198757763975162
18,0.9244199143951343,0.9953099672634114,0.9101229895931883,1.0,1.0,0.8198757763975162
20,0.7469834087481148,1.0,1.0,0.9131149465774334,0.9346761023407729,0.0
25,0.7469834087481148,1.0,1.0,0.9131149465774334,0.9346761023407729,0.0
29,0.7469834087481148,1.0,1.0,0.9131149465774334,0.9346761023407729,0.0
30,0.7469834087481148,1.0,1.0,0.9131149465774334,0.9346761023407729,0.0
31,0.7469834087481148,1.0,1.0,0.9131149465774334,0.9346761023407729,0.0
32,0.7469834087481148,1.0,1.0,0.9131149465774334,0.9346761023407729,0.0
33,0.7469834087481148,1.0,1.0,0.9131149465774334,0.9346761023407729,0.0
34,0.7469834087481148,1.0,1.0,0.9131149465774334,0.9346761023407729,0.0
35,1.0,0.9162705492449477,0.7691579943235571,0.9501497005988025,0.9628938843624226,1.0
36,1.0,0.9162705492449477,0.7691579943235571,0.9501497005988025,0.9628938843624226,1.0
39,0.7469834087481148,1.0,1.0,0.9131149465774334,0.9346761023407729,0.0
41,0.7469834087481148,1.0,1.0,0.9131149465774334,0.9346761023407729,0.0
42,0.7469834087481148,1.0,1.0,0.9131149465774334,0.9346761023407729,0.0
43,0.7469834087481148,1.0,1.0,0.9131149465774334,0.9346761023407729,0.0
44,0.7469834087481148,1.0,1.0,0.9131149465774334,0.9346761023407729,0.0
45,0.7469834087481148,1.0,1.0,0.9131149465774334,0.9346761023407729,0.0
46,0.7469834087481148,1.0,1.0,0.9131149465774334,0.9346761023407729,0.0
47,0.7859488468972243,0.918222687900214,0.8590350047303689,0.8632946872213021,0.8958083832335328,0.1801242236024838
48,0.7859488468972243,0.918222687900214,0.8590350047303689,0.8632946872213021,0.8958083832335328,0.1801242236024838
51,0.7469834087481148,1.0,1.0,0.9131149465774334,0.9346761023407729,0.0
56,0.7469834087481148,1.0,1.0,0.9131149465774334,0.9346761023407729,0.0
58,0.9244199143951343,0.9953099672634114,0.9101229895931883,1.0,1.0,0.8198757763975162
59,0.9244199143951343,0.9953099672634114,0.9101229895931883,1.0,1.0,0.8198757763975162
62,0.9244199143951343,0.9953099672634114,0.9101229895931883,1.0,1.0,0.8198757763975162
63,0.7778072121593432,0.5437239636328617,0.3850520340586566,0.5044122281752286,0.5808383233532933,0.080745341614907
64,0.7778072121593432,0.5437239636328617,0.3850520340586566,0.5044122281752286,0.5808383233532933,0.080745341614907
66,0.9244199143951343,0.9953099672634114,0.9101229895931883,1.0,1.0,0.8198757763975162
67,0.9244199143951343,0.9953099672634114,0.9101229895931883,1.0,1.0,0.8198757763975162
69,0.7778072121593432,0.5437239636328617,0.3850520340586566,0.5044122281752286,0.5808383233532933,0.080745341614907
70,0.7778072121593432,0.5437239636328617,0.3850520340586566,0.5044122281752286,0.5808383233532933,0.080745341614907
72,0.7469834087481148,1.0,1.0,0.9131149465774334,0.9346761023407729,0.0
