4,0.1355593607305941,1.0,1.0,0.8904109589041092,0.8941176470588234,0.0
7,0.1355593607305941,1.0,1.0,0.8904109589041092,0.8941176470588234,0.0
9,0.1355593607305941,1.0,1.0,0.8904109589041092,0.8941176470588234,0.0
10,0.1355593607305941,1.0,1.0,0.8904109589041092,0.8941176470588234,0.0
12,0.1355593607305941,1.0,1.0,0.8904109589041092,0.8941176470588234,0.0
14,0.1355593607305941,1.0,1.0,0.8904109589041092,0.8941176470588234,0.0
15,0.0,0.8793132718166192,0.8848684210526315,0.7267080745341613,0.7342995169082123,0.6410256410256417
16,0.2640555906506633,0.933056653391719,0.8914473684210524,0.942028985507246,0.9440993788819871,0.5897435897435886
17,0.332590706556334,0.9471599248652031,0.8930921052631577,1.0,1.0,0.8974358974358975
20,0.1355593607305941,1.0,1.0,0.8904109589041092,0.8941176470588234,0.0
21,1.0,0.0,0.0,0.0,0.0,1.0
23,0.1355593607305941,1.0,1.0,0.8904109589041092,0.8941176470588234,0.0
