2,0,1.0,1.0,1.0,1.0,1.0
6,0,1.0,1.0,1.0,1.0,1.0
7,0,1.0,1.0,1.0,1.0,1.0
8,0,0.9291477283450473,0.8823529411764706,0.22077375946173255,0.8823529411764706,0.8823529411764706
10,0,0.5300058970607622,0.35294117647058826,0.016056273415398732,0.35294117647058826,0.35294117647058826
11,0,0.5300058970607622,0.35294117647058826,0.016056273415398732,0.35294117647058826,0.35294117647058826
12,0,0.5300058970607622,0.35294117647058826,0.016056273415398732,0.35294117647058826,0.35294117647058826
14,0,0.5300058970607622,0.35294117647058826,0.016056273415398732,0.35294117647058826,0.35294117647058826
15,0,0.5300058970607622,0.35294117647058826,0.016056273415398732,0.35294117647058826,0.35294117647058826
17,0,0.5300058970607622,0.35294117647058826,0.016056273415398732,0.35294117647058826,0.35294117647058826
18,0,0.5300058970607622,0.35294117647058826,0.016056273415398732,0.35294117647058826,0.35294117647058826
20,0,0.5300058970607622,0.35294117647058826,0.016056273415398732,0.35294117647058826,0.35294117647058826
21,0,0.5300058970607622,0.35294117647058826,0.016056273415398732,0.35294117647058826,0.35294117647058826
23,0,0.5300058970607622,0.35294117647058826,0.016056273415398732,0.35294117647058826,0.35294117647058826
25,0,0.5300058970607622,0.35294117647058826,0.016056273415398732,0.35294117647058826,0.35294117647058826
29,0,0.6595988735306453,0.5,0.029436501261564343,0.49999999999999994,0.49999999999999994
30,0,0.6595988735306453,0.5,0.029436501261564343,0.49999999999999994,0.49999999999999994
31,0,0.6595988735306453,0.5,0.029436501261564343,0.49999999999999994,0.49999999999999994
33,0,0.6595988735306453,0.5,0.029436501261564343,0.49999999999999994,0.49999999999999994
34,0,0.6595988735306453,0.5,0.029436501261564343,0.49999999999999994,0.49999999999999994
36,0,0.6595988735306453,0.5,0.029436501261564343,0.49999999999999994,0.49999999999999994
37,0,0.6595988735306453,0.5,0.029436501261564343,0.49999999999999994,0.49999999999999994
39,0,0.6595988735306453,0.5,0.029436501261564343,0.49999999999999994,0.49999999999999994
40,0,0.6595988735306453,0.5,0.029436501261564343,0.49999999999999994,0.49999999999999994
42,0,0.6595988735306453,0.5,0.029436501261564343,0.49999999999999994,0.49999999999999994
43,0,0.6595988735306453,0.5,0.029436501261564343,0.49999999999999994,0.49999999999999994
46,0,0.20341411126763573,0.08823529411764706,0.0028486936704739682,0.08823529411764706,0.08823529411764706
47,0,0.0,0.0,0.0,0.0,0.0
48,0,0.14890946442437825,0.058823529411764705,0.001839781328847771,0.05882352941176471,0.05882352941176471
49,0,0.0,0.0,0.0,0.0,0.0
50,0,0.08425688366512454,0.029411764705882353,0.000892015189744374,0.029411764705882353,0.029411764705882353
51,0,0.0,0.0,0.0,0.0,0.0
52,0,0.0,0.0,0.0,0.0,0.0
53,0,0.0,0.0,0.0,0.0,0.0
54,0,1.0,1.0,1.0,1.0,1.0
