7,1.0,0.0,0.0,0.0,0.0,1.0
9,1.0,0.0,0.0,0.0,0.0,1.0
10,1.0,0.0,0.0,0.0,0.0,1.0
12,1.0,0.0,0.0,0.0,0.0,1.0
14,1.0,0.0,0.0,0.0,0.0,1.0
17,0.0,1.0,1.0,1.0,1.0,0.0
21,0.0,1.0,1.0,1.0,1.0,0.0
23,0.0,1.0,1.0,1.0,1.0,0.0
24,0.0,1.0,1.0,1.0,1.0,0.0
25,0.0,1.0,1.0,1.0,1.0,0.0
26,0.0,1.0,1.0,1.0,1.0,0.0
29,0.0,1.0,1.0,1.0,1.0,0.0
30,0.0,1.0,1.0,1.0,1.0,0.0
31,0.0,1.0,1.0,1.0,1.0,0.0
32,0.0,1.0,1.0,1.0,1.0,0.0
33,0.0,1.0,1.0,1.0,1.0,0.0
34,0.0,1.0,1.0,1.0,1.0,0.0
35,1.0,0.0,0.0,0.0,0.0,1.0
36,1.0,0.0,0.0,0.0,0.0,1.0
37,1.0,0.0,0.0,0.0,0.0,1.0
38,1.0,0.0,0.0,0.0,0.0,1.0
45,0.0,1.0,1.0,1.0,1.0,0.0
47,0.0,1.0,1.0,1.0,1.0,0.0
