6,0,1.0,1.0,1.0,1.0,1.0
8,0,1.0,1.0,1.0,1.0,1.0
10,0,1.0,1.0,1.0,1.0,1.0
12,0,1.0,1.0,1.0,1.0,1.0
13,0,1.0,1.0,1.0,1.0,1.0
14,0,1.0,1.0,1.0,1.0,1.0
15,0,1.0,1.0,1.0,1.0,1.0
16,0,1.0,1.0,1.0,1.0,1.0
18,0,1.0,1.0,1.0,1.0,1.0
19,0,1.0,1.0,1.0,1.0,1.0
20,0,1.0,1.0,1.0,1.0,1.0
21,0,1.0,1.0,1.0,1.0,1.0
22,0,0.2580816101930154,0.2,0.05303030303030303,0.19999999999999998,0.19999999999999998
23,0,1.0,1.0,1.0,1.0,1.0
24,0,1.0,1.0,1.0,1.0,1.0
25,0,0.2580816101930154,0.2,0.05303030303030303,0.19999999999999998,0.19999999999999998
26,0,0.2580816101930154,0.2,0.05303030303030303,0.19999999999999998,0.19999999999999998
28,0,1.0,1.0,1.0,1.0,1.0
29,0,0.4756544720202858,0.4,0.1414141414141414,0.39999999999999997,0.39999999999999997
30,0,0.4756544720202858,0.4,0.1414141414141414,0.39999999999999997,0.39999999999999997
31,0,0.4756544720202858,0.4,0.1414141414141414,0.39999999999999997,0.39999999999999997
32,0,0.4756544720202858,0.4,0.1414141414141414,0.39999999999999997,0.39999999999999997
33,0,0.4756544720202858,0.4,0.1414141414141414,0.39999999999999997,0.39999999999999997
34,0,0.4756544720202858,0.4,0.1414141414141414,0.39999999999999997,0.39999999999999997
35,0,0.4756544720202858,0.4,0.1414141414141414,0.39999999999999997,0.39999999999999997
36,0,0.0,0.0,0.0,0.0,0.0
37,0,0.0,0.0,0.0,0.0,0.0
40,0,1.0,1.0,1.0,1.0,1.0
41,0,1.0,1.0,1.0,1.0,1.0
