2,0.8589743589743591,0.9761033642897547,1.0,0.8076923076923077,0.8749999999999999,0.0
3,0.8589743589743591,0.9761033642897547,1.0,0.8076923076923077,0.8749999999999999,0.0
5,0.8589743589743591,0.9761033642897547,1.0,0.8076923076923077,0.8749999999999999,0.0
6,0.8589743589743591,0.9761033642897547,1.0,0.8076923076923077,0.8749999999999999,0.0
7,0.8589743589743591,0.9761033642897547,1.0,0.8076923076923077,0.8749999999999999,0.0
8,0.8589743589743591,0.9761033642897547,1.0,0.8076923076923077,0.8749999999999999,0.0
9,0.8589743589743591,0.9761033642897547,1.0,0.8076923076923077,0.8749999999999999,0.0
10,0.9503546099290782,0.9660917830792959,0.8837209302325582,0.9,0.9375,0.6818181818181819
12,0.5447154471544715,0.2788866755113585,0.12790697674418605,0.15000000000000002,0.22727272727272727,0.6818181818181821
13,0.8589743589743591,0.9761033642897547,1.0,0.8076923076923077,0.8749999999999999,0.0
14,0.8589743589743591,0.9761033642897547,1.0,0.8076923076923077,0.8749999999999999,0.0
16,0.9503546099290782,0.9660917830792959,0.8837209302325582,0.9,0.9375,0.6818181818181819
17,1.0,1.0,0.8953488372093024,1.0,1.0,1.0
20,0.9503546099290782,0.7888106377466154,0.5930232558139537,0.6666666666666666,0.7692307692307693,0.4545454545454545
21,0.9503546099290782,0.7888106377466154,0.5930232558139537,0.6666666666666666,0.7692307692307693,0.4545454545454545
26,0.8589743589743591,0.9761033642897547,1.0,0.8076923076923077,0.8749999999999999,0.0
28,0.8589743589743591,0.9761033642897547,1.0,0.8076923076923077,0.8749999999999999,0.0
29,0.8589743589743591,0.9761033642897547,1.0,0.8076923076923077,0.8749999999999999,0.0
30,0.8589743589743591,0.9761033642897547,1.0,0.8076923076923077,0.8749999999999999,0.0
31,0.0,0.0,0.0,0.0,0.0,0.3181818181818183
33,0.8589743589743591,0.9761033642897547,1.0,0.8076923076923077,0.8749999999999999,0.0
34,0.8589743589743591,0.9761033642897547,1.0,0.8076923076923077,0.8749999999999999,0.0
