2,0.09511077158135958,1.0,1.0,1.0,1.0,0.0
5,0.09511077158135958,1.0,1.0,1.0,1.0,0.0
6,0.09511077158135958,1.0,1.0,1.0,1.0,0.0
7,0.09511077158135958,1.0,1.0,1.0,1.0,0.0
8,0.09511077158135958,1.0,1.0,1.0,1.0,0.0
9,0.09511077158135958,1.0,1.0,1.0,1.0,0.0
10,0.0,0.0,0.0,0.0,0.0,0.09708737864077696
11,0.09511077158135958,1.0,1.0,1.0,1.0,0.0
13,0.09993979530403302,0.6113198037832706,0.5001262945188178,0.7843241236676037,0.796578034682081,0.019417475728155265
15,0.08868310925117946,0.4480835369233,0.33341752967921195,0.6403844904851594,0.6572426028730041,0.019417475728155265
17,1.0,0.16208092893219728,0.04369790351098762,0.3257728072379995,0.34223053383202995,1.0
18,1.0,0.16208092893219728,0.04369790351098762,0.3257728072379995,0.34223053383202995,1.0
20,0.09511077158135958,1.0,1.0,1.0,1.0,0.0
21,0.09511077158135958,1.0,1.0,1.0,1.0,0.0
