3,0,1.0,1.0,1.0,1.0,1.0
6,0,1.0,1.0,1.0,1.0,1.0
7,0,1.0,1.0,1.0,1.0,1.0
8,0,1.0,1.0,1.0,1.0,1.0
9,0,1.0,1.0,1.0,1.0,1.0
10,0,1.0,1.0,1.0,1.0,1.0
12,0,1.0,1.0,1.0,1.0,1.0
14,0,0.9171639591452097,0.8787878787878788,0.22041906327033692,0.8787878787878788,0.8787878787878788
16,0,0.9171639591452097,0.8787878787878788,0.22041906327033692,0.8787878787878788,0.8787878787878788
17,0,0.9171639591452097,0.8787878787878788,0.22041906327033692,0.8787878787878788,0.8787878787878788
19,0,0.8738603669338122,0.8181818181818182,0.13681183237469188,0.8181818181818181,0.8181818181818181
20,0,0.8738603669338122,0.8181818181818182,0.13681183237469188,0.8181818181818181,0.8181818181818181
21,0,0.8738603669338122,0.8181818181818182,0.13681183237469188,0.8181818181818181,0.8181818181818181
22,0,0.8738603669338122,0.8181818181818182,0.13681183237469188,0.8181818181818181,0.8181818181818181
23,0,0.8738603669338122,0.8181818181818182,0.13681183237469188,0.8181818181818181,0.8181818181818181
24,0,0.8738603669338122,0.8181818181818182,0.13681183237469188,0.8181818181818181,0.8181818181818181
28,0,0.8516845026491588,0.7878787878787878,0.11292405211879329,0.787878787878788,0.787878787878788
29,0,0.8516845026491588,0.7878787878787878,0.11292405211879329,0.787878787878788,0.787878787878788
30,0,0.8516845026491588,0.7878787878787878,0.11292405211879329,0.787878787878788,0.787878787878788
31,0,0.8516845026491588,0.7878787878787878,0.11292405211879329,0.787878787878788,0.787878787878788
40,0,0.9171639591452097,0.8787878787878788,0.22041906327033692,0.8787878787878788,0.8787878787878788
42,0,0.9171639591452097,0.8787878787878788,0.22041906327033692,0.8787878787878788,0.8787878787878788
44,0,0.9171639591452097,0.8787878787878788,0.22041906327033692,0.8787878787878788,0.8787878787878788
45,0,0.7347965936634745,0.6363636363636364,0.05320460147904685,0.6363636363636364,0.6363636363636364
46,0,0.9171639591452097,0.8787878787878788,0.22041906327033692,0.8787878787878788,0.8787878787878788
48,0,0.6589694452855949,0.5454545454545454,0.03648315529991783,0.5454545454545455,0.5454545454545455
50,0,0.6589694452855949,0.5454545454545454,0.03648315529991783,0.5454545454545455,0.5454545454545455
51,0,0.6589694452855949,0.5454545454545454,0.03648315529991783,0.5454545454545455,0.5454545454545455
53,0,0.9171639591452097,0.8787878787878788,0.22041906327033692,0.8787878787878788,0.8787878787878788
56,0,0.9171639591452097,0.8787878787878788,0.22041906327033692,0.8787878787878788,0.8787878787878788
60,0,0.0,0.0,0.0,0.0,0.0
61,0,0.0,0.0,0.0,0.0,0.0
62,0,0.0,0.0,0.0,0.0,0.0
64,0,1.0,1.0,1.0,1.0,1.0
