2,0.28918918918918934,1.0,1.0,1.0,1.0,0.0
5,0.28918918918918934,1.0,1.0,1.0,1.0,0.0
6,0.28918918918918934,1.0,1.0,1.0,1.0,0.0
7,0.28918918918918934,1.0,1.0,1.0,1.0,0.0
9,0.28918918918918934,1.0,1.0,1.0,1.0,0.0
10,0.28918918918918934,1.0,1.0,1.0,1.0,0.0
11,0.28918918918918934,1.0,1.0,1.0,1.0,0.0
12,0.28918918918918934,1.0,1.0,1.0,1.0,0.0
15,0.28918918918918934,1.0,1.0,1.0,1.0,0.0
16,0.0,0.3874867764734326,0.3805970149253731,0.10187449062754683,0.37569324348500227,1.0
18,1.0,0.0,0.0,0.0,0.0,0.9999999999999997
19,0.28918918918918934,1.0,1.0,1.0,1.0,0.0
