4,1.0,1.0,1.0,1.0,1.0,0.0
7,1.0,1.0,1.0,1.0,1.0,0.0
8,1.0,1.0,1.0,1.0,1.0,0.0
9,1.0,1.0,1.0,1.0,1.0,0.0
10,1.0,1.0,1.0,1.0,1.0,0.0
11,1.0,1.0,1.0,1.0,1.0,0.0
12,1.0,1.0,1.0,1.0,1.0,0.0
13,1.0,1.0,1.0,1.0,1.0,0.0
15,1.0,1.0,1.0,1.0,1.0,0.0
16,1.0,1.0,1.0,1.0,1.0,0.0
19,1.0,1.0,1.0,1.0,1.0,0.0
21,1.0,1.0,1.0,1.0,1.0,0.0
24,1.0,1.0,1.0,1.0,1.0,0.0
25,1.0,1.0,1.0,1.0,1.0,0.0
26,1.0,1.0,1.0,1.0,1.0,0.0
28,1.0,1.0,1.0,1.0,1.0,0.0
30,1.0,1.0,1.0,1.0,1.0,0.0
31,1.0,1.0,1.0,1.0,1.0,0.0
33,1.0,1.0,1.0,1.0,1.0,0.0
38,1.0,1.0,1.0,1.0,1.0,0.0
40,1.0,1.0,1.0,1.0,1.0,0.0
42,1.0,1.0,1.0,1.0,1.0,0.0
43,1.0,1.0,1.0,1.0,1.0,0.0
44,1.0,1.0,1.0,1.0,1.0,0.0
45,1.0,1.0,1.0,1.0,1.0,0.0
47,1.0,1.0,1.0,1.0,1.0,0.0
49,0.0,0.0,0.0,0.0,0.0,1.0
50,0.0,0.0,0.0,0.0,0.0,1.0
51,0.0,0.0,0.0,0.0,0.0,1.0
52,0.0,0.0,0.0,0.0,0.0,1.0
56,1.0,1.0,1.0,1.0,1.0,0.0
57,1.0,1.0,1.0,1.0,1.0,0.0
58,1.0,1.0,1.0,1.0,1.0,0.0
64,1.0,1.0,1.0,1.0,1.0,0.0
67,1.0,1.0,1.0,1.0,1.0,0.0
