5,0.8999999999999999,0.9045340337332908,0.9534883720930232,0.8,0.8181818181818182,0.0
7,0.8999999999999999,0.9045340337332908,0.9534883720930232,0.8,0.8181818181818182,0.0
8,0.8999999999999999,0.9045340337332908,0.9534883720930232,0.8,0.8181818181818182,0.0
9,0.8999999999999999,0.9045340337332908,0.9534883720930232,0.8,0.8181818181818182,0.0
10,0.9574468085106382,0.9583148474999098,0.9813953488372091,0.9090909090909091,0.9183673469387755,0.6000000000000001
12,0.9574468085106382,0.9583148474999098,0.9813953488372091,0.9090909090909091,0.9183673469387755,0.6000000000000001
13,0.9574468085106382,0.9583148474999098,0.9813953488372091,0.9090909090909091,0.9183673469387755,0.6000000000000001
15,0.8999999999999999,0.9045340337332908,0.9534883720930232,0.8,0.8181818181818182,0.0
17,0.8999999999999999,0.9045340337332908,0.9534883720930232,0.8,0.8181818181818182,0.0
18,0.8999999999999999,0.5720775535473555,0.3813953488372093,0.6956521739130435,0.7200000000000001,0.0
19,0.8999999999999999,0.7006490497453707,0.5720930232558139,0.75,0.7714285714285715,0.0
21,0.8999999999999999,0.9045340337332908,0.9534883720930232,0.8,0.8181818181818182,0.0
23,0.8999999999999999,0.9045340337332908,0.9534883720930232,0.8,0.8181818181818182,0.0
24,0.0,0.0,0.0,0.0,0.0,0.0
25,0.8999999999999999,0.9045340337332908,0.9534883720930232,0.8,0.8181818181818182,0.0
27,0.8999999999999999,0.9045340337332908,0.9534883720930232,0.8,0.8181818181818182,0.0
29,0.8999999999999999,0.9045340337332908,0.9534883720930232,0.8,0.8181818181818182,0.0
32,0.8999999999999999,0.9045340337332908,0.9534883720930232,0.8,0.8181818181818182,0.0
33,0.8999999999999999,0.9045340337332908,0.9534883720930232,0.8,0.8181818181818182,0.0
34,0.8999999999999999,0.9045340337332908,0.9534883720930232,0.8,0.8181818181818182,0.0
35,0.8999999999999999,0.9045340337332908,0.9534883720930232,0.8,0.8181818181818182,0.0
37,0.8999999999999999,0.9045340337332908,0.9534883720930232,0.8,0.8181818181818182,0.0
39,0.9278350515463918,0.9302605094190635,0.9674418604651162,0.851063829787234,0.8653846153846155,0.3000000000000003
41,0.9278350515463918,0.9302605094190635,0.9674418604651162,0.851063829787234,0.8653846153846155,0.3000000000000003
42,1.0,1.0,1.0,1.0,1.0,1.0
45,0.8470588235294118,0.766651877999928,0.7395348837209302,0.6956521739130435,0.7200000000000001,0.5
46,0.9350649350649352,0.8381163549234938,0.7767441860465116,0.8421052631578947,0.8571428571428571,0.3000000000000003
51,0.9278350515463918,0.9302605094190635,0.9674418604651162,0.851063829787234,0.8653846153846155,0.3000000000000003
53,0.9278350515463918,0.9302605094190635,0.9674418604651162,0.851063829787234,0.8653846153846155,0.3000000000000003
54,0.8780487804878048,0.7912565680749444,0.7534883720930233,0.7441860465116279,0.7659574468085106,0.19999999999999968
57,0.9782608695652175,0.9784921095801633,0.9906976744186047,0.9523809523809523,0.9574468085106383,0.8000000000000004
58,0.972972972972973,0.870571500132014,0.7906976744186046,0.9142857142857143,0.9230769230769231,0.6000000000000001
64,0.8999999999999999,0.9045340337332908,0.9534883720930232,0.8,0.8181818181818182,0.0
65,0.8999999999999999,0.9045340337332908,0.9534883720930232,0.8,0.8181818181818182,0.0
66,0.8999999999999999,0.7006490497453707,0.5720930232558139,0.75,0.7714285714285715,0.0
67,0.8999999999999999,0.9045340337332908,0.9534883720930232,0.8,0.8181818181818182,0.0
