4,0.26086956521739124,0.8802501629082542,0.9750000000000003,0.7499999999999999,0.7916666666666669,0.0
7,0.26086956521739124,0.8802501629082542,0.9750000000000003,0.7499999999999999,0.7916666666666669,0.0
8,0.26086956521739124,0.8802501629082542,0.9750000000000003,0.7499999999999999,0.7916666666666669,0.0
9,0.26086956521739124,0.8802501629082542,0.9750000000000003,0.7499999999999999,0.7916666666666669,0.0
10,0.6020066889632113,0.2729036224272347,0.25000000000000006,0.25000000000000006,0.29687499999999994,0.5
11,0.26086956521739124,0.8802501629082542,0.9750000000000003,0.7499999999999999,0.7916666666666669,0.0
12,0.26086956521739124,0.8802501629082542,0.9750000000000003,0.7499999999999999,0.7916666666666669,0.0
13,0.26086956521739124,0.8802501629082542,0.9750000000000003,0.7499999999999999,0.7916666666666669,0.0
15,0.4942791762013726,1.0,1.0,1.0,1.0,0.5
16,0.4942791762013726,1.0,1.0,1.0,1.0,0.5
17,0.0,0.27050058742573707,0.4499999999999999,0.13636363636363646,0.16666666666666638,0.5
18,0.4942791762013726,1.0,1.0,1.0,1.0,0.5
20,1.0,0.4363276766696626,0.275,0.46875,0.5277777777777779,1.0
21,1.0,0.4363276766696626,0.275,0.46875,0.5277777777777779,1.0
22,1.0,0.4363276766696626,0.275,0.46875,0.5277777777777779,1.0
24,0.4942791762013726,1.0,1.0,1.0,1.0,0.5
26,0.26086956521739124,0.8802501629082542,0.9750000000000003,0.7499999999999999,0.7916666666666669,0.0
27,0.26086956521739124,0.8802501629082542,0.9750000000000003,0.7499999999999999,0.7916666666666669,0.0
28,0.26086956521739124,0.8802501629082542,0.9750000000000003,0.7499999999999999,0.7916666666666669,0.0
30,0.6640316205533592,0.0,0.0,0.0,0.0,0.5
31,0.6640316205533592,0.0,0.0,0.0,0.0,0.5
33,0.26086956521739124,0.8802501629082542,0.9750000000000003,0.7499999999999999,0.7916666666666669,0.0
34,0.26086956521739124,0.8802501629082542,0.9750000000000003,0.7499999999999999,0.7916666666666669,0.0
