3,0,1.0,1.0,1.0,1.0,1.0
5,0,1.0,1.0,1.0,1.0,1.0
6,0,1.0,1.0,1.0,1.0,1.0
7,0,0.8548504142651103,0.7307692307692307,0.1043956043956044,0.7307692307692307,0.7307692307692307
8,0,0.9805806756909201,0.9615384615384616,0.9615384615384616,0.9615384615384616,0.9615384615384616
9,0,0.8548504142651103,0.7307692307692307,0.1043956043956044,0.7307692307692307,0.7307692307692307
11,0,0.8320502943378436,0.6923076923076923,0.08653846153846154,0.6923076923076923,0.6923076923076923
12,0,1.0,1.0,1.0,1.0,1.0
14,0,1.0,1.0,1.0,1.0,1.0
15,0,1.0,1.0,1.0,1.0,1.0
16,0,0.8770580193070293,0.7692307692307693,0.12820512820512822,0.7692307692307693,0.7692307692307693
17,0,0.9607689228305227,0.9230769230769231,0.46153846153846156,0.9230769230769231,0.9230769230769231
18,0,0.8320502943378436,0.6923076923076923,0.08653846153846154,0.6923076923076923,0.6923076923076923
19,0,0.6793662204867574,0.46153846153846156,0.03296703296703297,0.46153846153846156,0.46153846153846156
21,0,0.9607689228305227,0.9230769230769231,0.46153846153846156,0.9230769230769231,0.9230769230769231
22,0,0.8320502943378436,0.6923076923076923,0.08653846153846154,0.6923076923076923,0.6923076923076923
23,0,0.6793662204867574,0.46153846153846156,0.03296703296703297,0.46153846153846156,0.46153846153846156
25,0,0.8320502943378436,0.6923076923076923,0.08653846153846154,0.6923076923076923,0.6923076923076923
26,0,0.8320502943378436,0.6923076923076923,0.08653846153846154,0.6923076923076923,0.6923076923076923
27,0,0.6793662204867574,0.46153846153846156,0.03296703296703297,0.46153846153846156,0.46153846153846156
29,0,0.0,0.0,0.0,0.0,0.0
31,0,1.0,1.0,1.0,1.0,1.0
33,0,1.0,1.0,1.0,1.0,1.0
34,0,1.0,1.0,1.0,1.0,1.0
35,0,1.0,1.0,1.0,1.0,1.0
36,0,1.0,1.0,1.0,1.0,1.0
37,0,1.0,1.0,1.0,1.0,1.0
38,0,1.0,1.0,1.0,1.0,1.0
39,0,1.0,1.0,1.0,1.0,1.0
40,0,1.0,1.0,1.0,1.0,1.0
41,0,1.0,1.0,1.0,1.0,1.0
42,0,1.0,1.0,1.0,1.0,1.0
43,0,1.0,1.0,1.0,1.0,1.0
44,0,0.9405399431259603,0.8846153846153846,0.2948717948717949,0.8846153846153846,0.8846153846153846
45,0,0.9405399431259603,0.8846153846153846,0.2948717948717949,0.8846153846153846,0.8846153846153846
46,0,0.8770580193070293,0.7692307692307693,0.12820512820512822,0.7692307692307693,0.7692307692307693
47,0,0.8770580193070293,0.7692307692307693,0.12820512820512822,0.7692307692307693,0.7692307692307693
