19,0,1.0,1.0,1.0,1.0,1.0
20,0,1.0,1.0,1.0,1.0,1.0
21,0,1.0,1.0,1.0,1.0,1.0
22,0,0.2289240347910532,0.2,0.017260579064587972,0.20000000000000004,0.20000000000000004
23,0,1.0,1.0,1.0,1.0,1.0
24,0,0.44038235349165433,0.4,0.04602821083890127,0.4000000000000001,0.4000000000000001
26,0,1.0,1.0,1.0,1.0,1.0
27,0,1.0,1.0,1.0,1.0,1.0
28,0,0.0,0.0,0.0,0.0,0.0
29,0,1.0,1.0,1.0,1.0,1.0
30,0,0.2289240347910532,0.2,0.017260579064587972,0.20000000000000004,0.20000000000000004
32,0,1.0,1.0,1.0,1.0,1.0
33,0,1.0,1.0,1.0,1.0,1.0
34,0,0.2289240347910532,0.2,0.017260579064587972,0.20000000000000004,0.20000000000000004
35,0,1.0,1.0,1.0,1.0,1.0
36,0,0.301152370977046,0.26666666666666666,0.025106296821218867,0.26666666666666666,0.26666666666666666
38,0,1.0,1.0,1.0,1.0,1.0
41,0,1.0,1.0,1.0,1.0,1.0
42,0,1.0,1.0,1.0,1.0,1.0
43,0,1.0,1.0,1.0,1.0,1.0
44,0,1.0,1.0,1.0,1.0,1.0
45,0,1.0,1.0,1.0,1.0,1.0
47,0,1.0,1.0,1.0,1.0,1.0
48,0,1.0,1.0,1.0,1.0,1.0
49,0,1.0,1.0,1.0,1.0,1.0
50,0,0.7629669681656871,0.7333333333333333,0.18986636971046772,0.7333333333333334,0.7333333333333334
51,0,0.7010106490805221,0.6666666666666666,0.1380846325167038,0.6666666666666667,0.6666666666666667
52,0,0.5076218991712108,0.4666666666666667,0.06041202672605791,0.4666666666666667,0.4666666666666667
54,0,0.6378509575220017,0.6,0.10356347438752786,0.5999999999999999,0.5999999999999999
56,0,1.0,1.0,1.0,1.0,1.0
57,0,1.0,1.0,1.0,1.0,1.0
58,0,1.0,1.0,1.0,1.0,1.0
59,0,1.0,1.0,1.0,1.0,1.0
60,0,1.0,1.0,1.0,1.0,1.0
61,0,1.0,1.0,1.0,1.0,1.0
64,0,0.6378509575220017,0.6,0.10356347438752786,0.5999999999999999,0.5999999999999999
66,0,1.0,1.0,1.0,1.0,1.0
69,0,1.0,1.0,1.0,1.0,1.0
