2,0.06354515050167153,0.056494899402363984,0.07692307692307697,0.04977375565610862,0.05054945054945059,0.07692307692307694
3,0.06354515050167153,0.056494899402363984,0.07692307692307697,0.04977375565610862,0.05054945054945059,0.07692307692307694
4,1.0,1.0,1.0,1.0,1.0,1.0
5,1.0,1.0,1.0,1.0,1.0,1.0
8,0.73076923076923,0.7037288816713579,0.7692307692307694,0.676923076923077,0.6804733727810653,0.7692307692307692
9,0.06354515050167153,0.056494899402363984,0.07692307692307697,0.04977375565610862,0.05054945054945059,0.07692307692307694
10,0.06354515050167153,0.056494899402363984,0.07692307692307697,0.04977375565610862,0.05054945054945059,0.07692307692307694
11,0.19632606199770433,0.177094103056306,0.23076923076923092,0.15865384615384617,0.160839160839161,0.23076923076923084
12,0.19632606199770433,0.177094103056306,0.23076923076923092,0.15865384615384617,0.160839160839161,0.23076923076923084
13,0.19632606199770433,0.177094103056306,0.23076923076923092,0.15865384615384617,0.160839160839161,0.23076923076923084
15,0.06354515050167153,0.056494899402363984,0.07692307692307697,0.04977375565610862,0.05054945054945059,0.07692307692307694
16,0.06354515050167153,0.056494899402363984,0.07692307692307697,0.04977375565610862,0.05054945054945059,0.07692307692307694
17,0.06354515050167153,0.056494899402363984,0.07692307692307697,0.04977375565610862,0.05054945054945059,0.07692307692307694
18,0.33727810650887546,0.3091835562712727,0.3846153846153845,0.28205128205128205,0.2853598014888338,0.38461538461538475
19,0.33727810650887546,0.3091835562712727,0.3846153846153845,0.28205128205128205,0.2853598014888338,0.38461538461538475
21,0.06354515050167153,0.056494899402363984,0.07692307692307697,0.04977375565610862,0.05054945054945059,0.07692307692307694
22,0.06354515050167153,0.056494899402363984,0.07692307692307697,0.04977375565610862,0.05054945054945059,0.07692307692307694
24,0.0,0.0,0.0,0.0,0.0,0.0
26,0.0,0.0,0.0,0.0,0.0,0.0
27,0.0,0.0,0.0,0.0,0.0,0.0
28,0.06354515050167153,0.056494899402363984,0.07692307692307697,0.04977375565610862,0.05054945054945059,0.07692307692307694
29,0.06354515050167153,0.056494899402363984,0.07692307692307697,0.04977375565610862,0.05054945054945059,0.07692307692307694
31,0.0,0.0,0.0,0.0,0.0,0.0
