3,0.3055555555555559,1.0,1.0,1.0,1.0,0.0
5,0.3055555555555559,1.0,1.0,1.0,1.0,0.0
6,0.3055555555555559,1.0,1.0,1.0,1.0,0.0
8,0.3055555555555559,1.0,1.0,1.0,1.0,0.0
9,0.3055555555555559,1.0,1.0,1.0,1.0,0.0
10,0.3055555555555559,1.0,1.0,1.0,1.0,0.0
14,0.3055555555555559,1.0,1.0,1.0,1.0,0.0
15,0.3055555555555559,1.0,1.0,1.0,1.0,0.0
16,0.3055555555555559,1.0,1.0,1.0,1.0,0.0
17,1.0,0.0,0.0,0.0,0.0,0.999999999999999
18,1.0,0.0,0.0,0.0,0.0,0.999999999999999
22,0.0,0.46412194283372465,0.4912790697674418,0.4354838709677418,0.46646341463414615,1.0
23,0.0,0.46412194283372465,0.4912790697674418,0.4354838709677418,0.46646341463414615,1.0
