2,0.6678571428571427,1.0,1.0,1.0,1.0,0.0
6,0.6678571428571427,1.0,1.0,1.0,1.0,0.0
7,0.6678571428571427,1.0,1.0,1.0,1.0,0.0
9,0.657079646017699,0.6746510895249677,0.5052410901467506,0.6844850065189049,0.7477567298105684,0.05555555555555535
11,0.6804123711340204,0.6299081361467141,0.4360587002096436,0.6426553672316385,0.7107709130672499,0.05555555555555567
13,0.6804123711340204,0.6299081361467141,0.4360587002096436,0.6426553672316385,0.7107709130672499,0.05555555555555567
15,0.0,0.0,0.0,0.0,0.0,0.9444444444444442
16,0.0,0.0,0.0,0.0,0.0,0.9444444444444442
18,0.6804123711340204,0.6299081361467141,0.4360587002096436,0.6426553672316385,0.7107709130672499,0.05555555555555567
20,1.0,0.7104269275314462,0.37735849056603776,0.8025922233300101,0.8474576271186441,1.0
21,1.0,0.7104269275314462,0.37735849056603776,0.8025922233300101,0.8474576271186441,1.0
22,1.0,0.7104269275314462,0.37735849056603776,0.8025922233300101,0.8474576271186441,1.0
25,0.6678571428571427,1.0,1.0,1.0,1.0,0.0
26,0.6678571428571427,1.0,1.0,1.0,1.0,0.0
