4,0.8173076923076923,1.0,1.0,0.8653846153846154,0.8793103448275862,0.0
5,0.8173076923076923,1.0,1.0,0.8653846153846154,0.8793103448275862,0.0
6,0.8173076923076923,1.0,1.0,0.8653846153846154,0.8793103448275862,0.0
7,0.8173076923076923,1.0,1.0,0.8653846153846154,0.8793103448275862,0.0
8,0.8173076923076923,1.0,1.0,0.8653846153846154,0.8793103448275862,0.0
9,0.8173076923076923,1.0,1.0,0.8653846153846154,0.8793103448275862,0.0
10,0.80188679245283,0.8027729719194864,0.6678966789667897,0.7894736842105263,0.8095238095238095,0.21052631578947387
11,0.80188679245283,0.8027729719194864,0.6678966789667897,0.7894736842105263,0.8095238095238095,0.21052631578947387
13,0.85,0.5983516452371672,0.3505535055350553,0.75,0.7727272727272727,0.21052631578947342
14,0.85,0.5983516452371672,0.3505535055350553,0.75,0.7727272727272727,0.21052631578947342
15,0.85,0.5983516452371672,0.3505535055350553,0.75,0.7727272727272727,0.21052631578947342
16,0.6854838709677418,0.35203923635246104,0.16974169741697417,0.4411764705882353,0.4722222222222222,0.5263157894736845
17,0.85,0.5983516452371672,0.3505535055350553,0.75,0.7727272727272727,0.21052631578947342
18,0.7203389830508474,0.36641405439647007,0.17343173431734316,0.46875,0.5,0.36842105263157904
20,0.85,0.5983516452371672,0.3505535055350553,0.75,0.7727272727272727,0.21052631578947342
21,1.0,0.7040784727049221,0.36900369003690037,1.0,1.0,1.0
24,0.0,0.0,0.0,0.0,0.0,0.7894736842105264
26,0.85,0.5983516452371672,0.3505535055350553,0.75,0.7727272727272727,0.21052631578947342
