3,0.23611111111111002,1.0,1.0,1.0,1.0,0.0
6,0.23611111111111002,1.0,1.0,1.0,1.0,0.0
7,0.23611111111111002,1.0,1.0,1.0,1.0,0.0
8,1.0,0.0,0.0,0.0,0.0,1.0
9,1.0,0.0,0.0,0.0,0.0,1.0
11,0.0,0.7171753573285536,0.6643356643356643,0.49576271186440674,0.7099811676082862,1.0
12,0.0,0.7171753573285536,0.6643356643356643,0.49576271186440674,0.7099811676082862,1.0
14,0.0,0.7171753573285536,0.6643356643356643,0.49576271186440674,0.7099811676082862,1.0
15,0.0,0.7171753573285536,0.6643356643356643,0.49576271186440674,0.7099811676082862,1.0
16,0.0,0.7171753573285536,0.6643356643356643,0.49576271186440674,0.7099811676082862,1.0
18,0.0,0.7171753573285536,0.6643356643356643,0.49576271186440674,0.7099811676082862,1.0
19,0.0,0.7171753573285536,0.6643356643356643,0.49576271186440674,0.7099811676082862,1.0
20,0.0,0.7171753573285536,0.6643356643356643,0.49576271186440674,0.7099811676082862,1.0
21,0.0,0.7171753573285536,0.6643356643356643,0.49576271186440674,0.7099811676082862,1.0
