9,0.5,0.9903379376602872,0.998522895125554,0.9615384615384615,0.9807692307692308,0.0
11,0.5,0.9903379376602872,0.998522895125554,0.9615384615384615,0.9807692307692308,0.0
12,0.4565217391304348,0.8504565277744449,0.8005908419497785,0.673076923076923,0.8076923076923077,0.6666666666666666
13,0.38461538461538464,0.5386728241429919,0.3751846381093058,0.3004807692307692,0.46703296703296704,1.0
14,0.38461538461538464,0.5386728241429919,0.3751846381093058,0.3004807692307692,0.46703296703296704,1.0
16,0.4565217391304348,0.8504565277744449,0.8005908419497785,0.673076923076923,0.8076923076923077,0.6666666666666666
18,0.5098039215686274,1.0,1.0,1.0,1.0,0.16666666666666655
19,0.5098039215686274,1.0,1.0,1.0,1.0,0.16666666666666655
20,0.5098039215686274,1.0,1.0,1.0,1.0,0.16666666666666655
21,0.5098039215686274,1.0,1.0,1.0,1.0,0.16666666666666655
22,0.5098039215686274,1.0,1.0,1.0,1.0,0.16666666666666655
23,0.5098039215686274,1.0,1.0,1.0,1.0,0.16666666666666655
25,0.5098039215686274,1.0,1.0,1.0,1.0,0.16666666666666655
26,0.5,0.9711062440732767,0.9601181683899557,0.9245562130177515,0.9615384615384616,0.0
27,0.5,0.9711062440732767,0.9601181683899557,0.9245562130177515,0.9615384615384616,0.0
28,0.5,0.9711062440732767,0.9601181683899557,0.9245562130177515,0.9615384615384616,0.0
31,0.5098039215686274,1.0,1.0,1.0,1.0,0.16666666666666655
32,0.5098039215686274,1.0,1.0,1.0,1.0,0.16666666666666655
33,0.5098039215686274,1.0,1.0,1.0,1.0,0.16666666666666655
34,0.5098039215686274,1.0,1.0,1.0,1.0,0.16666666666666655
38,0.5,0.9903379376602872,0.998522895125554,0.9615384615384615,0.9807692307692308,0.0
40,0.5,0.9903379376602872,0.998522895125554,0.9615384615384615,0.9807692307692308,0.0
41,0.5,0.9903379376602872,0.998522895125554,0.9615384615384615,0.9807692307692308,0.0
42,0.5,0.9903379376602872,0.998522895125554,0.9615384615384615,0.9807692307692308,0.0
43,0.5,0.9903379376602872,0.998522895125554,0.9615384615384615,0.9807692307692308,0.0
44,0.5,0.9903379376602872,0.998522895125554,0.9615384615384615,0.9807692307692308,0.0
45,0.5,0.9903379376602872,0.998522895125554,0.9615384615384615,0.9807692307692308,0.0
46,0.5098039215686274,1.0,1.0,1.0,1.0,0.16666666666666655
47,1.0,0.27467032417472503,0.03988183161004431,0.038461538461538464,0.07544378698224853,0.16666666666666666
48,0.5098039215686274,1.0,1.0,1.0,1.0,0.16666666666666655
49,0.0,0.0,0.0,0.0,0.0,0.0
51,0.5098039215686274,1.0,1.0,1.0,1.0,0.16666666666666655
54,0.5,0.9903379376602872,0.998522895125554,0.9615384615384615,0.9807692307692308,0.0
