2,0.6890909090909093,1.0,1.0,0.8608000000000001,0.9157446808510639,0.0
4,0.6890909090909093,1.0,1.0,0.8608000000000001,0.9157446808510639,0.0
5,0.6890909090909093,1.0,1.0,0.8608000000000001,0.9157446808510639,0.0
6,0.6890909090909093,1.0,1.0,0.8608000000000001,0.9157446808510639,0.0
7,0.6890909090909093,1.0,1.0,0.8608000000000001,0.9157446808510639,0.0
8,0.6890909090909093,1.0,1.0,0.8608000000000001,0.9157446808510639,0.0
9,0.6890909090909093,1.0,1.0,0.8608000000000001,0.9157446808510639,0.0
10,0.6504945954798561,0.9481909020155275,0.9427312775330396,0.7769230769230769,0.8595744680851063,0.17605633802816886
11,0.6504945954798561,0.9481909020155275,0.9427312775330396,0.7769230769230769,0.8595744680851063,0.17605633802816886
14,0.7546484729583324,0.9606868722768788,0.8942731277533039,0.8486956521739132,0.9079069767441861,0.26760563380281693
15,0.7546484729583324,0.9606868722768788,0.8942731277533039,0.8486956521739132,0.9079069767441861,0.26760563380281693
16,0.7546484729583324,0.9606868722768788,0.8942731277533039,0.8486956521739132,0.9079069767441861,0.26760563380281693
17,0.7546484729583324,0.9606868722768788,0.8942731277533039,0.8486956521739132,0.9079069767441861,0.26760563380281693
18,0.7546484729583324,0.9606868722768788,0.8942731277533039,0.8486956521739132,0.9079069767441861,0.26760563380281693
19,0.7546484729583324,0.9606868722768788,0.8942731277533039,0.8486956521739132,0.9079069767441861,0.26760563380281693
20,0.7546484729583324,0.9606868722768788,0.8942731277533039,0.8486956521739132,0.9079069767441861,0.26760563380281693
21,0.7546484729583324,0.9606868722768788,0.8942731277533039,0.8486956521739132,0.9079069767441861,0.26760563380281693
22,0.7546484729583324,0.9606868722768788,0.8942731277533039,0.8486956521739132,0.9079069767441861,0.26760563380281693
23,0.7546484729583324,0.9606868722768788,0.8942731277533039,0.8486956521739132,0.9079069767441861,0.26760563380281693
24,0.7546484729583324,0.9606868722768788,0.8942731277533039,0.8486956521739132,0.9079069767441861,0.26760563380281693
25,0.7546484729583324,0.9606868722768788,0.8942731277533039,0.8486956521739132,0.9079069767441861,0.26760563380281693
26,0.7546484729583324,0.9606868722768788,0.8942731277533039,0.8486956521739132,0.9079069767441861,0.26760563380281693
27,0.6890909090909093,1.0,1.0,0.8608000000000001,0.9157446808510639,0.0
28,1.0,0.9875705946798085,0.7951541850220263,1.0,1.0,1.0
30,0.0,0.0,0.0,0.0,0.0,1.0
31,0.6890909090909093,1.0,1.0,0.8608000000000001,0.9157446808510639,0.0
