5,0,1.0,1.0,1.0,1.0,1.0
6,0,1.0,1.0,1.0,1.0,1.0
7,0,1.0,1.0,1.0,1.0,1.0
8,0,1.0,1.0,1.0,1.0,1.0
9,0,0.242535625036333,0.058823529411764705,0.0012254901960784314,0.058823529411764705,0.058823529411764705
10,0,0.19802950859533489,0.0392156862745098,0.0008003201280512204,0.0392156862745098,0.0392156862745098
11,0,0.242535625036333,0.058823529411764705,0.0012254901960784314,0.058823529411764705,0.058823529411764705
13,0,0.970142500145332,0.9411764705882353,0.3137254901960784,0.9411764705882353,0.9411764705882353
14,0,0.970142500145332,0.9411764705882353,0.3137254901960784,0.9411764705882353,0.9411764705882353
15,0,0.9074852129730302,0.8235294117647058,0.09150326797385622,0.8235294117647058,0.8235294117647058
16,0,0.970142500145332,0.9411764705882353,0.3137254901960784,0.9411764705882353,0.9411764705882353
17,0,0.970142500145332,0.9411764705882353,0.3137254901960784,0.9411764705882353,0.9411764705882353
18,0,0.5048781642974013,0.2549019607843137,0.006707946336429309,0.2549019607843137,0.2549019607843137
19,0,0.5048781642974013,0.2549019607843137,0.006707946336429309,0.2549019607843137,0.2549019607843137
21,0,0.828416869579514,0.6862745098039216,0.0428921568627451,0.6862745098039216,0.6862745098039216
22,0,0.242535625036333,0.058823529411764705,0.0012254901960784314,0.058823529411764705,0.058823529411764705
23,0,0.242535625036333,0.058823529411764705,0.0012254901960784314,0.058823529411764705,0.058823529411764705
24,0,0.242535625036333,0.058823529411764705,0.0012254901960784314,0.058823529411764705,0.058823529411764705
25,0,0.242535625036333,0.058823529411764705,0.0012254901960784314,0.058823529411764705,0.058823529411764705
28,0,0.7921180343813395,0.6274509803921569,0.033023735810113516,0.6274509803921569,0.6274509803921569
29,0,0.0,0.0,0.0,0.0,0.0
31,0,0.7921180343813395,0.6274509803921569,0.033023735810113516,0.6274509803921569,0.6274509803921569
32,0,0.7409585736349483,0.5490196078431373,0.023870417732310318,0.5490196078431373,0.5490196078431373
33,0,0.7409585736349483,0.5490196078431373,0.023870417732310318,0.5490196078431373,0.5490196078431373
34,0,0.7409585736349483,0.5490196078431373,0.023870417732310318,0.5490196078431373,0.5490196078431373
37,0,0.28005601680560194,0.0784313725490196,0.001668752607425949,0.0784313725490196,0.0784313725490196
