2,0.0,0.17592947406135645,0.8928571428571432,0.0,0.0,0.0
4,0.0,0.17592947406135645,0.8928571428571432,0.0,0.0,0.0
6,0.0,0.17592947406135645,0.8928571428571432,0.0,0.0,0.0
7,0.0,0.17592947406135645,0.8928571428571432,0.0,0.0,0.0
8,0.0,0.17592947406135645,0.8928571428571432,0.0,0.0,0.0
9,0.0,0.17592947406135645,0.8928571428571432,0.0,0.0,0.0
10,1.0,1.0,1.0,1.0,1.0,1.0
11,1.0,1.0,1.0,1.0,1.0,1.0
12,0.8432240921169162,0.0,0.0,0.6424242424242426,0.646464646464646,0.7727272727272727
14,1.0,1.0,1.0,1.0,1.0,1.0
17,0.0,0.17592947406135645,0.8928571428571432,0.0,0.0,0.0
18,0.0,0.17592947406135645,0.8928571428571432,0.0,0.0,0.0
19,0.0,0.17592947406135645,0.8928571428571432,0.0,0.0,0.0
24,0.0,0.17592947406135645,0.8928571428571432,0.0,0.0,0.0
25,0.0,0.17592947406135645,0.8928571428571432,0.0,0.0,0.0
