3,0,1.0,1.0,1.0,1.0,1.0
6,0,1.0,1.0,1.0,1.0,1.0
7,0,1.0,1.0,1.0,1.0,1.0
8,0,0.0,0.0,0.0,0.0,0.0
10,0,1.0,1.0,1.0,1.0,1.0
11,0,0.6246950475544243,0.3902439024390244,0.015609756097560976,0.3902439024390244,0.3902439024390244
14,0,0.7808688094430304,0.6097560975609756,0.038109756097560975,0.6097560975609756,0.6097560975609756
16,0,1.0,1.0,1.0,1.0,1.0
17,0,1.0,1.0,1.0,1.0,1.0
18,0,1.0,1.0,1.0,1.0,1.0
19,0,0.7489830503797116,0.5609756097560976,0.031165311653116527,0.5609756097560976,0.5609756097560976
20,0,0.563092506371473,0.3170731707317073,0.01132404181184669,0.3170731707317073,0.3170731707317073
23,0,0.4938647983247948,0.24390243902439024,0.007867820613690008,0.24390243902439024,0.24390243902439024
27,0,0.6625891564490793,0.43902439024390244,0.019088016967126194,0.43902439024390244,0.43902439024390244
29,0,1.0,1.0,1.0,1.0,1.0
30,0,0.7489830503797116,0.5609756097560976,0.031165311653116527,0.5609756097560976,0.5609756097560976
33,0,0.6625891564490793,0.43902439024390244,0.019088016967126194,0.43902439024390244,0.43902439024390244
36,0,1.0,1.0,1.0,1.0,1.0
