3,0,1.0,1.0,1.0,1.0,1.0
4,0,1.0,1.0,1.0,1.0,1.0
5,0,1.0,1.0,1.0,1.0,1.0
6,0,1.0,1.0,1.0,1.0,1.0
7,0,1.0,1.0,1.0,1.0,1.0
8,0,1.0,1.0,1.0,1.0,1.0
9,0,1.0,1.0,1.0,1.0,1.0
10,0,1.0,1.0,1.0,1.0,1.0
11,0,1.0,1.0,1.0,1.0,1.0
15,0,1.0,1.0,1.0,1.0,1.0
17,0,0.9440154136818513,0.9285714285714286,0.948905109489051,0.9285714285714285,0.9285714285714285
18,0,0.9440154136818513,0.9285714285714286,0.948905109489051,0.9285714285714285,0.9285714285714285
19,0,0.7665751172162648,0.7142857142857143,0.18248175182481752,0.7142857142857143,0.7142857142857143
20,0,0.7665751172162648,0.7142857142857143,0.18248175182481752,0.7142857142857143,0.7142857142857143
22,0,0.9440154136818513,0.9285714285714286,0.948905109489051,0.9285714285714285,0.9285714285714285
23,0,0.9440154136818513,0.9285714285714286,0.948905109489051,0.9285714285714285,0.9285714285714285
24,0,0.8274387644888951,0.7857142857142857,0.26763990267639903,0.7857142857142858,0.7857142857142858
25,0,0.0,0.0,0.0,0.0,0.0
26,0,0.0,0.0,0.0,0.0,0.0
28,0,0.6388500550349907,0.5714285714285714,0.097323600973236,0.5714285714285714,0.5714285714285714
31,0,0.5715589437729733,0.5,0.072992700729927,0.5000000000000001,0.5000000000000001
33,0,0.6388500550349907,0.5714285714285714,0.097323600973236,0.5714285714285714,0.5714285714285714
