4,0,1.0,1.0,1.0,1.0,1.0
5,0,1.0,1.0,1.0,1.0,1.0
6,0,1.0,1.0,1.0,1.0,1.0
8,0,1.0,1.0,1.0,1.0,1.0
10,0,1.0,1.0,1.0,1.0,1.0
12,0,1.0,1.0,1.0,1.0,1.0
14,0,1.0,1.0,1.0,1.0,1.0
16,0,1.0,1.0,1.0,1.0,1.0
18,0,0.681316039597028,0.6666666666666666,0.24281150159744405,0.6666666666666665,0.6666666666666665
20,0,0.681316039597028,0.6666666666666666,0.24281150159744405,0.6666666666666665,0.6666666666666665
22,0,0.0,0.0,0.0,0.0,0.0
23,0,0.0,0.0,0.0,0.0,0.0
28,0,0.7890097239139133,0.7777777777777778,0.4249201277955272,0.7777777777777776,0.7777777777777776
33,0,1.0,1.0,1.0,1.0,1.0
35,0,1.0,1.0,1.0,1.0,1.0
