3,0,1.0,1.0,1.0,1.0,1.0
4,0,1.0,1.0,1.0,1.0,1.0
5,0,1.0,1.0,1.0,1.0,1.0
6,0,1.0,1.0,1.0,1.0,1.0
8,0,1.0,1.0,1.0,1.0,1.0
9,0,1.0,1.0,1.0,1.0,1.0
10,0,1.0,1.0,1.0,1.0,1.0
11,0,1.0,1.0,1.0,1.0,1.0
12,0,1.0,1.0,1.0,1.0,1.0
13,0,1.0,1.0,1.0,1.0,1.0
15,0,1.0,1.0,1.0,1.0,1.0
16,0,0.8377739482375398,0.782608695652174,0.15774647887323942,0.7826086956521738,0.7826086956521738
18,0,0.8377739482375398,0.782608695652174,0.15774647887323942,0.7826086956521738,0.7826086956521738
25,0,0.0,0.0,0.0,0.0,0.0
27,0,0.0,0.0,0.0,0.0,0.0
