2,0.616013071895425,1.0,1.0,0.8887122416534181,0.9095182138660398,0.0
6,0.616013071895425,1.0,1.0,0.8887122416534181,0.9095182138660398,0.0
7,0.616013071895425,1.0,1.0,0.8887122416534181,0.9095182138660398,0.0
9,0.616013071895425,1.0,1.0,0.8887122416534181,0.9095182138660398,0.0
10,0.616013071895425,1.0,1.0,0.8887122416534181,0.9095182138660398,0.0
12,0.616013071895425,1.0,1.0,0.8887122416534181,0.9095182138660398,0.0
13,0.8004246284501063,0.9544297358143732,0.815950920245399,1.0,1.0,0.9999999999999998
14,0.616013071895425,1.0,1.0,0.8887122416534181,0.9095182138660398,0.0
15,0.629191321499014,0.8765981231687956,0.803680981595092,0.8198198198198198,0.8513513513513513,0.07692307692307751
17,0.616013071895425,1.0,1.0,0.8887122416534181,0.9095182138660398,0.0
18,0.0,0.0,0.0,0.0,0.0,1.0
19,0.616013071895425,1.0,1.0,0.8887122416534181,0.9095182138660398,0.0
20,1.0,0.5987182858779022,0.3220858895705522,0.6820349761526232,0.7297297297297296,0.9615384615384615
22,0.4043092522179976,0.5703972625221644,0.49386503067484666,0.49673811742777263,0.5540540540540541,0.9615384615384615
23,0.616013071895425,1.0,1.0,0.8887122416534181,0.9095182138660398,0.0
