3,0,1.0,1.0,1.0,1.0,1.0
4,0,1.0,1.0,1.0,1.0,1.0
6,0,1.0,1.0,1.0,1.0,1.0
7,0,1.0,1.0,1.0,1.0,1.0
8,0,1.0,1.0,1.0,1.0,1.0
9,0,1.0,1.0,1.0,1.0,1.0
10,0,1.0,1.0,1.0,1.0,1.0
11,0,1.0,1.0,1.0,1.0,1.0
13,0,1.0,1.0,1.0,1.0,1.0
15,0,1.0,1.0,1.0,1.0,1.0
17,0,1.0,1.0,1.0,1.0,1.0
19,0,0.8898913039287201,0.8636363636363636,0.2923076923076923,0.8636363636363634,0.8636363636363634
22,0,0.9638753533899957,0.9545454545454546,0.9692307692307692,0.9545454545454546,0.9545454545454546
24,0,0.9638753533899957,0.9545454545454546,0.9692307692307692,0.9545454545454546,0.9545454545454546
27,0,1.0,1.0,1.0,1.0,1.0
28,0,1.0,1.0,1.0,1.0,1.0
29,0,1.0,1.0,1.0,1.0,1.0
30,0,1.0,1.0,1.0,1.0,1.0
32,0,1.0,1.0,1.0,1.0,1.0
36,0,1.0,1.0,1.0,1.0,1.0
37,0,1.0,1.0,1.0,1.0,1.0
39,0,1.0,1.0,1.0,1.0,1.0
40,0,0.5658262487936979,0.5,0.046153846153846156,0.49999999999999994,0.49999999999999994
42,0,0.0,0.0,0.0,0.0,0.0
43,0,1.0,1.0,1.0,1.0,1.0
