6,0,0.8173822319737588,0.75,0.25301204819277107,0.7499999999999999,0.7499999999999999
7,0,0.8173822319737588,0.75,0.25301204819277107,0.7499999999999999,0.7499999999999999
8,0,0.8173822319737588,0.75,0.25301204819277107,0.7499999999999999,0.7499999999999999
9,0,0.8173822319737588,0.75,0.25301204819277107,0.7499999999999999,0.7499999999999999
15,0,1.0,1.0,1.0,1.0,1.0
16,0,1.0,1.0,1.0,1.0,1.0
17,0,1.0,1.0,1.0,1.0,1.0
18,0,1.0,1.0,1.0,1.0,1.0
20,0,1.0,1.0,1.0,1.0,1.0
21,0,1.0,1.0,1.0,1.0,1.0
24,0,1.0,1.0,1.0,1.0,1.0
25,0,1.0,1.0,1.0,1.0,1.0
26,0,1.0,1.0,1.0,1.0,1.0
27,0,1.0,1.0,1.0,1.0,1.0
28,0,1.0,1.0,1.0,1.0,1.0
29,0,1.0,1.0,1.0,1.0,1.0
31,0,0.8173822319737588,0.75,0.25301204819277107,0.7499999999999999,0.7499999999999999
32,0,0.8173822319737588,0.75,0.25301204819277107,0.7499999999999999,0.7499999999999999
34,0,0.607625218510765,0.5,0.08433734939759034,0.49999999999999994,0.49999999999999994
35,0,0.607625218510765,0.5,0.08433734939759034,0.49999999999999994,0.49999999999999994
37,0,0.607625218510765,0.5,0.08433734939759034,0.49999999999999994,0.49999999999999994
38,0,0.607625218510765,0.5,0.08433734939759034,0.49999999999999994,0.49999999999999994
39,0,0.0,0.0,0.0,0.0,0.0
42,0,1.0,1.0,1.0,1.0,1.0
