7,0.0,0.7925878313813217,0.9333333333333336,0.10784313725490226,0.11363636363636372,0.0
10,0.0,0.7925878313813217,0.9333333333333336,0.10784313725490226,0.11363636363636372,0.0
11,0.0,0.7925878313813217,0.9333333333333336,0.10784313725490226,0.11363636363636372,0.0
12,0.0,0.7925878313813217,0.9333333333333336,0.10784313725490226,0.11363636363636372,0.0
13,0.0,0.7925878313813217,0.9333333333333336,0.10784313725490226,0.11363636363636372,0.0
14,0.0,0.7925878313813217,0.9333333333333336,0.10784313725490226,0.11363636363636372,0.0
15,0.0,0.7925878313813217,0.9333333333333336,0.10784313725490226,0.11363636363636372,0.0
17,0.0,0.7925878313813217,0.9333333333333336,0.10784313725490226,0.11363636363636372,0.0
19,0.0,0.7925878313813217,0.9333333333333336,0.10784313725490226,0.11363636363636372,0.0
20,0.0,0.7925878313813217,0.9333333333333336,0.10784313725490226,0.11363636363636372,0.0
21,0.0,0.7925878313813217,0.9333333333333336,0.10784313725490226,0.11363636363636372,0.0
23,0.19865319865319842,1.0,1.0,0.3437500000000001,0.35714285714285704,0.2777777777777778
24,0.19865319865319842,1.0,1.0,0.3437500000000001,0.35714285714285704,0.2777777777777778
26,0.19865319865319842,1.0,1.0,0.3437500000000001,0.35714285714285704,0.2777777777777778
27,0.19865319865319842,1.0,1.0,0.3437500000000001,0.35714285714285704,0.2777777777777778
29,0.1478696741854647,0.0,0.0,0.0,0.0,0.1666666666666671
31,0.1478696741854647,0.0,0.0,0.0,0.0,0.1666666666666671
32,0.1478696741854647,0.0,0.0,0.0,0.0,0.1666666666666671
36,0.19865319865319842,1.0,1.0,0.3437500000000001,0.35714285714285704,0.2777777777777778
38,1.0,0.8177342765428413,0.20000000000000043,1.0,1.0,1.0
39,1.0,0.8177342765428413,0.20000000000000043,1.0,1.0,1.0
43,0.1478696741854647,0.0,0.0,0.0,0.0,0.1666666666666671
44,0.1478696741854647,0.0,0.0,0.0,0.0,0.1666666666666671
47,0.0,0.7925878313813217,0.9333333333333336,0.10784313725490226,0.11363636363636372,0.0
48,0.0,0.7925878313813217,0.9333333333333336,0.10784313725490226,0.11363636363636372,0.0
