2,0,1.0,1.0,1.0,1.0,1.0
6,0,1.0,1.0,1.0,1.0,1.0
8,0,1.0,1.0,1.0,1.0,1.0
10,0,1.0,1.0,1.0,1.0,1.0
11,0,1.0,1.0,1.0,1.0,1.0
12,0,1.0,1.0,1.0,1.0,1.0
14,0,0.9831920802501751,0.9666666666666667,0.9666666666666667,0.9666666666666667,0.9666666666666667
16,0,1.0,1.0,1.0,1.0,1.0
18,0,1.0,1.0,1.0,1.0,1.0
19,0,1.0,1.0,1.0,1.0,1.0
21,0,1.0,1.0,1.0,1.0,1.0
23,0,1.0,1.0,1.0,1.0,1.0
24,0,1.0,1.0,1.0,1.0,1.0
25,0,0.8755950357709131,0.7666666666666667,0.10952380952380952,0.7666666666666667,0.7666666666666667
26,0,1.0,1.0,1.0,1.0,1.0
27,0,0.8944271909999159,0.8,0.13333333333333333,0.8,0.8
28,0,1.0,1.0,1.0,1.0,1.0
29,0,0.9128709291752768,0.8333333333333334,0.16666666666666666,0.8333333333333334,0.8333333333333334
30,0,1.0,1.0,1.0,1.0,1.0
32,0,0.7958224257542214,0.6333333333333333,0.05757575757575758,0.6333333333333333,0.6333333333333333
34,0,1.0,1.0,1.0,1.0,1.0
35,0,1.0,1.0,1.0,1.0,1.0
36,0,1.0,1.0,1.0,1.0,1.0
38,0,0.9486832980505138,0.9,0.3,0.9,0.9
39,0,1.0,1.0,1.0,1.0,1.0
40,0,0.9309493362512627,0.8666666666666667,0.21666666666666667,0.8666666666666667,0.8666666666666667
41,0,1.0,1.0,1.0,1.0,1.0
42,0,0.9309493362512627,0.8666666666666667,0.21666666666666667,0.8666666666666667,0.8666666666666667
43,0,1.0,1.0,1.0,1.0,1.0
44,0,0.9660917830792959,0.9333333333333333,0.4666666666666667,0.9333333333333333,0.9333333333333333
45,0,1.0,1.0,1.0,1.0,1.0
47,0,0.9486832980505138,0.9,0.3,0.9,0.9
51,0,1.0,1.0,1.0,1.0,1.0
52,0,1.0,1.0,1.0,1.0,1.0
54,0,0.0,0.0,0.0,0.0,0.0
55,0,1.0,1.0,1.0,1.0,1.0
