4,0.742377751802065,0.9213554418070344,1.0,0.7288772675273738,0.7990983701306206,0.0
6,0.742377751802065,0.9213554418070344,1.0,0.7288772675273738,0.7990983701306206,0.0
7,0.742377751802065,0.9213554418070344,1.0,0.7288772675273738,0.7990983701306206,0.0
8,0.742377751802065,0.9213554418070344,1.0,0.7288772675273738,0.7990983701306206,0.0
9,0.742377751802065,0.9213554418070344,1.0,0.7288772675273738,0.7990983701306206,0.0
10,0.742377751802065,0.9213554418070344,1.0,0.7288772675273738,0.7990983701306206,0.0
11,0.0,0.0,0.0,0.0,0.0,1.0
13,0.9445976512874537,1.0,0.9356913183279744,1.0,1.0,0.9999999999999998
14,1.0,0.7900168534224542,0.5755627009646302,0.7760663507109005,0.8368019781578405,0.7802197802197803
17,0.857051487048289,0.49987511400543727,0.2958199356913183,0.4028436018957346,0.4995260663507109,0.2197802197802197
19,0.742377751802065,0.9213554418070344,1.0,0.7288772675273738,0.7990983701306206,0.0
20,0.9656404934855297,0.7021826549326942,0.4823151125401929,0.6516587677725119,0.7345971563981042,0.5934065934065932
23,0.5790960451977402,0.526415620737787,0.4533762057877814,0.38293838862559243,0.47867298578199047,0.5934065934065932
25,0.742377751802065,0.9213554418070344,1.0,0.7288772675273738,0.7990983701306206,0.0
26,0.857051487048289,0.49987511400543727,0.2958199356913183,0.4028436018957346,0.4995260663507109,0.2197802197802197
29,0.6921487603305784,0.6937239867635109,0.6398713826366559,0.5421800947867299,0.636650868878357,0.21978021978021992
31,0.742377751802065,0.9213554418070344,1.0,0.7288772675273738,0.7990983701306206,0.0
36,0.742377751802065,0.9213554418070344,1.0,0.7288772675273738,0.7990983701306206,0.0
