4,0.4590909090909092,1.0,1.0,0.5227272727272727,0.5679012345679012,0.0
7,0.4590909090909092,1.0,1.0,0.5227272727272727,0.5679012345679012,0.0
8,0.4590909090909092,1.0,1.0,0.5227272727272727,0.5679012345679012,0.0
9,1.0,0.9715680175512061,0.49999999999999994,1.0,1.0,1.0
12,0.0,0.0,0.0,0.0,0.0,0.9999999999999998
13,0.0,0.0,0.0,0.0,0.0,0.9999999999999998
15,0.0,0.0,0.0,0.0,0.0,0.9999999999999998
16,0.0,0.0,0.0,0.0,0.0,0.9999999999999998
17,0.0,0.0,0.0,0.0,0.0,0.9999999999999998
19,0.0,0.0,0.0,0.0,0.0,0.9999999999999998
21,0.4590909090909092,1.0,1.0,0.5227272727272727,0.5679012345679012,0.0
