6,0.4062500000000001,0.6329931618554521,0.7272727272727273,0.3571428571428571,0.4166666666666667,0.39999999999999997
7,0.4062500000000001,0.6329931618554521,0.7272727272727273,0.3571428571428571,0.4166666666666667,0.39999999999999997
8,0.7738095238095236,0.8516401995451027,0.9090909090909091,0.7000000000000001,0.75,0.7999999999999999
9,0.7738095238095236,0.8516401995451027,0.9090909090909091,0.7000000000000001,0.75,0.7999999999999999
10,1.0,1.0,1.0,1.0,1.0,1.0
12,0.0,0.0,0.0,0.0,0.0,0.10000000000000003
15,0.12037037037037049,0.47709789175199246,0.5454545454545455,0.16666666666666663,0.2045454545454546,0.0
16,0.12037037037037049,0.47709789175199246,0.5454545454545455,0.16666666666666663,0.2045454545454546,0.0
17,0.12037037037037049,0.47709789175199246,0.5454545454545455,0.16666666666666663,0.2045454545454546,0.0
19,0.4062500000000001,0.6329931618554521,0.7272727272727273,0.3571428571428571,0.4166666666666667,0.39999999999999997
20,0.4062500000000001,0.6329931618554521,0.7272727272727273,0.3571428571428571,0.4166666666666667,0.39999999999999997
21,0.4062500000000001,0.6329931618554521,0.7272727272727273,0.3571428571428571,0.4166666666666667,0.39999999999999997
22,1.0,0.41421356237309503,0.27272727272727276,0.49999999999999994,0.5625000000000001,0.5
23,0.4062500000000001,0.6329931618554521,0.7272727272727273,0.3571428571428571,0.4166666666666667,0.39999999999999997
24,0.7738095238095236,0.8516401995451027,0.9090909090909091,0.7000000000000001,0.75,0.7999999999999999
26,0.4062500000000001,0.6329931618554521,0.7272727272727273,0.3571428571428571,0.4166666666666667,0.39999999999999997
27,0.4062500000000001,0.6329931618554521,0.7272727272727273,0.3571428571428571,0.4166666666666667,0.39999999999999997
30,0.4062500000000001,0.6329931618554521,0.7272727272727273,0.3571428571428571,0.4166666666666667,0.39999999999999997
36,0.12037037037037049,0.47709789175199246,0.5454545454545455,0.16666666666666663,0.2045454545454546,0.0
37,0.12037037037037049,0.47709789175199246,0.5454545454545455,0.16666666666666663,0.2045454545454546,0.0
40,0.12037037037037049,0.47709789175199246,0.5454545454545455,0.16666666666666663,0.2045454545454546,0.0
41,0.12037037037037049,0.47709789175199246,0.5454545454545455,0.16666666666666663,0.2045454545454546,0.0
42,0.12037037037037049,0.47709789175199246,0.5454545454545455,0.16666666666666663,0.2045454545454546,0.0
46,0.12037037037037049,0.47709789175199246,0.5454545454545455,0.16666666666666663,0.2045454545454546,0.0
48,0.12037037037037049,0.47709789175199246,0.5454545454545455,0.16666666666666663,0.2045454545454546,0.0
49,0.12037037037037049,0.47709789175199246,0.5454545454545455,0.16666666666666663,0.2045454545454546,0.0
50,0.12037037037037049,0.47709789175199246,0.5454545454545455,0.16666666666666663,0.2045454545454546,0.0
51,0.12037037037037049,0.47709789175199246,0.5454545454545455,0.16666666666666663,0.2045454545454546,0.0
52,0.12037037037037049,0.47709789175199246,0.5454545454545455,0.16666666666666663,0.2045454545454546,0.0
56,0.12037037037037049,0.47709789175199246,0.5454545454545455,0.16666666666666663,0.2045454545454546,0.0
57,0.12037037037037049,0.47709789175199246,0.5454545454545455,0.16666666666666663,0.2045454545454546,0.0
59,0.12037037037037049,0.47709789175199246,0.5454545454545455,0.16666666666666663,0.2045454545454546,0.0
60,0.12037037037037049,0.47709789175199246,0.5454545454545455,0.16666666666666663,0.2045454545454546,0.0
61,0.12037037037037049,0.47709789175199246,0.5454545454545455,0.16666666666666663,0.2045454545454546,0.0
62,0.12037037037037049,0.47709789175199246,0.5454545454545455,0.16666666666666663,0.2045454545454546,0.0
65,0.12037037037037049,0.47709789175199246,0.5454545454545455,0.16666666666666663,0.2045454545454546,0.0
68,0.12037037037037049,0.47709789175199246,0.5454545454545455,0.16666666666666663,0.2045454545454546,0.0
69,0.12037037037037049,0.47709789175199246,0.5454545454545455,0.16666666666666663,0.2045454545454546,0.0
70,0.4062500000000001,0.6329931618554521,0.7272727272727273,0.3571428571428571,0.4166666666666667,0.39999999999999997
71,0.12037037037037049,0.47709789175199246,0.5454545454545455,0.16666666666666663,0.2045454545454546,0.0
72,0.4062500000000001,0.6329931618554521,0.7272727272727273,0.3571428571428571,0.4166666666666667,0.39999999999999997
78,0.12037037037037049,0.47709789175199246,0.5454545454545455,0.16666666666666663,0.2045454545454546,0.0
79,0.12037037037037049,0.47709789175199246,0.5454545454545455,0.16666666666666663,0.2045454545454546,0.0
80,0.12037037037037049,0.47709789175199246,0.5454545454545455,0.16666666666666663,0.2045454545454546,0.0
82,0.12037037037037049,0.47709789175199246,0.5454545454545455,0.16666666666666663,0.2045454545454546,0.0
83,0.12037037037037049,0.47709789175199246,0.5454545454545455,0.16666666666666663,0.2045454545454546,0.0
84,0.12037037037037049,0.47709789175199246,0.5454545454545455,0.16666666666666663,0.2045454545454546,0.0
86,0.12037037037037049,0.47709789175199246,0.5454545454545455,0.16666666666666663,0.2045454545454546,0.0
