3,0.8198757763975157,1.0,1.0,0.9491211840888069,0.9574468085106383,0.0
5,0.8198757763975157,1.0,1.0,0.9491211840888069,0.9574468085106383,0.0
7,0.8198757763975157,1.0,1.0,0.9491211840888069,0.9574468085106383,0.0
8,0.8198757763975157,1.0,1.0,0.9491211840888069,0.9574468085106383,0.0
9,0.8198757763975157,1.0,1.0,0.9491211840888069,0.9574468085106383,0.0
10,0.8198757763975157,1.0,1.0,0.9491211840888069,0.9574468085106383,0.0
11,0.0,0.0,0.0,0.0,0.0,1.0
14,1.0,0.9387489019317512,0.8492063492063492,1.0,1.0,0.9999999999999989
15,1.0,0.9387489019317512,0.8492063492063492,1.0,1.0,0.9999999999999989
16,1.0,0.9387489019317512,0.8492063492063492,1.0,1.0,0.9999999999999989
17,1.0,0.9387489019317512,0.8492063492063492,1.0,1.0,0.9999999999999989
18,1.0,0.9387489019317512,0.8492063492063492,1.0,1.0,0.9999999999999989
19,1.0,0.9387489019317512,0.8492063492063492,1.0,1.0,0.9999999999999989
20,1.0,0.9387489019317512,0.8492063492063492,1.0,1.0,0.9999999999999989
21,1.0,0.9387489019317512,0.8492063492063492,1.0,1.0,0.9999999999999989
22,1.0,0.9387489019317512,0.8492063492063492,1.0,1.0,0.9999999999999989
26,0.8198757763975157,1.0,1.0,0.9491211840888069,0.9574468085106383,0.0
