2,0,1.0,1.0,1.0,1.0,1.0
5,0,1.0,1.0,1.0,1.0,1.0
6,0,1.0,1.0,1.0,1.0,1.0
7,0,1.0,1.0,1.0,1.0,1.0
9,0,1.0,1.0,1.0,1.0,1.0
10,0,1.0,1.0,1.0,1.0,1.0
11,0,1.0,1.0,1.0,1.0,1.0
13,0,0.9574271077563381,0.9166666666666666,0.3055555555555556,0.9166666666666666,0.9166666666666666
14,0,0.9574271077563381,0.9166666666666666,0.3055555555555556,0.9166666666666666,0.9166666666666666
15,0,0.9574271077563381,0.9166666666666666,0.3055555555555556,0.9166666666666666,0.9166666666666666
16,0,0.9574271077563381,0.9166666666666666,0.3055555555555556,0.9166666666666666,0.9166666666666666
18,0,1.0,1.0,1.0,1.0,1.0
19,0,0.6871842709362768,0.4722222222222222,0.024853801169590642,0.4722222222222222,0.4722222222222222
21,0,1.0,1.0,1.0,1.0,1.0
23,0,0.5270462766947299,0.2777777777777778,0.010683760683760684,0.2777777777777778,0.2777777777777778
25,0,0.3333333333333333,0.1111111111111111,0.003472222222222222,0.1111111111111111,0.1111111111111111
27,0,0.0,0.0,0.0,0.0,0.0
30,0,0.3333333333333333,0.1111111111111111,0.003472222222222222,0.1111111111111111,0.1111111111111111
34,0,0.408248290463863,0.16666666666666666,0.005555555555555556,0.16666666666666666,0.16666666666666666
36,0,0.0,0.0,0.0,0.0,0.0
39,0,0.408248290463863,0.16666666666666666,0.005555555555555556,0.16666666666666666,0.16666666666666666
47,0,0.8498365855987974,0.7222222222222222,0.07222222222222223,0.7222222222222222,0.7222222222222222
48,0,0.8498365855987974,0.7222222222222222,0.07222222222222223,0.7222222222222222,0.7222222222222222
49,0,0.8498365855987974,0.7222222222222222,0.07222222222222223,0.7222222222222222,0.7222222222222222
50,0,0.8498365855987974,0.7222222222222222,0.07222222222222223,0.7222222222222222,0.7222222222222222
51,0,0.8498365855987974,0.7222222222222222,0.07222222222222223,0.7222222222222222,0.7222222222222222
53,0,0.7817359599705717,0.6111111111111112,0.04365079365079365,0.6111111111111112,0.6111111111111112
54,0,0.7817359599705717,0.6111111111111112,0.04365079365079365,0.6111111111111112,0.6111111111111112
55,0,0.7817359599705717,0.6111111111111112,0.04365079365079365,0.6111111111111112,0.6111111111111112
56,0,0.7817359599705717,0.6111111111111112,0.04365079365079365,0.6111111111111112,0.6111111111111112
58,0,0.8498365855987974,0.7222222222222222,0.07222222222222223,0.7222222222222222,0.7222222222222222
59,0,0.6871842709362768,0.4722222222222222,0.024853801169590642,0.4722222222222222,0.4722222222222222
61,0,0.8498365855987974,0.7222222222222222,0.07222222222222223,0.7222222222222222,0.7222222222222222
63,0,0.8498365855987974,0.7222222222222222,0.07222222222222223,0.7222222222222222,0.7222222222222222
65,0,0.5527707983925666,0.3055555555555556,0.012222222222222223,0.3055555555555556,0.3055555555555556
67,0,0.3333333333333333,0.1111111111111111,0.003472222222222222,0.1111111111111111,0.1111111111111111
70,0,0.44095855184409843,0.19444444444444445,0.006704980842911878,0.19444444444444445,0.19444444444444445
74,0,0.6454972243679028,0.4166666666666667,0.01984126984126984,0.4166666666666667,0.4166666666666667
76,0,0.6009252125773316,0.3611111111111111,0.01570048309178744,0.3611111111111111,0.3611111111111111
79,0,0.23570226039551587,0.05555555555555555,0.0016339869281045752,0.05555555555555555,0.05555555555555555
81,0,0.8498365855987974,0.7222222222222222,0.07222222222222223,0.7222222222222222,0.7222222222222222
83,0,0.5773502691896257,0.3333333333333333,0.013888888888888888,0.3333333333333333,0.3333333333333333
85,0,1.0,1.0,1.0,1.0,1.0
