3,0,1.0,1.0,1.0,1.0,1.0
6,0,1.0,1.0,1.0,1.0,1.0
7,0,1.0,1.0,1.0,1.0,1.0
8,0,1.0,1.0,1.0,1.0,1.0
9,0,1.0,1.0,1.0,1.0,1.0
11,0,1.0,1.0,1.0,1.0,1.0
12,0,1.0,1.0,1.0,1.0,1.0
13,0,1.0,1.0,1.0,1.0,1.0
14,0,1.0,1.0,1.0,1.0,1.0
15,0,1.0,1.0,1.0,1.0,1.0
16,0,1.0,1.0,1.0,1.0,1.0
19,0,1.0,1.0,1.0,1.0,1.0
20,0,1.0,1.0,1.0,1.0,1.0
23,0,1.0,1.0,1.0,1.0,1.0
24,0,1.0,1.0,1.0,1.0,1.0
25,0,1.0,1.0,1.0,1.0,1.0
26,0,1.0,1.0,1.0,1.0,1.0
28,0,1.0,1.0,1.0,1.0,1.0
29,0,1.0,1.0,1.0,1.0,1.0
30,0,0.39269219702396435,0.3103448275862069,0.015645013723696248,0.31034482758620685,0.31034482758620685
31,0,0.39269219702396435,0.3103448275862069,0.015645013723696248,0.31034482758620685,0.31034482758620685
32,0,0.39269219702396435,0.3103448275862069,0.015645013723696248,0.31034482758620685,0.31034482758620685
34,0,0.39269219702396435,0.3103448275862069,0.015645013723696248,0.31034482758620685,0.31034482758620685
35,0,0.7241475420027862,0.6551724137931034,0.06605672461116194,0.6551724137931034,0.6551724137931034
36,0,0.500116512400402,0.41379310344827586,0.024541197997954903,0.41379310344827597,0.41379310344827597
37,0,0.0,0.0,0.0,0.0,0.0
38,0,0.0,0.0,0.0,0.0,0.0
43,0,1.0,1.0,1.0,1.0,1.0
44,0,1.0,1.0,1.0,1.0,1.0
46,0,0.39269219702396435,0.3103448275862069,0.015645013723696248,0.31034482758620685,0.31034482758620685
49,0,1.0,1.0,1.0,1.0,1.0
