2,0.5687499999999999,0.9810170678568283,1.0,0.8742857142857143,0.9142857142857143,0.0
4,0.5687499999999999,0.9810170678568283,1.0,0.8742857142857143,0.9142857142857143,0.0
5,0.5687499999999999,0.9810170678568283,1.0,0.8742857142857143,0.9142857142857143,0.0
6,0.5687499999999999,0.9810170678568283,1.0,0.8742857142857143,0.9142857142857143,0.0
7,0.5687499999999999,0.9810170678568283,1.0,0.8742857142857143,0.9142857142857143,0.0
9,0.5687499999999999,0.9810170678568283,1.0,0.8742857142857143,0.9142857142857143,0.0
11,0.5687499999999999,0.9810170678568283,1.0,0.8742857142857143,0.9142857142857143,0.0
12,0.5687499999999999,0.9810170678568283,1.0,0.8742857142857143,0.9142857142857143,0.0
13,0.5687499999999999,0.9810170678568283,1.0,0.8742857142857143,0.9142857142857143,0.0
17,0.7322037107156377,1.0,0.9234234234234233,1.0,1.0,0.5789473684210523
18,0.7322037107156377,1.0,0.9234234234234233,1.0,1.0,0.5789473684210523
19,0.7322037107156377,1.0,0.9234234234234233,1.0,1.0,0.5789473684210523
22,0.5687499999999999,0.9810170678568283,1.0,0.8742857142857143,0.9142857142857143,0.0
24,0.0,0.0,0.0,0.0,0.0,1.0
26,0.0,0.0,0.0,0.0,0.0,1.0
28,0.0921052631578948,0.028387943927440287,0.004504504504504489,0.016520894071914472,0.025117739403453763,0.7894736842105262
34,1.0,0.837678777230044,0.5765765765765766,0.8524781341107872,0.8986122448979592,0.9999999999999998
36,1.0,0.837678777230044,0.5765765765765766,0.8524781341107872,0.8986122448979592,0.9999999999999998
38,1.0,0.837678777230044,0.5765765765765766,0.8524781341107872,0.8986122448979592,0.9999999999999998
42,0.5687499999999999,0.9810170678568283,1.0,0.8742857142857143,0.9142857142857143,0.0
