4,0,0.2772651564013642,0.2727272727272727,0.03717798594847776,0.2727272727272724,0.2727272727272724
6,0,0.2772651564013642,0.2727272727272727,0.03717798594847776,0.2727272727272724,0.2727272727272724
8,0,0.2772651564013642,0.2727272727272727,0.03717798594847776,0.2727272727272724,0.2727272727272724
11,0,0.2772651564013642,0.2727272727272727,0.03717798594847776,0.2727272727272724,0.2727272727272724
12,0,0.2772651564013642,0.2727272727272727,0.03717798594847776,0.2727272727272724,0.2727272727272724
13,0,0.2772651564013642,0.2727272727272727,0.03717798594847776,0.2727272727272724,0.2727272727272724
15,0,1.0,1.0,1.0,1.0,1.0
17,0,1.0,1.0,1.0,1.0,1.0
18,0,1.0,1.0,1.0,1.0,1.0
20,0,0.2772651564013642,0.2727272727272727,0.03717798594847776,0.2727272727272724,0.2727272727272724
21,0,0.2772651564013642,0.2727272727272727,0.03717798594847776,0.2727272727272724,0.2727272727272724
22,0,0.0,0.0,0.0,0.0,0.0
24,0,1.0,1.0,1.0,1.0,1.0
26,0,1.0,1.0,1.0,1.0,1.0
29,0,1.0,1.0,1.0,1.0,1.0
30,0,1.0,1.0,1.0,1.0,1.0
31,0,1.0,1.0,1.0,1.0,1.0
