3,0.7857142857142857,1.0,1.0,0.7142857142857142,0.75,0.0
5,0.7857142857142857,1.0,1.0,0.7142857142857142,0.75,0.0
6,0.7857142857142857,1.0,1.0,0.7142857142857142,0.75,0.0
7,0.7857142857142857,1.0,1.0,0.7142857142857142,0.75,0.0
8,0.7857142857142857,1.0,1.0,0.7142857142857142,0.75,0.0
9,1.0,0.894427190999916,0.5681818181818181,1.0,1.0,1.0
10,1.0,0.894427190999916,0.5681818181818181,1.0,1.0,1.0
12,0.6470588235294118,0.6030226891555273,0.4318181818181818,0.45454545454545453,0.5,1.0
13,0.6470588235294118,0.6030226891555273,0.4318181818181818,0.45454545454545453,0.5,1.0
14,0.6470588235294118,0.6030226891555273,0.4318181818181818,0.45454545454545453,0.5,1.0
15,0.6470588235294118,0.6030226891555273,0.4318181818181818,0.45454545454545453,0.5,1.0
16,0.6470588235294118,0.6030226891555273,0.4318181818181818,0.45454545454545453,0.5,1.0
19,0.0,0.0,0.0,0.0,0.0,0.0
21,0.6470588235294118,0.6030226891555273,0.4318181818181818,0.45454545454545453,0.5,1.0
