4,0.0,0.0,0.0,0.0,0.0,1.0
6,0.0,0.0,0.0,0.0,0.0,1.0
9,0.0,0.0,0.0,0.0,0.0,1.0
11,0.0,0.0,0.0,0.0,0.0,1.0
14,0.6799999999999999,0.6052574936862545,0.5038759689922481,0.36000000000000004,0.36633663366336633,0.0
17,0.6799999999999999,0.6052574936862545,0.5038759689922481,0.36000000000000004,0.36633663366336633,0.0
19,0.6799999999999999,0.6052574936862545,0.5038759689922481,0.36000000000000004,0.36633663366336633,0.0
21,1.0,1.0,1.0,1.0,1.0,1.0
26,0.0,0.0,0.0,0.0,0.0,1.0
27,0.0,0.0,0.0,0.0,0.0,1.0
29,0.0,0.0,0.0,0.0,0.0,1.0
30,0.0,0.0,0.0,0.0,0.0,1.0
32,0.0,0.0,0.0,0.0,0.0,1.0
33,0.0,0.0,0.0,0.0,0.0,1.0
35,0.0,0.0,0.0,0.0,0.0,1.0
37,0.0,0.0,0.031007751937984523,0.0,0.0,0.9375
39,0.0,0.0,0.48062015503875966,0.0,0.0,0.03125
43,0.0,0.0,0.046511627906976785,0.0,0.0,0.9062499999999999
45,0.0,0.0,0.14728682170542634,0.0,0.0,0.703125
47,0.0,0.0,0.3953488372093023,0.0,0.0,0.203125
49,0.0,0.0,0.42635658914728686,0.0,0.0,0.140625
53,0.0,0.0,0.46511627906976744,0.0,0.0,0.0625
59,0.0,0.0,0.46511627906976744,0.0,0.0,0.0625
63,0.6799999999999999,0.6052574936862545,0.5038759689922481,0.36000000000000004,0.36633663366336633,0.0
