6,0,1.0,1.0,1.0,1.0,1.0
8,0,1.0,1.0,1.0,1.0,1.0
9,0,1.0,1.0,1.0,1.0,1.0
10,0,1.0,1.0,1.0,1.0,1.0
11,0,1.0,1.0,1.0,1.0,1.0
13,0,1.0,1.0,1.0,1.0,1.0
14,0,1.0,1.0,1.0,1.0,1.0
16,0,1.0,1.0,1.0,1.0,1.0
19,0,1.0,1.0,1.0,1.0,1.0
20,0,1.0,1.0,1.0,1.0,1.0
22,0,0.5441915844389207,0.4444444444444444,0.09072164948453608,0.4444444444444444,0.4444444444444444
24,0,0.5441915844389207,0.4444444444444444,0.09072164948453608,0.4444444444444444,0.4444444444444444
25,0,0.5441915844389207,0.4444444444444444,0.09072164948453608,0.4444444444444444,0.4444444444444444
26,0,0.5441915844389207,0.4444444444444444,0.09072164948453608,0.4444444444444444,0.4444444444444444
28,0,0.5441915844389207,0.4444444444444444,0.09072164948453608,0.4444444444444444,0.4444444444444444
30,0,1.0,1.0,1.0,1.0,1.0
36,0,1.0,1.0,1.0,1.0,1.0
37,0,1.0,1.0,1.0,1.0,1.0
38,0,1.0,1.0,1.0,1.0,1.0
39,0,1.0,1.0,1.0,1.0,1.0
40,0,1.0,1.0,1.0,1.0,1.0
41,0,1.0,1.0,1.0,1.0,1.0
42,0,1.0,1.0,1.0,1.0,1.0
43,0,1.0,1.0,1.0,1.0,1.0
44,0,1.0,1.0,1.0,1.0,1.0
45,0,1.0,1.0,1.0,1.0,1.0
46,0,1.0,1.0,1.0,1.0,1.0
47,0,0.5441915844389207,0.4444444444444444,0.09072164948453608,0.4444444444444444,0.4444444444444444
48,0,0.5441915844389207,0.4444444444444444,0.09072164948453608,0.4444444444444444,0.4444444444444444
49,0,0.5441915844389207,0.4444444444444444,0.09072164948453608,0.4444444444444444,0.4444444444444444
50,0,0.0,0.0,0.0,0.0,0.0
51,0,0.5441915844389207,0.4444444444444444,0.09072164948453608,0.4444444444444444,0.4444444444444444
52,0,0.30791788284817345,0.2222222222222222,0.032400589101620025,0.22222222222222224,0.22222222222222224
53,0,0.1670707366108642,0.1111111111111111,0.014175257731958763,0.11111111111111109,0.11111111111111109
54,0,0.1670707366108642,0.1111111111111111,0.014175257731958763,0.11111111111111109,0.11111111111111109
56,0,0.1670707366108642,0.1111111111111111,0.014175257731958763,0.11111111111111109,0.11111111111111109
59,0,0.74337952886927,0.6666666666666666,0.22680412371134018,0.6666666666666666,0.6666666666666666
60,0,0.43200670971562366,0.3333333333333333,0.05670103092783505,0.3333333333333333,0.3333333333333333
61,0,0.74337952886927,0.6666666666666666,0.22680412371134018,0.6666666666666666,0.6666666666666666
62,0,0.74337952886927,0.6666666666666666,0.22680412371134018,0.6666666666666666,0.6666666666666666
63,0,0.43200670971562366,0.3333333333333333,0.05670103092783505,0.3333333333333333,0.3333333333333333
64,0,0.74337952886927,0.6666666666666666,0.22680412371134018,0.6666666666666666,0.6666666666666666
65,0,0.43200670971562366,0.3333333333333333,0.05670103092783505,0.3333333333333333,0.3333333333333333
66,0,0.30791788284817345,0.2222222222222222,0.032400589101620025,0.22222222222222224,0.22222222222222224
67,0,0.30791788284817345,0.2222222222222222,0.032400589101620025,0.22222222222222224,0.22222222222222224
71,0,1.0,1.0,1.0,1.0,1.0
74,0,1.0,1.0,1.0,1.0,1.0
