3,0,1.0,1.0,1.0,1.0,1.0
4,0,1.0,1.0,1.0,1.0,1.0
6,0,1.0,1.0,1.0,1.0,1.0
7,0,1.0,1.0,1.0,1.0,1.0
8,0,1.0,1.0,1.0,1.0,1.0
11,0,1.0,1.0,1.0,1.0,1.0
12,0,1.0,1.0,1.0,1.0,1.0
13,0,1.0,1.0,1.0,1.0,1.0
14,0,1.0,1.0,1.0,1.0,1.0
15,0,1.0,1.0,1.0,1.0,1.0
18,0,0.4324228809178816,0.35294117647058826,0.03258559622195985,0.35294117647058826,0.35294117647058826
20,0,0.4324228809178816,0.35294117647058826,0.03258559622195985,0.35294117647058826,0.35294117647058826
21,0,0.4324228809178816,0.35294117647058826,0.03258559622195985,0.35294117647058826,0.35294117647058826
22,0,0.16150135717972436,0.11764705882352941,0.007965367965367964,0.11764705882352941,0.11764705882352941
30,0,0.36956894122071154,0.29411764705882354,0.02489177489177489,0.2941176470588236,0.2941176470588236
32,0,0.36956894122071154,0.29411764705882354,0.02489177489177489,0.2941176470588236,0.2941176470588236
33,0,0.08364577143450865,0.058823529411764705,0.0037337662337662324,0.05882352941176475,0.05882352941176475
34,0,0.0,0.0,0.0,0.0,0.0
40,0,1.0,1.0,1.0,1.0,1.0
41,0,0.4324228809178816,0.35294117647058826,0.03258559622195985,0.35294117647058826,0.35294117647058826
44,0,1.0,1.0,1.0,1.0,1.0
45,0,1.0,1.0,1.0,1.0,1.0
46,0,0.8620424479505769,0.8235294117647058,0.2787878787878788,0.823529411764706,0.823529411764706
47,0,0.8620424479505769,0.8235294117647058,0.2787878787878788,0.823529411764706,0.823529411764706
48,0,0.16150135717972436,0.11764705882352941,0.007965367965367964,0.11764705882352941,0.11764705882352941
50,0,0.8620424479505769,0.8235294117647058,0.2787878787878788,0.823529411764706,0.823529411764706
51,0,0.8620424479505769,0.8235294117647058,0.2787878787878788,0.823529411764706,0.823529411764706
55,0,1.0,1.0,1.0,1.0,1.0
57,0,1.0,1.0,1.0,1.0,1.0
