5,0,0.7896169453924144,0.6842105263157895,0.11433597185576078,0.6842105263157894,0.6842105263157894
7,0,0.7896169453924144,0.6842105263157895,0.11433597185576078,0.6842105263157894,0.6842105263157894
9,0,0.7896169453924144,0.6842105263157895,0.11433597185576078,0.6842105263157894,0.6842105263157894
11,0,0.7896169453924144,0.6842105263157895,0.11433597185576078,0.6842105263157894,0.6842105263157894
12,0,0.7896169453924144,0.6842105263157895,0.11433597185576078,0.6842105263157894,0.6842105263157894
15,0,0.7896169453924144,0.6842105263157895,0.11433597185576078,0.6842105263157894,0.6842105263157894
16,0,0.7896169453924144,0.6842105263157895,0.11433597185576078,0.6842105263157894,0.6842105263157894
18,0,0.7896169453924144,0.6842105263157895,0.11433597185576078,0.6842105263157894,0.6842105263157894
21,0,1.0,1.0,1.0,1.0,1.0
23,0,1.0,1.0,1.0,1.0,1.0
27,0,1.0,1.0,1.0,1.0,1.0
29,0,1.0,1.0,1.0,1.0,1.0
30,0,1.0,1.0,1.0,1.0,1.0
33,0,1.0,1.0,1.0,1.0,1.0
35,0,0.21083587078863852,0.10526315789473684,0.006208288064566197,0.10526315789473684,0.10526315789473684
36,0,0.21083587078863852,0.10526315789473684,0.006208288064566197,0.10526315789473684,0.10526315789473684
38,0,0.8994767676423082,0.8421052631578947,0.28144239226033424,0.8421052631578947,0.8421052631578947
40,0,0.21083587078863852,0.10526315789473684,0.006208288064566197,0.10526315789473684,0.10526315789473684
41,0,0.21083587078863852,0.10526315789473684,0.006208288064566197,0.10526315789473684,0.10526315789473684
46,0,0.7896169453924144,0.6842105263157895,0.11433597185576078,0.6842105263157894,0.6842105263157894
47,0,0.7896169453924144,0.6842105263157895,0.11433597185576078,0.6842105263157894,0.6842105263157894
48,0,0.7896169453924144,0.6842105263157895,0.11433597185576078,0.6842105263157894,0.6842105263157894
51,0,0.7896169453924144,0.6842105263157895,0.11433597185576078,0.6842105263157894,0.6842105263157894
52,0,0.7896169453924144,0.6842105263157895,0.11433597185576078,0.6842105263157894,0.6842105263157894
53,0,0.7896169453924144,0.6842105263157895,0.11433597185576078,0.6842105263157894,0.6842105263157894
56,0,0.7896169453924144,0.6842105263157895,0.11433597185576078,0.6842105263157894,0.6842105263157894
57,0,0.7896169453924144,0.6842105263157895,0.11433597185576078,0.6842105263157894,0.6842105263157894
58,0,0.7896169453924144,0.6842105263157895,0.11433597185576078,0.6842105263157894,0.6842105263157894
61,0,0.7896169453924144,0.6842105263157895,0.11433597185576078,0.6842105263157894,0.6842105263157894
62,0,0.7896169453924144,0.6842105263157895,0.11433597185576078,0.6842105263157894,0.6842105263157894
63,0,0.7896169453924144,0.6842105263157895,0.11433597185576078,0.6842105263157894,0.6842105263157894
66,0,0.7896169453924144,0.6842105263157895,0.11433597185576078,0.6842105263157894,0.6842105263157894
67,0,0.7896169453924144,0.6842105263157895,0.11433597185576078,0.6842105263157894,0.6842105263157894
68,0,0.7896169453924144,0.6842105263157895,0.11433597185576078,0.6842105263157894,0.6842105263157894
71,0,0.7896169453924144,0.6842105263157895,0.11433597185576078,0.6842105263157894,0.6842105263157894
72,0,0.7896169453924144,0.6842105263157895,0.11433597185576078,0.6842105263157894,0.6842105263157894
73,0,0.7896169453924144,0.6842105263157895,0.11433597185576078,0.6842105263157894,0.6842105263157894
76,0,0.7896169453924144,0.6842105263157895,0.11433597185576078,0.6842105263157894,0.6842105263157894
78,0,0.7896169453924144,0.6842105263157895,0.11433597185576078,0.6842105263157894,0.6842105263157894
80,0,0.7896169453924144,0.6842105263157895,0.11433597185576078,0.6842105263157894,0.6842105263157894
82,0,0.7504174114242901,0.631578947368421,0.09046362608367886,0.631578947368421,0.631578947368421
83,0,0.7504174114242901,0.631578947368421,0.09046362608367886,0.631578947368421,0.631578947368421
86,0,0.7896169453924144,0.6842105263157895,0.11433597185576078,0.6842105263157894,0.6842105263157894
88,0,0.7896169453924144,0.6842105263157895,0.11433597185576078,0.6842105263157894,0.6842105263157894
89,0,0.0,0.0,0.0,0.0,0.0
90,0,0.7504174114242901,0.631578947368421,0.09046362608367886,0.631578947368421,0.631578947368421
91,0,0.21083587078863852,0.10526315789473684,0.006208288064566197,0.10526315789473684,0.10526315789473684
92,0,0.6227514383631447,0.47368421052631576,0.0474934036939314,0.4736842105263158,0.4736842105263158
93,0,0.11929646987948814,0.05263157894736842,0.002931691586045148,0.052631578947368425,0.052631578947368425
94,0,0.52660009528527,0.3684210526315789,0.03078276165347405,0.368421052631579,0.368421052631579
95,0,0.0,0.0,0.0,0.0,0.0
96,0,0.4739881538033812,0.3157894736842105,0.024355591637913537,0.3157894736842105,0.3157894736842105
97,0,0.28800715552629363,0.15789473684210525,0.009894459102902375,0.15789473684210528,0.15789473684210528
99,0,0.21083587078863852,0.10526315789473684,0.006208288064566197,0.10526315789473684,0.10526315789473684
103,0,0.7896169453924144,0.6842105263157895,0.11433597185576078,0.6842105263157894,0.6842105263157894
