3,0.0,1.0,1.0,0.5384615384615387,0.5599999999999997,0.0
4,0.0,1.0,1.0,0.5384615384615387,0.5599999999999997,0.0
5,0.0,1.0,1.0,0.5384615384615387,0.5599999999999997,0.0
6,0.0,1.0,1.0,0.5384615384615387,0.5599999999999997,0.0
7,0.0,1.0,1.0,0.5384615384615387,0.5599999999999997,0.0
8,0.0,1.0,1.0,0.5384615384615387,0.5599999999999997,0.0
10,0.0,1.0,1.0,0.5384615384615387,0.5599999999999997,0.0
12,0.0,1.0,1.0,0.5384615384615387,0.5599999999999997,0.0
14,0.0,1.0,1.0,0.5384615384615387,0.5599999999999997,0.0
16,0.2658823529411767,0.0,0.0,0.0,0.0,0.2941176470588235
18,1.0,0.7378340400528752,0.07999999999999977,1.0,1.0,1.0
19,1.0,0.7378340400528752,0.07999999999999977,1.0,1.0,1.0
20,1.0,0.7378340400528752,0.07999999999999977,1.0,1.0,1.0
24,0.0,1.0,1.0,0.5384615384615387,0.5599999999999997,0.0
25,0.0,1.0,1.0,0.5384615384615387,0.5599999999999997,0.0
26,0.0,1.0,1.0,0.5384615384615387,0.5599999999999997,0.0
27,0.0,1.0,1.0,0.5384615384615387,0.5599999999999997,0.0
