12,0.7893214509068167,0.9933557459114547,1.0,0.891499551032625,0.923202949006758,0.0
15,0.7893214509068167,0.9933557459114547,1.0,0.891499551032625,0.923202949006758,0.0
17,0.7893214509068167,0.9933557459114547,1.0,0.891499551032625,0.923202949006758,0.0
19,0.7893214509068167,0.9933557459114547,1.0,0.891499551032625,0.923202949006758,0.0
21,0.0,0.0,0.0,0.0,0.0,0.41818181818181843
23,0.8565853658536586,1.0,0.959931798806479,0.9495819190330326,0.9649805447470816,0.41818181818181877
25,0.2893869479235333,0.10644108028953726,0.04347826086956522,0.06718547341115436,0.09533073929961089,0.40000000000000024
28,0.9403631760868506,0.9853999154233697,0.876385336743393,0.9972477934896081,0.9981172335885526,0.8181818181818188
32,0.9403631760868506,0.9853999154233697,0.876385336743393,0.9972477934896081,0.9981172335885526,0.8181818181818188
34,0.9403631760868506,0.9853999154233697,0.876385336743393,0.9972477934896081,0.9981172335885526,0.8181818181818188
38,1.0,0.9546856826000938,0.7911338448422848,1.0,1.0,1.0
40,0.9403631760868506,0.9853999154233697,0.876385336743393,0.9972477934896081,0.9981172335885526,0.8181818181818188
42,0.9403631760868506,0.9853999154233697,0.876385336743393,0.9972477934896081,0.9981172335885526,0.8181818181818188
44,1.0,0.9546856826000938,0.7911338448422848,1.0,1.0,1.0
49,1.0,0.9546856826000938,0.7911338448422848,1.0,1.0,1.0
50,1.0,0.9546856826000938,0.7911338448422848,1.0,1.0,1.0
