9,1.0,1.0,1.0,1.0,1.0,1.0
10,1.0,1.0,1.0,1.0,1.0,1.0
11,1.0,1.0,1.0,1.0,1.0,1.0
12,1.0,1.0,1.0,1.0,1.0,1.0
13,1.0,1.0,1.0,1.0,1.0,1.0
14,1.0,1.0,1.0,1.0,1.0,1.0
15,1.0,1.0,1.0,1.0,1.0,1.0
18,0.0,0.0,0.0,0.0,0.0,0.0
19,0.0,0.0,0.0,0.0,0.0,0.0
20,0.0,0.0,0.0,0.0,0.0,0.0
21,1.0,1.0,1.0,1.0,1.0,1.0
22,0.0,0.0,0.0,0.0,0.0,0.0
25,0.0,0.0,0.0,0.0,0.0,0.0
26,0.0,0.0,0.0,0.0,0.0,0.0
27,0.0,0.0,0.0,0.0,0.0,0.0
28,0.0,0.0,0.0,0.0,0.0,0.0
29,0.0,0.0,0.0,0.0,0.0,0.0
30,0.0,0.0,0.0,0.0,0.0,0.0
31,0.0,0.0,0.0,0.0,0.0,0.0
