2,0,1.0,1.0,1.0,1.0,1.0
5,0,1.0,1.0,1.0,1.0,1.0
6,0,1.0,1.0,1.0,1.0,1.0
7,0,0.10790178692300928,0.05263157894736842,0.001464808860307253,0.05263157894736842,0.05263157894736842
8,0,0.9136977306210773,0.868421052631579,0.17401929260450164,0.868421052631579,0.868421052631579
10,0,0.19560825091168002,0.10526315789473684,0.0031019481747682994,0.10526315789473685,0.10526315789473685
11,0,0.057363515357737795,0.02631578947368421,0.0007126097158251502,0.026315789473684216,0.026315789473684216
13,0,0.0,0.0,0.0,0.0,0.0
17,0,0.7820716275213879,0.6842105263157895,0.05712754555198285,0.6842105263157895,0.6842105263157895
18,0,0.2347161383008361,0.13157894736842105,0.003994933255383417,0.13157894736842105,0.13157894736842105
20,0,0.6102504981322835,0.47368421052631576,0.023729903536977494,0.47368421052631576,0.47368421052631576
22,0,1.0,1.0,1.0,1.0,1.0
