3,0.14558823529411757,0.36649391269814624,0.4042553191489363,0.19999999999999998,0.24705882352941183,0.6666666666666666
5,0.14558823529411757,0.36649391269814624,0.4042553191489363,0.19999999999999998,0.24705882352941183,0.6666666666666666
7,0.31821428571428567,0.9872968921999616,1.0,0.6,0.6631578947368421,0.0
9,0.31821428571428567,0.9872968921999616,1.0,0.6,0.6631578947368421,0.0
10,0.31821428571428567,0.9872968921999616,1.0,0.6,0.6631578947368421,0.0
12,0.31821428571428567,0.9872968921999616,1.0,0.6,0.6631578947368421,0.0
14,0.31821428571428567,0.9872968921999616,1.0,0.6,0.6631578947368421,0.0
15,0.31821428571428567,0.9872968921999616,1.0,0.6,0.6631578947368421,0.0
16,0.1079439252336448,0.3254994873396867,0.3829787234042554,0.16000000000000006,0.19999999999999998,0.8518518518518521
18,0.31821428571428567,0.9872968921999616,1.0,0.6,0.6631578947368421,0.0
19,0.31821428571428567,0.9872968921999616,1.0,0.6,0.6631578947368421,0.0
21,0.1079439252336448,0.3254994873396867,0.3829787234042554,0.16000000000000006,0.19999999999999998,0.8518518518518521
22,0.1079439252336448,0.3254994873396867,0.3829787234042554,0.16000000000000006,0.19999999999999998,0.8518518518518521
23,0.0,0.0,0.10638297872340424,0.0,0.0,1.0
27,1.0,1.0,0.31914893617021284,1.0,1.0,0.8518518518518521
28,0.781578947368421,0.25401083008415193,0.0,0.16000000000000006,0.19999999999999998,0.3333333333333334
29,1.0,1.0,0.31914893617021284,1.0,1.0,0.8518518518518521
31,0.31821428571428567,0.9872968921999616,1.0,0.6,0.6631578947368421,0.0
32,0.31821428571428567,0.9872968921999616,1.0,0.6,0.6631578947368421,0.0
