4,0.0,0.9091881186652936,1.0,0.6743421052631579,0.7130434782608697,0.0
8,0.0,0.9091881186652936,1.0,0.6743421052631579,0.7130434782608697,0.0
9,0.0,0.9091881186652936,1.0,0.6743421052631579,0.7130434782608697,0.0
11,0.3631694790902424,1.0,0.9174917491749175,1.0,1.0,1.0
13,0.3631694790902424,1.0,0.9174917491749175,1.0,1.0,1.0
14,0.3631694790902424,1.0,0.9174917491749175,1.0,1.0,1.0
15,0.22758620689655176,0.723416494417961,0.7062706270627062,0.6842105263157895,0.7222222222222224,0.5499999999999998
16,0.3631694790902424,1.0,0.9174917491749175,1.0,1.0,1.0
17,1.0,0.0,0.0,0.0,0.0,0.7249999999999998
19,0.3631694790902424,1.0,0.9174917491749175,1.0,1.0,1.0
21,0.0,0.9091881186652936,1.0,0.6743421052631579,0.7130434782608697,0.0
