5,0.7666666666666666,1.0,1.0,1.0,1.0,0.0
9,0.7666666666666666,1.0,1.0,1.0,1.0,0.0
11,0.7666666666666666,1.0,1.0,1.0,1.0,0.0
12,0.7666666666666666,1.0,1.0,1.0,1.0,0.0
13,0.7666666666666666,1.0,1.0,1.0,1.0,0.0
15,0.0,0.0,0.0,0.0,0.0,0.0
16,0.0,0.0,0.0,0.0,0.0,0.0
17,0.0,0.0,0.0,0.0,0.0,0.0
19,0.7666666666666666,1.0,1.0,1.0,1.0,0.0
20,0.7666666666666666,1.0,1.0,1.0,1.0,0.0
23,1.0,0.8302639551938393,0.6358024691358024,0.3409090909090909,0.721153846153846,1.0
24,1.0,0.8302639551938393,0.6358024691358024,0.3409090909090909,0.721153846153846,1.0
27,1.0,0.8302639551938393,0.6358024691358024,0.3409090909090909,0.721153846153846,1.0
28,1.0,0.8302639551938393,0.6358024691358024,0.3409090909090909,0.721153846153846,1.0
29,1.0,0.8302639551938393,0.6358024691358024,0.3409090909090909,0.721153846153846,1.0
30,0.9757575757575757,0.7987620630283674,0.5925925925925926,0.2916666666666667,0.673076923076923,0.8571428571428573
32,0.9757575757575757,0.7987620630283674,0.5925925925925926,0.2916666666666667,0.673076923076923,0.8571428571428573
34,0.9757575757575757,0.7987620630283674,0.5925925925925926,0.2916666666666667,0.673076923076923,0.8571428571428573
36,0.9757575757575757,0.7987620630283674,0.5925925925925926,0.2916666666666667,0.673076923076923,0.8571428571428573
37,0.9757575757575757,0.7987620630283674,0.5925925925925926,0.2916666666666667,0.673076923076923,0.8571428571428573
41,0.9757575757575757,0.7987620630283674,0.5925925925925926,0.2916666666666667,0.673076923076923,0.8571428571428573
42,1.0,0.8302639551938393,0.6358024691358024,0.3409090909090909,0.721153846153846,1.0
43,1.0,0.8302639551938393,0.6358024691358024,0.3409090909090909,0.721153846153846,1.0
45,1.0,0.8302639551938393,0.6358024691358024,0.3409090909090909,0.721153846153846,1.0
46,1.0,0.8302639551938393,0.6358024691358024,0.3409090909090909,0.721153846153846,1.0
48,1.0,0.8302639551938393,0.6358024691358024,0.3409090909090909,0.721153846153846,1.0
49,1.0,0.8302639551938393,0.6358024691358024,0.3409090909090909,0.721153846153846,1.0
50,1.0,0.8302639551938393,0.6358024691358024,0.3409090909090909,0.721153846153846,1.0
55,0.7666666666666666,1.0,1.0,1.0,1.0,0.0
