4,0.0,0.0,0.17647058823529407,0.0,0.0,0.625
6,0.0,0.0,0.17647058823529407,0.0,0.0,0.625
7,0.0,0.0,0.17647058823529407,0.0,0.0,0.625
8,0.0,0.0,0.17647058823529407,0.0,0.0,0.625
9,0.0,0.0,0.17647058823529407,0.0,0.0,0.625
10,0.0,0.0,0.17647058823529407,0.0,0.0,0.625
11,0.0,0.0,0.17647058823529407,0.0,0.0,0.625
12,0.0,0.0,0.17647058823529407,0.0,0.0,0.625
13,0.0,0.0,0.17647058823529407,0.0,0.0,0.625
14,0.0,0.0,0.17647058823529407,0.0,0.0,0.625
15,0.0,0.0,0.17647058823529407,0.0,0.0,0.625
18,0.0,0.0,0.47058823529411764,0.0,0.0,0.0
19,0.0,0.0,0.47058823529411764,0.0,0.0,0.0
20,0.0,0.0,0.47058823529411764,0.0,0.0,0.0
21,0.0,0.0,0.47058823529411764,0.0,0.0,0.0
22,0.0,0.0,0.47058823529411764,0.0,0.0,0.0
24,0.0,0.0,0.17647058823529407,0.0,0.0,0.625
26,0.0,0.0,0.17647058823529407,0.0,0.0,0.625
27,0.0,0.0,0.17647058823529407,0.0,0.0,0.625
28,0.0,0.0,0.17647058823529407,0.0,0.0,0.625
29,0.0,0.0,0.17647058823529407,0.0,0.0,0.625
30,0.0,0.0,0.17647058823529407,0.0,0.0,0.625
31,0.0,0.0,0.17647058823529407,0.0,0.0,0.625
32,0.0,0.0,0.17647058823529407,0.0,0.0,0.625
36,0.0,0.0,0.47058823529411764,0.0,0.0,0.0
37,0.0,0.0,0.47058823529411764,0.0,0.0,0.0
38,0.0,0.0,0.47058823529411764,0.0,0.0,0.0
39,0.0,0.0,0.47058823529411764,0.0,0.0,0.0
40,0.0,0.0,0.47058823529411764,0.0,0.0,0.0
41,0.0,0.0,0.47058823529411764,0.0,0.0,0.0
44,0.0,0.0,0.17647058823529407,0.0,0.0,0.625
45,0.0,0.0,0.17647058823529407,0.0,0.0,0.625
46,0.0,0.0,0.17647058823529407,0.0,0.0,0.625
47,0.0,0.0,0.17647058823529407,0.0,0.0,0.625
48,0.0,0.0,0.17647058823529407,0.0,0.0,0.625
50,0.0,0.0,0.17647058823529407,0.0,0.0,0.625
52,0.5,0.3333333333333333,0.5294117647058824,0.125,0.1111111111111111,0.0
54,0.5,0.3333333333333333,0.5294117647058824,0.125,0.1111111111111111,0.0
55,0.0,0.0,0.17647058823529407,0.0,0.0,0.625
56,0.0,0.0,0.17647058823529407,0.0,0.0,0.625
57,0.0,0.0,0.17647058823529407,0.0,0.0,0.625
58,0.0,0.0,0.17647058823529407,0.0,0.0,0.625
60,0.5,0.3333333333333333,0.5294117647058824,0.125,0.1111111111111111,0.0
62,0.5,0.3333333333333333,0.5294117647058824,0.125,0.1111111111111111,0.0
65,0.5,0.3333333333333333,0.5294117647058824,0.125,0.1111111111111111,0.0
66,0.5,0.3333333333333333,0.5294117647058824,0.125,0.1111111111111111,0.0
68,0.5,0.3333333333333333,0.5294117647058824,0.125,0.1111111111111111,0.0
69,0.5,0.3333333333333333,0.5294117647058824,0.125,0.1111111111111111,0.0
71,0.5,0.3333333333333333,0.5294117647058824,0.125,0.1111111111111111,0.0
72,0.5,0.3333333333333333,0.5294117647058824,0.125,0.1111111111111111,0.0
73,0.5,0.3333333333333333,0.5294117647058824,0.125,0.1111111111111111,0.0
74,0.5,0.3333333333333333,0.5294117647058824,0.125,0.1111111111111111,0.0
75,0.5,0.3333333333333333,0.5294117647058824,0.125,0.1111111111111111,0.0
76,0.5,0.3333333333333333,0.5294117647058824,0.125,0.1111111111111111,0.0
78,0.5,0.3333333333333333,0.5294117647058824,0.125,0.1111111111111111,0.0
79,0.0,0.0,0.0,0.0,0.0,1.0
81,0.5,0.3333333333333333,0.5294117647058824,0.125,0.1111111111111111,0.0
83,1.0,1.0,1.0,1.0,1.0,1.0
84,1.0,1.0,1.0,1.0,1.0,1.0
86,0.0,0.0,0.0,0.0,0.0,1.0
87,0.0,0.0,0.0,0.0,0.0,1.0
88,0.0,0.0,0.0,0.0,0.0,1.0
89,0.0,0.0,0.23529411764705882,0.0,0.0,0.5
90,0.0,0.0,0.0,0.0,0.0,1.0
91,0.0,0.0,0.0,0.0,0.0,1.0
92,0.0,0.0,0.0,0.0,0.0,1.0
