15,0.7837837837837839,0.9293203772845849,0.9746835443037974,0.8198198198198198,0.8484848484848485,0.0
19,0.7837837837837839,0.9293203772845849,0.9746835443037974,0.8198198198198198,0.8484848484848485,0.0
21,0.7837837837837839,0.9293203772845849,0.9746835443037974,0.8198198198198198,0.8484848484848485,0.0
22,0.7837837837837839,0.9293203772845849,0.9746835443037974,0.8198198198198198,0.8484848484848485,0.0
23,0.7837837837837839,0.9293203772845849,0.9746835443037974,0.8198198198198198,0.8484848484848485,0.0
24,0.8529411764705884,1.0,1.0,0.9784946236559139,0.9824561403508771,0.7924528301886792
25,0.8529411764705884,1.0,1.0,0.9784946236559139,0.9824561403508771,0.7924528301886792
27,0.7341772151898734,0.8153054838954357,0.8185654008438819,0.7027027027027027,0.7441860465116279,0.566037735849057
28,0.7341772151898734,0.8153054838954357,0.8185654008438819,0.7027027027027027,0.7441860465116279,0.566037735849057
32,0.7837837837837839,0.9293203772845849,0.9746835443037974,0.8198198198198198,0.8484848484848485,0.0
35,0.7837837837837839,0.9293203772845849,0.9746835443037974,0.8198198198198198,0.8484848484848485,0.0
36,0.7837837837837839,0.9293203772845849,0.9746835443037974,0.8198198198198198,0.8484848484848485,0.0
37,0.7837837837837839,0.9293203772845849,0.9746835443037974,0.8198198198198198,0.8484848484848485,0.0
38,0.8529411764705884,1.0,1.0,0.9784946236559139,0.9824561403508771,0.7924528301886792
39,0.8529411764705884,1.0,1.0,0.9784946236559139,0.9824561403508771,0.7924528301886792
40,0.8529411764705884,1.0,1.0,0.9784946236559139,0.9824561403508771,0.7924528301886792
41,0.8529411764705884,1.0,1.0,0.9784946236559139,0.9824561403508771,0.7924528301886792
44,0.7341772151898734,0.8153054838954357,0.8185654008438819,0.7027027027027027,0.7441860465116279,0.566037735849057
45,0.7182662538699691,0.6541159673969589,0.5443037974683544,0.619047619047619,0.6666666666666666,0.5094339622641509
47,0.7182662538699691,0.6541159673969589,0.5443037974683544,0.619047619047619,0.6666666666666666,0.5094339622641509
48,0.7182662538699691,0.6541159673969589,0.5443037974683544,0.619047619047619,0.6666666666666666,0.5094339622641509
50,0.7182662538699691,0.6541159673969589,0.5443037974683544,0.619047619047619,0.6666666666666666,0.5094339622641509
51,0.0,0.0,0.0,0.0,0.0,0.2641509433962264
52,0.0,0.0,0.0,0.0,0.0,0.2641509433962264
55,0.7182662538699691,0.6541159673969589,0.5443037974683544,0.619047619047619,0.6666666666666666,0.5094339622641509
57,0.6855791962174941,0.7050687382754637,0.6666666666666667,0.6018518518518519,0.6504065040650406,1.0
58,0.8734939759036144,0.8635293211814126,0.7215189873417722,0.9420289855072463,0.9523809523809524,0.7169811320754718
59,1.0,0.6226998490772391,0.3037974683544304,0.7878787878787878,0.8205128205128206,0.6037735849056601
60,1.0,0.6226998490772391,0.3037974683544304,0.7878787878787878,0.8205128205128206,0.6037735849056601
63,0.7474226804123711,0.7551344855298919,0.6877637130801687,0.6989247311827956,0.7407407407407408,0.3396226415094338
64,0.925531914893617,0.7060752608982119,0.44303797468354433,0.8666666666666667,0.8888888888888888,0.6415094339622639
65,0.925531914893617,0.7060752608982119,0.44303797468354433,0.8666666666666667,0.8888888888888888,0.6415094339622639
67,0.925531914893617,0.7060752608982119,0.44303797468354433,0.8666666666666667,0.8888888888888888,0.6415094339622639
68,0.0,0.0,0.008438818565400843,0.0,0.0,0.0
69,0.0,0.0,0.008438818565400843,0.0,0.0,0.0
72,0.925531914893617,0.7060752608982119,0.44303797468354433,0.8666666666666667,0.8888888888888888,0.6415094339622639
75,0.7474226804123711,0.7551344855298919,0.6877637130801687,0.6989247311827956,0.7407407407407408,0.3396226415094338
76,0.790190735694823,0.7908295991580883,0.70042194092827,0.7738095238095238,0.8080808080808081,0.05660377358490554
77,0.790190735694823,0.7908295991580883,0.70042194092827,0.7738095238095238,0.8080808080808081,0.05660377358490554
79,0.790190735694823,0.7908295991580883,0.70042194092827,0.7738095238095238,0.8080808080808081,0.05660377358490554
80,0.5800000000000001,0.27847983842311325,0.1308016877637131,0.28888888888888886,0.3333333333333333,0.49056603773584906
81,0.5800000000000001,0.27847983842311325,0.1308016877637131,0.28888888888888886,0.3333333333333333,0.49056603773584906
84,0.8055555555555556,0.7190318509781666,0.5654008438818566,0.753623188405797,0.7901234567901234,0.15094339622641476
85,0.6236559139784946,0.29354352395090355,0.1350210970464135,0.3095238095238095,0.35555555555555557,0.3584905660377359
86,0.6236559139784946,0.29354352395090355,0.1350210970464135,0.3095238095238095,0.35555555555555557,0.3584905660377359
87,0.6236559139784946,0.29354352395090355,0.1350210970464135,0.3095238095238095,0.35555555555555557,0.3584905660377359
88,0.8923076923076924,0.7876599286908696,0.5822784810126583,0.9122807017543859,0.927536231884058,0.6792452830188676
90,0.7341772151898734,0.4707168405988079,0.27848101265822783,0.5098039215686274,0.5614035087719298,0.188679245283019
92,0.7341772151898734,0.4707168405988079,0.27848101265822783,0.5098039215686274,0.5614035087719298,0.188679245283019
93,0.0,0.0,0.0,0.0,0.0,0.2641509433962264
94,0.8055555555555556,0.5084322977157767,0.2869198312236287,0.5777777777777777,0.6274509803921569,0.07547169811320738
95,0.0,0.0,0.004219409282700422,0.0,0.0,0.1320754716981132
96,0.0,0.0,0.004219409282700422,0.0,0.0,0.1320754716981132
99,0.7341772151898734,0.4707168405988079,0.27848101265822783,0.5098039215686274,0.5614035087719298,0.188679245283019
100,0.7341772151898734,0.4707168405988079,0.27848101265822783,0.5098039215686274,0.5614035087719298,0.188679245283019
101,0.7341772151898734,0.4707168405988079,0.27848101265822783,0.5098039215686274,0.5614035087719298,0.188679245283019
103,1.0,0.762648446573665,0.4514767932489452,1.0,1.0,0.9056603773584903
104,1.0,0.762648446573665,0.4514767932489452,1.0,1.0,0.9056603773584903
105,1.0,0.762648446573665,0.4514767932489452,1.0,1.0,0.9056603773584903
110,0.8055555555555556,0.7190318509781666,0.5654008438818566,0.753623188405797,0.7901234567901234,0.15094339622641476
111,0.8055555555555556,0.7190318509781666,0.5654008438818566,0.753623188405797,0.7901234567901234,0.15094339622641476
114,0.8055555555555556,0.7190318509781666,0.5654008438818566,0.753623188405797,0.7901234567901234,0.15094339622641476
