2,0.0,0.0,0.0,0.0,0.0,0.0
4,0.0,0.0,0.0,0.0,0.0,0.0
5,0.0,0.0,0.0,0.0,0.0,0.0
6,0.0,0.0,0.0,0.0,0.0,0.0
7,0.0,0.0,0.0,0.0,0.0,0.0
8,0.0,0.0,0.0,0.0,0.0,0.0
9,0.0,0.0,0.0,0.0,0.0,0.0
11,0.0,0.0,0.0,0.0,0.0,0.0
12,0.0,0.0,0.0,0.0,0.0,0.0
13,0.0,0.0,0.0,0.0,0.0,0.0
15,0.7187500000000004,0.7115725402061891,0.7500000000000008,0.6785714285714286,0.6982758620689656,0.75
16,0.7187500000000004,0.7115725402061891,0.7500000000000008,0.6785714285714286,0.6982758620689656,0.75
17,0.7187500000000004,0.7115725402061891,0.7500000000000008,0.6785714285714286,0.6982758620689656,0.75
19,0.0,0.0,0.0,0.0,0.0,0.0
20,1.0,1.0,1.0,1.0,1.0,1.0
21,0.0,0.0,0.0,0.0,0.0,0.0
