3,0,0.0,0.0,0.0,0.0,0.0
4,0,0.0,0.0,0.0,0.0,0.0
6,0,1.0,1.0,1.0,1.0,1.0
8,0,1.0,1.0,1.0,1.0,1.0
9,0,1.0,1.0,1.0,1.0,1.0
10,0,1.0,1.0,1.0,1.0,1.0
11,0,0.9440043048220451,0.9375,0.9746434231378764,0.9375,0.9375
12,0,0.8873041781932592,0.875,0.4548335974643423,0.8749999999999999,0.8749999999999999
13,0,0.8298723462288589,0.8125,0.28156365557316426,0.8125000000000001,0.8125000000000001
14,0,0.8298723462288589,0.8125,0.28156365557316426,0.8125000000000001,0.8125000000000001
15,0,0.8298723462288589,0.8125,0.28156365557316426,0.8125000000000001,0.8125000000000001
16,0,0.3401164075996514,0.3125,0.02953464918599625,0.3125,0.3125
17,0,0.3401164075996514,0.3125,0.02953464918599625,0.3125,0.3125
18,0,0.0,0.0,0.0,0.0,0.0
19,0,0.0,0.0,0.0,0.0,0.0
21,0,0.8298723462288589,0.8125,0.28156365557316426,0.8125000000000001,0.8125000000000001
22,0,1.0,1.0,1.0,1.0,1.0
