4,0.0,0.0,0.07,0.0,0.0,0.41538461538461535
5,0.0,0.0,0.07,0.0,0.0,0.41538461538461535
7,0.5666666666666667,0.380442955126341,0.35000000000000003,0.13333333333333333,0.14473684210526314,0.0
9,0.5666666666666667,0.380442955126341,0.35000000000000003,0.13333333333333333,0.14473684210526314,0.0
10,0.5666666666666667,0.380442955126341,0.35000000000000003,0.13333333333333333,0.14473684210526314,0.0
11,0.5666666666666667,0.380442955126341,0.35000000000000003,0.13333333333333333,0.14473684210526314,0.0
12,0.5666666666666667,0.380442955126341,0.35000000000000003,0.13333333333333333,0.14473684210526314,0.0
13,0.7142857142857143,0.4944132324730442,0.66,0.22727272727272727,0.24444444444444444,0.4769230769230769
14,0.0,0.0,0.0,0.0,0.0,0.523076923076923
16,1.0,1.0,1.0,1.0,1.0,1.0
19,0.0,0.0,0.030000000000000006,0.0,0.0,0.4769230769230769
20,0.0,0.0,0.3,0.0,0.0,0.06153846153846154
23,0.0,0.0,0.07,0.0,0.0,0.41538461538461535
24,0.0,0.0,0.07,0.0,0.0,0.41538461538461535
27,0.5666666666666667,0.380442955126341,0.35000000000000003,0.13333333333333333,0.14473684210526314,0.0
28,0.5666666666666667,0.380442955126341,0.35000000000000003,0.13333333333333333,0.14473684210526314,0.0
