11,0.62,0.9718253158075502,0.9808917197452228,0.48000000000000004,0.5185185185185185,0.0
20,0.62,0.9718253158075502,0.9808917197452228,0.48000000000000004,0.5185185185185185,0.0
21,0.0,0.0,0.0,0.0,0.0,0.0
22,0.62,0.9718253158075502,0.9808917197452228,0.48000000000000004,0.5185185185185185,0.0
23,0.0,0.0,0.0,0.0,0.0,0.0
24,0.62,0.9718253158075502,0.9808917197452228,0.48000000000000004,0.5185185185185185,0.0
25,0.62,0.9718253158075502,0.9808917197452228,0.48000000000000004,0.5185185185185185,0.0
26,0.0,0.0,0.0,0.0,0.0,0.0
27,0.62,0.9718253158075502,0.9808917197452228,0.48000000000000004,0.5185185185185185,0.0
28,0.0,0.0,0.0,0.0,0.0,0.0
29,0.62,0.9718253158075502,0.9808917197452228,0.48000000000000004,0.5185185185185185,0.0
30,0.62,0.9718253158075502,0.9808917197452228,0.48000000000000004,0.5185185185185185,0.0
31,0.0,0.0,0.0,0.0,0.0,0.0
32,0.62,0.9718253158075502,0.9808917197452228,0.48000000000000004,0.5185185185185185,0.0
33,0.62,0.9718253158075502,0.9808917197452228,0.48000000000000004,0.5185185185185185,0.0
34,0.62,0.9718253158075502,0.9808917197452228,0.48000000000000004,0.5185185185185185,0.0
35,0.5254237288135591,0.42081270576508667,0.21656050955414013,0.30000000000000004,0.3333333333333333,0.47368421052631593
38,0.6595744680851063,0.8926785535678563,0.7643312101910827,0.5294117647058825,0.5675675675675677,0.4736842105263156
39,0.6595744680851063,0.8926785535678563,0.7643312101910827,0.5294117647058825,0.5675675675675677,0.4736842105263156
41,0.62,0.9718253158075502,0.9808917197452228,0.48000000000000004,0.5185185185185185,0.0
42,0.6788321167883211,0.9185586535436918,0.7770700636942675,0.5625,0.6000000000000001,0.6842105263157895
43,1.0,0.8926785535678563,0.3057324840764331,1.0,1.0,1.0
44,0.62,0.9718253158075502,0.9808917197452228,0.48000000000000004,0.5185185185185185,0.0
45,0.62,0.9718253158075502,0.9808917197452228,0.48000000000000004,0.5185185185185185,0.0
48,0.6391752577319588,1.0,1.0,0.5106382978723405,0.5490196078431373,0.3157894736842108
55,0.6391752577319588,1.0,1.0,0.5106382978723405,0.5490196078431373,0.3157894736842108
56,0.6391752577319588,1.0,1.0,0.5106382978723405,0.5490196078431373,0.3157894736842108
57,0.6391752577319588,1.0,1.0,0.5106382978723405,0.5490196078431373,0.3157894736842108
58,0.5999999999999999,0.8167932191140532,0.7197452229299363,0.43902439024390244,0.47727272727272724,0.2631578947368423
59,0.5923566878980892,0.8074581328859327,0.713375796178344,0.42857142857142855,0.4666666666666667,0.3684210526315787
