3,0.9638384870943011,1.0,1.0,1.0,1.0,0.0
5,0.9638384870943011,1.0,1.0,1.0,1.0,0.0
6,0.9638384870943011,1.0,1.0,1.0,1.0,0.0
7,0.9638384870943011,1.0,1.0,1.0,1.0,0.0
8,0.9638384870943011,1.0,1.0,1.0,1.0,0.0
10,0.9638384870943011,1.0,1.0,1.0,1.0,0.0
11,0.9638384870943011,1.0,1.0,1.0,1.0,0.0
12,0.9638384870943011,1.0,1.0,1.0,1.0,0.0
13,0.9638384870943011,1.0,1.0,1.0,1.0,0.0
14,0.9638384870943011,1.0,1.0,1.0,1.0,0.0
15,0.9638384870943011,1.0,1.0,1.0,1.0,0.0
16,0.9638384870943011,1.0,1.0,1.0,1.0,0.0
17,0.9638384870943011,1.0,1.0,1.0,1.0,0.0
19,0.9638384870943011,1.0,1.0,1.0,1.0,0.0
21,1.0,0.8755586861102769,0.7525089945086157,0.5389807162534435,0.8168135296371298,1.0
22,1.0,0.8755586861102769,0.7525089945086157,0.5389807162534435,0.8168135296371298,1.0
26,0.8685655943776798,0.484198657125897,0.2474910054913842,0.10251112523839795,0.30344147033427904,0.999999999999999
27,0.8685655943776798,0.484198657125897,0.2474910054913842,0.10251112523839795,0.30344147033427904,0.999999999999999
28,0.7391474767270947,0.22337689567418048,0.05756485514107177,0.02108138394733156,0.07590082644628099,0.6466431095406356
31,0.9174554992649314,0.43031788879578636,0.18992615035031246,0.07638835251409593,0.23979656706929436,0.35335689045936386
34,0.5054274993299385,0.1296230342261002,0.02442719181973111,0.008810873574209411,0.032791255665155956,0.8268551236749112
36,0.0,0.0,0.0,0.0,0.0,0.0
37,0.0,0.0,0.0,0.0,0.0,0.0
38,0.0,0.0,0.0,0.0,0.0,0.0
41,0.9174554992649314,0.43031788879578636,0.18992615035031246,0.07638835251409593,0.23979656706929436,0.35335689045936386
43,0.5054274993299385,0.1296230342261002,0.02442719181973111,0.008810873574209411,0.032791255665155956,0.8268551236749112
45,0.0,0.0,0.0,0.0,0.0,0.0
46,0.0,0.0,0.0,0.0,0.0,0.0
47,0.0,0.0,0.0,0.0,0.0,0.0
50,0.9174554992649314,0.43031788879578636,0.18992615035031246,0.07638835251409593,0.23979656706929436,0.35335689045936386
52,0.8008706269575836,0.17283071230146693,0.03294830524521871,0.011945273977359538,0.044077134986225903,0.2473498233215546
54,0.9464615912933222,0.3943696460635418,0.15697784510509374,0.06194556069451816,0.20118801652892562,0.10600706713780926
55,0.9464615912933222,0.3943696460635418,0.15697784510509374,0.06194556069451816,0.20118801652892562,0.10600706713780926
58,0.9638384870943011,1.0,1.0,1.0,1.0,0.0
