2,0.5,0.3922322702763681,0.673076923076923,0.08333333333333333,0.15384615384615385,0.0
5,0.5,0.3922322702763681,0.673076923076923,0.08333333333333333,0.15384615384615385,0.0
6,0.5,0.3922322702763681,0.673076923076923,0.08333333333333333,0.15384615384615385,0.0
7,0.0,0.0,0.0,0.0,0.0,0.5294117647058824
8,0.0,0.0,0.0,0.0,0.0,0.5294117647058824
9,0.0,0.0,0.0,0.0,0.0,0.5294117647058824
11,0.0,0.0,0.0,0.0,0.0,0.5294117647058824
12,0.0,0.0,0.0,0.0,0.0,0.5294117647058824
13,0.0,0.0,0.0,0.0,0.0,0.5294117647058824
15,0.0,0.0,0.0,0.0,0.0,0.5294117647058824
17,0.6153846153846154,0.48507125007266594,0.846153846153846,0.13333333333333333,0.23529411764705882,0.5294117647058824
18,0.0,0.0,0.1346153846153846,0.0,0.0,0.11764705882352942
19,0.0,0.0,0.1346153846153846,0.0,0.0,0.11764705882352942
20,0.0,0.0,0.1346153846153846,0.0,0.0,0.11764705882352942
22,0.0,0.0,0.1346153846153846,0.0,0.0,0.11764705882352942
24,0.6486486486486487,0.5163977794943223,0.8846153846153845,0.15384615384615385,0.26666666666666666,0.6470588235294119
25,0.0,0.0,0.17307692307692307,0.0,0.0,0.0
26,0.0,0.0,0.17307692307692307,0.0,0.0,0.0
27,0.0,0.0,0.17307692307692307,0.0,0.0,0.0
30,0.6486486486486487,0.5163977794943223,0.8846153846153845,0.15384615384615385,0.26666666666666666,0.6470588235294119
31,0.0,0.0,0.15384615384615385,0.0,0.0,0.05882352941176471
32,0.0,0.0,0.15384615384615385,0.0,0.0,0.05882352941176471
33,0.0,0.0,0.15384615384615385,0.0,0.0,0.05882352941176471
36,0.6666666666666666,0.5345224838248488,0.9038461538461537,0.16666666666666666,0.2857142857142857,0.7058823529411765
37,0.0,0.0,0.15384615384615385,0.0,0.0,0.05882352941176471
38,0.0,0.0,0.15384615384615385,0.0,0.0,0.05882352941176471
39,0.0,0.0,0.15384615384615385,0.0,0.0,0.05882352941176471
41,0.0,0.0,0.15384615384615385,0.0,0.0,0.05882352941176471
43,0.6857142857142857,0.5547001962252293,0.923076923076923,0.18181818181818182,0.3076923076923077,0.7647058823529413
44,0.0,0.0,0.17307692307692307,0.0,0.0,0.0
45,0.0,0.0,0.17307692307692307,0.0,0.0,0.0
47,0.0,0.0,0.17307692307692307,0.0,0.0,0.0
49,0.6857142857142857,0.5547001962252293,0.923076923076923,0.18181818181818182,0.3076923076923077,0.7647058823529413
50,0.0,0.0,0.15384615384615385,0.0,0.0,0.05882352941176471
51,0.0,0.0,0.15384615384615385,0.0,0.0,0.05882352941176471
53,0.0,0.0,0.15384615384615385,0.0,0.0,0.05882352941176471
55,0.7058823529411764,0.5773502691896258,0.9423076923076923,0.2,0.3333333333333333,0.8235294117647058
56,0.0,0.0,0.15384615384615385,0.0,0.0,0.05882352941176471
57,0.0,0.0,0.15384615384615385,0.0,0.0,0.05882352941176471
59,0.0,0.0,0.15384615384615385,0.0,0.0,0.05882352941176471
60,0.0,0.0,0.15384615384615385,0.0,0.0,0.05882352941176471
61,0.0,0.0,0.15384615384615385,0.0,0.0,0.05882352941176471
64,0.7272727272727273,0.6030226891555273,0.9615384615384615,0.2222222222222222,0.36363636363636365,0.8823529411764707
65,0.0,0.0,0.15384615384615385,0.0,0.0,0.05882352941176471
66,0.0,0.0,0.15384615384615385,0.0,0.0,0.05882352941176471
68,0.0,0.0,0.15384615384615385,0.0,0.0,0.05882352941176471
69,0.0,0.0,0.15384615384615385,0.0,0.0,0.05882352941176471
70,0.0,0.0,0.15384615384615385,0.0,0.0,0.05882352941176471
72,0.0,0.0,0.15384615384615385,0.0,0.0,0.05882352941176471
74,0.75,0.6324555320336759,0.9807692307692307,0.25,0.4,0.9411764705882355
75,0.0,0.0,0.15384615384615385,0.0,0.0,0.05882352941176471
76,0.0,0.0,0.15384615384615385,0.0,0.0,0.05882352941176471
77,0.0,0.0,0.15384615384615385,0.0,0.0,0.05882352941176471
79,0.0,0.0,0.15384615384615385,0.0,0.0,0.05882352941176471
80,0.0,0.0,0.15384615384615385,0.0,0.0,0.05882352941176471
81,0.0,0.0,0.15384615384615385,0.0,0.0,0.05882352941176471
82,0.0,0.0,0.15384615384615385,0.0,0.0,0.05882352941176471
83,0.0,0.0,0.17307692307692307,0.0,0.0,0.0
85,0.0,0.0,0.15384615384615385,0.0,0.0,0.05882352941176471
88,0.7741935483870968,0.6666666666666669,1.0,0.2857142857142857,0.4444444444444444,1.0
89,0.8571428571428571,0.5773502691896258,0.6153846153846154,0.3333333333333333,0.5,0.5882352941176472
90,0.8571428571428571,0.5773502691896258,0.6153846153846154,0.3333333333333333,0.5,0.5882352941176472
92,0.8571428571428571,0.5773502691896258,0.6153846153846154,0.3333333333333333,0.5,0.5882352941176472
93,0.8571428571428571,0.5773502691896258,0.6153846153846154,0.3333333333333333,0.5,0.5882352941176472
94,0.8571428571428571,0.5773502691896258,0.6153846153846154,0.3333333333333333,0.5,0.5882352941176472
95,0.8571428571428571,0.5773502691896258,0.6153846153846154,0.3333333333333333,0.5,0.5882352941176472
97,0.8571428571428571,0.5773502691896258,0.6153846153846154,0.3333333333333333,0.5,0.5882352941176472
99,0.7058823529411764,0.40824829046386313,0.5576923076923077,0.16666666666666666,0.2857142857142857,0.4117647058823529
100,0.0,0.0,0.11538461538461538,0.0,0.0,0.17647058823529413
101,0.0,0.0,0.11538461538461538,0.0,0.0,0.17647058823529413
102,0.0,0.0,0.11538461538461538,0.0,0.0,0.17647058823529413
104,0.0,0.0,0.11538461538461538,0.0,0.0,0.17647058823529413
105,0.0,0.0,0.11538461538461538,0.0,0.0,0.17647058823529413
106,0.0,0.0,0.11538461538461538,0.0,0.0,0.17647058823529413
107,0.0,0.0,0.11538461538461538,0.0,0.0,0.17647058823529413
108,0.0,0.0,0.17307692307692307,0.0,0.0,0.0
110,0.0,0.0,0.11538461538461538,0.0,0.0,0.17647058823529413
113,0.8571428571428571,0.5773502691896258,0.6153846153846154,0.3333333333333333,0.5,0.5882352941176472
114,1.0,1.0,0.6538461538461537,1.0,1.0,0.7058823529411765
115,1.0,1.0,0.6538461538461537,1.0,1.0,0.7058823529411765
117,1.0,1.0,0.6538461538461537,1.0,1.0,0.7058823529411765
118,1.0,1.0,0.6538461538461537,1.0,1.0,0.7058823529411765
119,1.0,1.0,0.6538461538461537,1.0,1.0,0.7058823529411765
120,1.0,1.0,0.6538461538461537,1.0,1.0,0.7058823529411765
121,0.0,0.0,0.17307692307692307,0.0,0.0,0.0
123,1.0,1.0,0.6538461538461537,1.0,1.0,0.7058823529411765
126,0.0,0.0,0.1346153846153846,0.0,0.0,0.11764705882352942
127,0.0,0.0,0.17307692307692307,0.0,0.0,0.0
128,0.0,0.0,0.17307692307692307,0.0,0.0,0.0
129,0.0,0.0,0.17307692307692307,0.0,0.0,0.0
131,0.0,0.0,0.17307692307692307,0.0,0.0,0.0
132,0.0,0.0,0.17307692307692307,0.0,0.0,0.0
133,0.0,0.0,0.17307692307692307,0.0,0.0,0.0
134,0.0,0.0,0.17307692307692307,0.0,0.0,0.0
136,0.0,0.0,0.17307692307692307,0.0,0.0,0.0
138,0.0,0.0,0.1346153846153846,0.0,0.0,0.11764705882352942
139,0.0,0.0,0.1346153846153846,0.0,0.0,0.11764705882352942
140,0.0,0.0,0.1346153846153846,0.0,0.0,0.11764705882352942
142,0.0,0.0,0.1346153846153846,0.0,0.0,0.11764705882352942
143,0.0,0.0,0.1346153846153846,0.0,0.0,0.11764705882352942
144,0.0,0.0,0.1346153846153846,0.0,0.0,0.11764705882352942
145,0.0,0.0,0.1346153846153846,0.0,0.0,0.11764705882352942
146,0.0,0.0,0.17307692307692307,0.0,0.0,0.0
148,0.0,0.0,0.1346153846153846,0.0,0.0,0.11764705882352942
151,0.0,0.0,0.17307692307692307,0.0,0.0,0.0
152,0.0,0.0,0.17307692307692307,0.0,0.0,0.0
153,0.0,0.0,0.17307692307692307,0.0,0.0,0.0
155,0.0,0.0,0.17307692307692307,0.0,0.0,0.0
156,0.0,0.0,0.17307692307692307,0.0,0.0,0.0
157,0.0,0.0,0.17307692307692307,0.0,0.0,0.0
158,0.0,0.0,0.17307692307692307,0.0,0.0,0.0
159,0.0,0.0,0.17307692307692307,0.0,0.0,0.0
161,0.0,0.0,0.17307692307692307,0.0,0.0,0.0
164,0.5,0.3922322702763681,0.673076923076923,0.08333333333333333,0.15384615384615385,0.0
