3,0.7534528963100393,0.8811060035119783,0.923076923076923,0.6802721088435374,0.6923076923076924,0.0
5,0.7534528963100393,0.8811060035119783,0.923076923076923,0.6802721088435374,0.6923076923076924,0.0
6,0.7534528963100393,0.8811060035119783,0.923076923076923,0.6802721088435374,0.6923076923076924,0.0
7,0.7534528963100393,0.8811060035119783,0.923076923076923,0.6802721088435374,0.6923076923076924,0.0
8,0.7534528963100393,0.8811060035119783,0.923076923076923,0.6802721088435374,0.6923076923076924,0.0
9,0.7534528963100393,0.8811060035119783,0.923076923076923,0.6802721088435374,0.6923076923076924,0.0
11,0.7700718525460795,0.8944214377154651,0.9326923076923076,0.7019927536231884,0.7135549872122763,0.0348837209302326
13,0.8967452300785634,1.0,1.0,0.8837044892188052,0.8893280632411067,0.2790697674418604
14,0.8967452300785634,1.0,1.0,0.8837044892188052,0.8893280632411067,0.2790697674418604
15,0.8967452300785634,1.0,1.0,0.8837044892188052,0.8893280632411067,0.2790697674418604
16,0.8967452300785634,1.0,1.0,0.8837044892188052,0.8893280632411067,0.2790697674418604
20,0.0,0.0,0.0,0.0,0.0,1.0
22,0.1476548928778229,0.0556287304950141,0.08653846153846156,0.08581235697940502,0.09030100334448161,0.6860465116279071
24,0.0,0.0,0.0,0.0,0.0,1.0
27,1.0,0.8030518014165244,0.6826923076923076,1.0,1.0,0.3023255813953488
29,0.5519480519480521,0.21572622686327206,0.2307692307692308,0.3780718336483932,0.3913043478260869,0.1627906976744186
30,0.5519480519480521,0.21572622686327206,0.2307692307692308,0.3780718336483932,0.3913043478260869,0.1627906976744186
31,0.5519480519480521,0.21572622686327206,0.2307692307692308,0.3780718336483932,0.3913043478260869,0.1627906976744186
