3,0.0,0.0,0.9830508474576272,0.0,0.0,0.0
5,0.0,0.0,0.9830508474576272,0.0,0.0,0.0
6,0.0,0.0,0.9830508474576272,0.0,0.0,0.0
7,0.0,0.0,0.9830508474576272,0.0,0.0,0.0
8,0.0,0.0,0.9830508474576272,0.0,0.0,0.0
9,0.0783526261910384,0.7075584344988266,1.0,0.08140350877192908,0.0825396825396822,0.09638554216867475
10,0.0783526261910384,0.7075584344988266,1.0,0.08140350877192908,0.0825396825396822,0.09638554216867475
11,0.0783526261910384,0.7075584344988266,1.0,0.08140350877192908,0.0825396825396822,0.09638554216867475
13,0.0,0.0,0.9830508474576272,0.0,0.0,0.0
14,0.0,0.0,0.9830508474576272,0.0,0.0,0.0
15,1.0,1.0,0.0,1.0,1.0,1.0
16,1.0,1.0,0.0,1.0,1.0,1.0
17,1.0,1.0,0.0,1.0,1.0,1.0
20,0.0,0.0,0.9830508474576272,0.0,0.0,0.0
21,0.0,0.0,0.9830508474576272,0.0,0.0,0.0
