2,0.9655172413793103,0.9660917830792959,0.5,0.9310344827586208,0.9333333333333333,0.0
4,0.9655172413793103,0.9660917830792959,0.5,0.9310344827586208,0.9333333333333333,0.0
6,0.9655172413793103,0.9660917830792959,0.5,0.9310344827586208,0.9333333333333333,0.0
7,0.9655172413793103,0.9660917830792959,0.5,0.9310344827586208,0.9333333333333333,0.0
8,0.9655172413793103,0.9660917830792959,0.5,0.9310344827586208,0.9333333333333333,0.0
9,0.9824561403508769,0.9826073688810351,0.75,0.9642857142857143,0.9655172413793104,0.4999999999999992
11,0.9655172413793103,0.9660917830792959,0.5,0.9310344827586208,0.9333333333333333,0.0
12,0.0,0.0,0.0,0.0,0.0,0.4999999999999998
14,0.9824561403508769,0.9826073688810351,0.75,0.9642857142857143,0.9655172413793104,0.4999999999999992
15,0.9824561403508769,0.9826073688810351,0.75,0.9642857142857143,0.9655172413793104,0.4999999999999992
16,0.9824561403508769,0.9826073688810351,0.75,0.9642857142857143,0.9655172413793104,0.4999999999999992
17,0.9824561403508769,0.9826073688810351,0.75,0.9642857142857143,0.9655172413793104,0.4999999999999992
18,0.9824561403508769,0.9826073688810351,0.75,0.9642857142857143,0.9655172413793104,0.4999999999999992
19,1.0,1.0,1.0,1.0,1.0,1.0
20,0.9824561403508769,0.9826073688810351,0.75,0.9642857142857143,0.9655172413793104,0.4999999999999992
21,0.9824561403508769,0.9826073688810351,0.75,0.9642857142857143,0.9655172413793104,0.4999999999999992
22,0.9655172413793103,0.9660917830792959,0.5,0.9310344827586208,0.9333333333333333,0.0
