3,0.8673469387755101,1.0,1.0,0.8163265306122448,0.830188679245283,0.0
4,0.8673469387755101,1.0,1.0,0.8163265306122448,0.830188679245283,0.0
5,0.8673469387755101,1.0,1.0,0.8163265306122448,0.830188679245283,0.0
6,0.8673469387755101,1.0,1.0,0.8163265306122448,0.830188679245283,0.0
7,0.8673469387755101,1.0,1.0,0.8163265306122448,0.830188679245283,0.0
8,0.8673469387755101,1.0,1.0,0.8163265306122448,0.830188679245283,0.0
9,0.8673469387755101,1.0,1.0,0.8163265306122448,0.830188679245283,0.0
10,0.7611940298507462,0.772172260574025,0.6821192052980133,0.625,0.6470588235294117,1.0
12,0.8762886597938143,0.8743129170514848,0.7549668874172186,0.8108108108108109,0.825,0.0731707317073169
13,0.8673469387755101,1.0,1.0,0.8163265306122448,0.830188679245283,0.0
16,0.8673469387755101,1.0,1.0,0.8163265306122448,0.830188679245283,0.0
17,0.6589147286821705,0.39716255518124466,0.1986754966887417,0.43478260869565216,0.4583333333333333,0.75609756097561
18,0.9695817490494295,0.9652153257175311,0.8013245033112583,1.0,1.0,0.75609756097561
19,1.0,0.5755432216610669,0.271523178807947,0.8333333333333333,0.8461538461538461,0.3170731707317073
21,0.9550561797752808,0.776062321771085,0.5298013245033113,0.9090909090909091,0.9166666666666666,0.4390243902439025
22,0.9550561797752808,0.776062321771085,0.5298013245033113,0.9090909090909091,0.9166666666666666,0.4390243902439025
23,1.0,0.5755432216610669,0.271523178807947,0.8333333333333333,0.8461538461538461,0.3170731707317073
24,1.0,0.5755432216610669,0.271523178807947,0.8333333333333333,0.8461538461538461,0.3170731707317073
27,0.9139784946236558,0.5253966755382705,0.2582781456953642,0.7142857142857142,0.7333333333333333,0.12195121951219515
28,0.9139784946236558,0.5253966755382705,0.2582781456953642,0.7142857142857142,0.7333333333333333,0.12195121951219515
31,0.9550561797752808,0.776062321771085,0.5298013245033113,0.9090909090909091,0.9166666666666666,0.4390243902439025
32,0.0,0.0,0.0,0.0,0.0,0.0
33,0.0,0.0,0.0,0.0,0.0,0.0
35,0.0,0.0,0.0,0.0,0.0,0.0
37,0.9550561797752808,0.776062321771085,0.5298013245033113,0.9090909090909091,0.9166666666666666,0.4390243902439025
39,0.7943925233644858,0.6537731677261691,0.4701986754966887,0.6451612903225806,0.6666666666666666,0.4390243902439025
