2,0,1.0,1.0,1.0,1.0,1.0
4,0,1.0,1.0,1.0,1.0,1.0
6,0,1.0,1.0,1.0,1.0,1.0
7,0,1.0,1.0,1.0,1.0,1.0
9,0,1.0,1.0,1.0,1.0,1.0
10,0,1.0,1.0,1.0,1.0,1.0
12,0,1.0,1.0,1.0,1.0,1.0
13,0,1.0,1.0,1.0,1.0,1.0
17,0,1.0,1.0,1.0,1.0,1.0
18,0,1.0,1.0,1.0,1.0,1.0
21,0,1.0,1.0,1.0,1.0,1.0
22,0,0.5658262487936979,0.5,0.17647058823529413,0.49999999999999994,0.49999999999999994
24,0,0.0,0.0,0.0,0.0,0.0
25,0,1.0,1.0,1.0,1.0,1.0
26,0,0.21132486540518708,0.16666666666666666,0.03529411764705883,0.16666666666666663,0.16666666666666663
28,0,0.39750580933335905,0.3333333333333333,0.08823529411764706,0.33333333333333337,0.33333333333333337
29,0,1.0,1.0,1.0,1.0,1.0
