4,0.5,1.0,1.0,1.0,1.0,0.0
7,0.5,1.0,1.0,1.0,1.0,0.0
8,0.5,1.0,1.0,1.0,1.0,0.0
9,0.5,1.0,1.0,1.0,1.0,0.0
11,0.5172413793103448,0.2719918966379967,0.0761904761904762,0.07653061224489795,0.13809523809523808,0.06666666666666662
12,1.0,0.38465462908103604,0.08095238095238096,0.08241758241758242,0.14795918367346939,1.0
14,0.0,0.0,0.0,0.0,0.0,0.9333333333333333
15,0.5172413793103448,0.2719918966379967,0.0761904761904762,0.07653061224489795,0.13809523809523808,0.06666666666666662
18,0.49872122762148335,0.9623486324615445,0.9285714285714286,0.9285714285714286,0.9617346938775511,0.06666666666666643
19,0.49872122762148335,0.9623486324615445,0.9285714285714286,0.9285714285714286,0.9617346938775511,0.06666666666666643
21,0.49872122762148335,0.9623486324615445,0.9285714285714286,0.9285714285714286,0.9617346938775511,0.06666666666666643
22,0.49872122762148335,0.9623486324615445,0.9285714285714286,0.9285714285714286,0.9617346938775511,0.06666666666666643
23,0.49872122762148335,0.9623486324615445,0.9285714285714286,0.9285714285714286,0.9617346938775511,0.06666666666666643
24,0.49549549549549543,0.8822663805689103,0.7857142857142857,0.7857142857142857,0.8763736263736264,0.20000000000000084
26,0.49872122762148335,0.9623486324615445,0.9285714285714286,0.9285714285714286,0.9617346938775511,0.06666666666666643
27,0.49872122762148335,0.9623486324615445,0.9285714285714286,0.9285714285714286,0.9617346938775511,0.06666666666666643
28,0.49872122762148335,0.9623486324615445,0.9285714285714286,0.9285714285714286,0.9617346938775511,0.06666666666666643
29,0.5172413793103448,0.38465462908103604,0.14761904761904762,0.1530612244897959,0.2589285714285714,0.13333333333333325
31,0.49549549549549543,0.8822663805689103,0.7857142857142857,0.7857142857142857,0.8763736263736264,0.20000000000000084
32,0.49872122762148335,0.9623486324615445,0.9285714285714286,0.9285714285714286,0.9617346938775511,0.06666666666666643
