5,0.6410472972972977,1.0,1.0,0.7770270270270272,0.7853658536585367,0.0
8,0.6410472972972977,1.0,1.0,0.7770270270270272,0.7853658536585367,0.0
10,0.6410472972972977,1.0,1.0,0.7770270270270272,0.7853658536585367,0.0
11,0.6410472972972977,1.0,1.0,0.7770270270270272,0.7853658536585367,0.0
12,0.6410472972972977,1.0,1.0,0.7770270270270272,0.7853658536585367,0.0
14,1.0,0.8636952158340504,0.7191011235955056,1.0,1.0,1.0
16,1.0,0.8636952158340504,0.7191011235955056,1.0,1.0,1.0
17,1.0,0.8636952158340504,0.7191011235955056,1.0,1.0,1.0
19,1.0,0.8636952158340504,0.7191011235955056,1.0,1.0,1.0
21,0.0,0.0,0.0,0.0,0.0,0.7333333333333337
22,0.0,0.0,0.0,0.0,0.0,0.7333333333333337
26,0.8992890995260668,0.8337435505154568,0.7078651685393259,0.9134615384615387,0.9172413793103449,0.7333333333333337
27,0.8992890995260668,0.8337435505154568,0.7078651685393259,0.9134615384615387,0.9172413793103449,0.7333333333333337
28,0.8992890995260668,0.8337435505154568,0.7078651685393259,0.9134615384615387,0.9172413793103449,0.7333333333333337
30,0.8992890995260668,0.8337435505154568,0.7078651685393259,0.9134615384615387,0.9172413793103449,0.7333333333333337
32,0.8992890995260668,0.8337435505154568,0.7078651685393259,0.9134615384615387,0.9172413793103449,0.7333333333333337
33,0.8992890995260668,0.8337435505154568,0.7078651685393259,0.9134615384615387,0.9172413793103449,0.7333333333333337
36,0.8992890995260668,0.8337435505154568,0.7078651685393259,0.9134615384615387,0.9172413793103449,0.7333333333333337
39,0.8992890995260668,0.8337435505154568,0.7078651685393259,0.9134615384615387,0.9172413793103449,0.7333333333333337
