4,0.673076923076923,0.7878385971583352,1.0,0.4038461538461539,0.4655172413793104,0.0
5,0.673076923076923,0.7878385971583352,1.0,0.4038461538461539,0.4655172413793104,0.0
6,0.673076923076923,0.7878385971583352,1.0,0.4038461538461539,0.4655172413793104,0.0
7,0.673076923076923,0.7878385971583352,1.0,0.4038461538461539,0.4655172413793104,0.0
9,0.673076923076923,0.7878385971583352,1.0,0.4038461538461539,0.4655172413793104,0.0
10,0.673076923076923,0.7878385971583352,1.0,0.4038461538461539,0.4655172413793104,0.0
12,0.673076923076923,0.7878385971583352,1.0,0.4038461538461539,0.4655172413793104,0.0
14,0.673076923076923,0.7878385971583352,1.0,0.4038461538461539,0.4655172413793104,0.0
16,0.673076923076923,0.7878385971583352,1.0,0.4038461538461539,0.4655172413793104,0.0
18,0.673076923076923,0.7878385971583352,1.0,0.4038461538461539,0.4655172413793104,0.0
19,0.673076923076923,0.7878385971583352,1.0,0.4038461538461539,0.4655172413793104,0.0
21,0.673076923076923,0.7878385971583352,1.0,0.4038461538461539,0.4655172413793104,0.0
22,0.673076923076923,0.7878385971583352,1.0,0.4038461538461539,0.4655172413793104,0.0
24,0.7,0.6666666666666666,0.7343749999999999,0.411764705882353,0.47368421052631576,0.11764705882352926
28,0.673076923076923,0.7878385971583352,1.0,0.4038461538461539,0.4655172413793104,0.0
29,0.673076923076923,0.7878385971583352,1.0,0.4038461538461539,0.4655172413793104,0.0
31,0.5932203389830508,0.5773502691896257,0.6406249999999999,0.30434782608695654,0.36000000000000004,0.41176470588235303
32,0.5932203389830508,0.5773502691896257,0.6406249999999999,0.30434782608695654,0.36000000000000004,0.41176470588235303
34,0.7692307692307693,0.7302967433402214,0.7812499999999999,0.5,0.5625,0.38235294117647056
40,0.673076923076923,0.7878385971583352,1.0,0.4038461538461539,0.4655172413793104,0.0
41,0.5932203389830508,0.40824829046386296,0.3906249999999999,0.2692307692307693,0.32142857142857145,0.20588235294117652
42,0.7216494845360825,0.6859943405700352,0.7499999999999999,0.4375,0.5,0.20588235294117652
43,1.0,1.0,0.8906249999999999,1.0,1.0,1.0
45,0.0,0.0,0.0,0.0,0.0,0.7941176470588236
47,0.673076923076923,0.7878385971583352,1.0,0.4038461538461539,0.4655172413793104,0.0
