2,0,1.0,1.0,1.0,1.0,1.0
4,0,1.0,1.0,1.0,1.0,1.0
6,0,1.0,1.0,1.0,1.0,1.0
8,0,1.0,1.0,1.0,1.0,1.0
9,0,1.0,1.0,1.0,1.0,1.0
10,0,0.24348936693683976,0.16666666666666666,0.003715347242069163,0.16666666666666669,0.16666666666666669
12,0,1.0,1.0,1.0,1.0,1.0
13,0,0.0,0.0,0.0,0.0,0.0
14,0,1.0,1.0,1.0,1.0,1.0
15,0,0.14400085630322088,0.09259259259259259,0.0018955853275863075,0.0925925925925926,0.0925925925925926
17,0,0.9868810443516617,0.9814814814814815,0.9845670191483282,0.9814814814814815,0.9814814814814815
18,0,0.24348936693683976,0.16666666666666666,0.003715347242069163,0.16666666666666669,0.16666666666666669
19,0,1.0,1.0,1.0,1.0,1.0
20,0,0.21962805855870823,0.14814814814814814,0.0032307367322340548,0.14814814814814817,0.14814814814814817
22,0,1.0,1.0,1.0,1.0,1.0
23,0,0.0,0.0,0.0,0.0,0.0
24,0,1.0,1.0,1.0,1.0,1.0
25,0,0.08956288869899433,0.05555555555555555,0.001092749188843872,0.055555555555555566,0.055555555555555566
27,0,0.9868810443516617,0.9814814814814815,0.9845670191483282,0.9814814814814815,0.9814814814814815
28,0,0.354720903315331,0.25925925925925924,0.006501857673621035,0.2592592592592593,0.2592592592592593
30,0,1.0,1.0,1.0,1.0,1.0
32,0,1.0,1.0,1.0,1.0,1.0
33,0,0.1172359010447268,0.07407407407407407,0.0014861388968276652,0.07407407407407408,0.07407407407407408
34,0,0.1172359010447268,0.07407407407407407,0.0014861388968276652,0.07407407407407408,0.07407407407407408
36,0,0.791136409996892,0.7222222222222222,0.04829951414689912,0.7222222222222224,0.7222222222222224
37,0,0.791136409996892,0.7222222222222222,0.04829951414689912,0.7222222222222224,0.7222222222222224
