4,0.15616883116883118,0.4716649466724543,1.0,0.14406779661016952,0.1608507809903624,0.0
6,0.15616883116883118,0.4716649466724543,1.0,0.14406779661016952,0.1608507809903624,0.0
7,0.15616883116883118,0.4716649466724543,1.0,0.14406779661016952,0.1608507809903624,0.0
8,0.15616883116883118,0.4716649466724543,1.0,0.14406779661016952,0.1608507809903624,0.0
9,0.15616883116883118,0.4716649466724543,1.0,0.14406779661016952,0.1608507809903624,0.0
11,0.0,0.0,0.2786885245901637,0.0,0.0,0.32173913043478275
12,0.0,0.0,0.2786885245901637,0.0,0.0,0.32173913043478275
14,0.15616883116883118,0.4716649466724543,1.0,0.14406779661016952,0.1608507809903624,0.0
15,1.0,1.0,0.0,1.0,1.0,1.0
16,1.0,1.0,0.0,1.0,1.0,1.0
17,1.0,1.0,0.0,1.0,1.0,1.0
18,1.0,1.0,0.0,1.0,1.0,1.0
