6,0.46153846153846156,0.9863648551611129,0.997560975609756,0.9628906249999999,0.9739583333333334,0.0
9,0.46153846153846156,0.9863648551611129,0.997560975609756,0.9628906249999999,0.9739583333333334,0.0
10,0.46153846153846156,0.9863648551611129,0.997560975609756,0.9628906249999999,0.9739583333333334,0.0
11,0.46153846153846156,0.9863648551611129,0.997560975609756,0.9628906249999999,0.9739583333333334,0.0
12,0.46153846153846156,0.9863648551611129,0.997560975609756,0.9628906249999999,0.9739583333333334,0.0
13,0.46153846153846156,0.9863648551611129,0.997560975609756,0.9628906249999999,0.9739583333333334,0.0
14,0.46153846153846156,0.9863648551611129,0.997560975609756,0.9628906249999999,0.9739583333333334,0.0
16,0.4797913950456323,1.0,1.0,1.0,1.0,0.08333333333333331
18,0.282051282051282,0.6551047284239307,0.6243902439024391,0.5389441287878788,0.6275436046511628,0.6666666666666667
19,0.282051282051282,0.6551047284239307,0.6243902439024391,0.5389441287878788,0.6275436046511628,0.6666666666666667
20,0.282051282051282,0.6551047284239307,0.6243902439024391,0.5389441287878788,0.6275436046511628,0.6666666666666667
23,0.481118881118881,0.9595796494041484,0.9292682926829269,0.9628906249999999,0.9739583333333334,0.08333333333333331
25,0.10256410256410256,0.3708389843476021,0.3317073170731707,0.2780539772727273,0.3569711538461539,1.0
29,0.481118881118881,0.9595796494041484,0.9292682926829269,0.9628906249999999,0.9739583333333334,0.08333333333333331
30,0.481118881118881,0.9595796494041484,0.9292682926829269,0.9628906249999999,0.9739583333333334,0.08333333333333331
34,0.46153846153846156,0.9863648551611129,0.997560975609756,0.9628906249999999,0.9739583333333334,0.0
36,0.46153846153846156,0.7143769636072089,0.573170731707317,0.69384765625,0.765625,0.0
37,0.46153846153846156,0.7143769636072089,0.573170731707317,0.69384765625,0.765625,0.0
40,0.46153846153846156,0.5428592310070443,0.36097560975609755,0.5016741071428571,0.592013888888889,0.0
42,0.46153846153846156,0.5428592310070443,0.36097560975609755,0.5016741071428571,0.592013888888889,0.0
43,0.0,0.0,0.0,0.0,0.0,0.24999999999999997
45,0.46153846153846156,0.5428592310070443,0.36097560975609755,0.5016741071428571,0.592013888888889,0.0
47,0.0,0.0,0.0,0.0,0.0,0.24999999999999997
48,0.0,0.0,0.0,0.0,0.0,0.24999999999999997
49,0.0,0.0,0.0,0.0,0.0,0.24999999999999997
51,0.6515837104072398,0.5585962761888713,0.2975609756097561,0.5197610294117647,0.609375,0.24999999999999994
52,0.6515837104072398,0.5585962761888713,0.2975609756097561,0.5197610294117647,0.609375,0.24999999999999994
53,0.6515837104072398,0.5585962761888713,0.2975609756097561,0.5197610294117647,0.609375,0.24999999999999994
55,1.0,0.503696048735541,0.15853658536585363,0.3479352678571428,0.43474264705882354,0.33333333333333337
60,0.34188034188034194,0.18762243447249008,0.07560975609756096,0.12586805555555552,0.17187500000000003,0.08333333333333331
61,0.34188034188034194,0.18762243447249008,0.07560975609756096,0.12586805555555552,0.17187500000000003,0.08333333333333331
64,0.6515837104072398,0.5585962761888713,0.2975609756097561,0.5197610294117647,0.609375,0.24999999999999994
