3,0,0.47213595499957917,0.4444444444444444,0.09569377990430623,0.44444444444444453,0.44444444444444453
5,0,0.47213595499957917,0.4444444444444444,0.09569377990430623,0.44444444444444453,0.44444444444444453
8,0,1.0,1.0,1.0,1.0,1.0
11,0,1.0,1.0,1.0,1.0,1.0
12,0,1.0,1.0,1.0,1.0,1.0
13,0,1.0,1.0,1.0,1.0,1.0
14,0,1.0,1.0,1.0,1.0,1.0
15,0,1.0,1.0,1.0,1.0,1.0
16,0,1.0,1.0,1.0,1.0,1.0
17,0,1.0,1.0,1.0,1.0,1.0
19,0,1.0,1.0,1.0,1.0,1.0
21,0,0.0,0.0,0.0,0.0,0.0
22,0,0.0,0.0,0.0,0.0,0.0
25,0,1.0,1.0,1.0,1.0,1.0
