19,0.757142857142857,0.9725975251592748,0.9499999999999997,0.5714285714285714,0.5945945945945946,0.0
21,0.757142857142857,0.9725975251592748,0.9499999999999997,0.5714285714285714,0.5945945945945946,0.0
22,0.757142857142857,0.9725975251592748,0.9499999999999997,0.5714285714285714,0.5945945945945946,0.0
24,0.757142857142857,0.9725975251592748,0.9499999999999997,0.5714285714285714,0.5945945945945946,0.0
25,0.757142857142857,0.9725975251592748,0.9499999999999997,0.5714285714285714,0.5945945945945946,0.0
27,0.757142857142857,0.9725975251592748,0.9499999999999997,0.5714285714285714,0.5945945945945946,0.0
30,0.757142857142857,0.9725975251592748,0.9499999999999997,0.5714285714285714,0.5945945945945946,0.0
32,0.757142857142857,0.9725975251592748,0.9499999999999997,0.5714285714285714,0.5945945945945946,0.0
33,0.757142857142857,0.9725975251592748,0.9499999999999997,0.5714285714285714,0.5945945945945946,0.0
35,0.5047619047619046,0.49300664859163473,0.05000000000000001,0.27777777777777773,0.2972972972972973,1.0
36,0.5047619047619046,0.49300664859163473,0.05000000000000001,0.27777777777777773,0.2972972972972973,1.0
38,0.757142857142857,0.9725975251592748,0.9499999999999997,0.5714285714285714,0.5945945945945946,0.0
41,0.757142857142857,0.9725975251592748,0.9499999999999997,0.5714285714285714,0.5945945945945946,0.0
44,0.757142857142857,0.9725975251592748,0.9499999999999997,0.5714285714285714,0.5945945945945946,0.0
45,0.757142857142857,0.9725975251592748,0.9499999999999997,0.5714285714285714,0.5945945945945946,0.0
46,0.757142857142857,0.9725975251592748,0.9499999999999997,0.5714285714285714,0.5945945945945946,0.0
47,0.757142857142857,0.9725975251592748,0.9499999999999997,0.5714285714285714,0.5945945945945946,0.0
49,0.757142857142857,0.9725975251592748,0.9499999999999997,0.5714285714285714,0.5945945945945946,0.0
50,0.757142857142857,0.9725975251592748,0.9499999999999997,0.5714285714285714,0.5945945945945946,0.0
52,0.6091954022988505,0.5692750425533111,0.275,0.37037037037037035,0.39285714285714285,0.48571428571428577
53,0.6091954022988505,0.5692750425533111,0.275,0.37037037037037035,0.39285714285714285,0.48571428571428577
54,0.6091954022988505,0.5692750425533111,0.275,0.37037037037037035,0.39285714285714285,0.48571428571428577
57,0.757142857142857,0.9725975251592748,0.9499999999999997,0.5714285714285714,0.5945945945945946,0.0
58,0.757142857142857,0.9725975251592748,0.9499999999999997,0.5714285714285714,0.5945945945945946,0.0
59,0.757142857142857,0.9725975251592748,0.9499999999999997,0.5714285714285714,0.5945945945945946,0.0
60,0.757142857142857,0.9725975251592748,0.9499999999999997,0.5714285714285714,0.5945945945945946,0.0
61,0.757142857142857,0.9725975251592748,0.9499999999999997,0.5714285714285714,0.5945945945945946,0.0
63,0.757142857142857,0.9725975251592748,0.9499999999999997,0.5714285714285714,0.5945945945945946,0.0
64,0.757142857142857,0.9725975251592748,0.9499999999999997,0.5714285714285714,0.5945945945945946,0.0
65,0.757142857142857,0.9725975251592748,0.9499999999999997,0.5714285714285714,0.5945945945945946,0.0
66,0.757142857142857,0.9725975251592748,0.9499999999999997,0.5714285714285714,0.5945945945945946,0.0
67,0.757142857142857,0.9725975251592748,0.9499999999999997,0.5714285714285714,0.5945945945945946,0.0
68,0.757142857142857,0.9725975251592748,0.9499999999999997,0.5714285714285714,0.5945945945945946,0.0
69,0.757142857142857,0.9725975251592748,0.9499999999999997,0.5714285714285714,0.5945945945945946,0.0
70,0.757142857142857,0.9725975251592748,0.9499999999999997,0.5714285714285714,0.5945945945945946,0.0
71,0.757142857142857,0.9725975251592748,0.9499999999999997,0.5714285714285714,0.5945945945945946,0.0
72,0.757142857142857,0.9725975251592748,0.9499999999999997,0.5714285714285714,0.5945945945945946,0.0
73,0.757142857142857,0.9725975251592748,0.9499999999999997,0.5714285714285714,0.5945945945945946,0.0
74,0.757142857142857,0.9725975251592748,0.9499999999999997,0.5714285714285714,0.5945945945945946,0.0
76,0.757142857142857,0.9725975251592748,0.9499999999999997,0.5714285714285714,0.5945945945945946,0.0
77,0.757142857142857,0.9725975251592748,0.9499999999999997,0.5714285714285714,0.5945945945945946,0.0
79,0.757142857142857,0.9725975251592748,0.9499999999999997,0.5714285714285714,0.5945945945945946,0.0
81,0.7794117647058824,1.0,1.0,0.6060606060606061,0.6285714285714286,0.11428571428571432
82,0.7794117647058824,1.0,1.0,0.6060606060606061,0.6285714285714286,0.11428571428571432
83,0.7794117647058824,1.0,1.0,0.6060606060606061,0.6285714285714286,0.11428571428571432
87,0.5047619047619046,0.49300664859163473,0.05000000000000001,0.27777777777777773,0.2972972972972973,1.0
88,0.5047619047619046,0.49300664859163473,0.05000000000000001,0.27777777777777773,0.2972972972972973,1.0
89,0.5047619047619046,0.49300664859163473,0.05000000000000001,0.27777777777777773,0.2972972972972973,1.0
91,0.757142857142857,0.9725975251592748,0.9499999999999997,0.5714285714285714,0.5945945945945946,0.0
93,0.5353535353535354,0.5149286505444371,0.12500000000000006,0.30303030303030304,0.32352941176470584,0.8285714285714285
94,0.5353535353535354,0.5149286505444371,0.12500000000000006,0.30303030303030304,0.32352941176470584,0.8285714285714285
95,0.5353535353535354,0.5149286505444371,0.12500000000000006,0.30303030303030304,0.32352941176470584,0.8285714285714285
99,0.757142857142857,0.9725975251592748,0.9499999999999997,0.5714285714285714,0.5945945945945946,0.0
100,0.757142857142857,0.9725975251592748,0.9499999999999997,0.5714285714285714,0.5945945945945946,0.0
101,0.757142857142857,0.9725975251592748,0.9499999999999997,0.5714285714285714,0.5945945945945946,0.0
104,0.757142857142857,0.9725975251592748,0.9499999999999997,0.5714285714285714,0.5945945945945946,0.0
105,0.757142857142857,0.9725975251592748,0.9499999999999997,0.5714285714285714,0.5945945945945946,0.0
106,0.757142857142857,0.9725975251592748,0.9499999999999997,0.5714285714285714,0.5945945945945946,0.0
107,0.757142857142857,0.9725975251592748,0.9499999999999997,0.5714285714285714,0.5945945945945946,0.0
109,0.0,0.0,0.0,0.0,0.0,0.05714285714285714
111,0.0,0.0,0.0,0.0,0.0,0.05714285714285714
113,0.0,0.0,0.0,0.0,0.0,0.05714285714285714
114,0.0,0.0,0.0,0.0,0.0,0.05714285714285714
118,0.0,0.0,0.0,0.0,0.0,0.05714285714285714
119,0.0,0.0,0.0,0.0,0.0,0.05714285714285714
125,0.7681159420289853,0.9860132971832695,0.9749999999999999,0.588235294117647,0.611111111111111,0.05714285714285716
127,0.7681159420289853,0.9860132971832695,0.9749999999999999,0.588235294117647,0.611111111111111,0.05714285714285716
129,0.7681159420289853,0.9860132971832695,0.9749999999999999,0.588235294117647,0.611111111111111,0.05714285714285716
130,0.7681159420289853,0.9860132971832695,0.9749999999999999,0.588235294117647,0.611111111111111,0.05714285714285716
134,0.7681159420289853,0.9860132971832695,0.9749999999999999,0.588235294117647,0.611111111111111,0.05714285714285716
135,0.7681159420289853,0.9860132971832695,0.9749999999999999,0.588235294117647,0.611111111111111,0.05714285714285716
139,0.757142857142857,0.9725975251592748,0.9499999999999997,0.5714285714285714,0.5945945945945946,0.0
140,0.757142857142857,0.9725975251592748,0.9499999999999997,0.5714285714285714,0.5945945945945946,0.0
142,0.6091954022988505,0.5692750425533111,0.275,0.37037037037037035,0.39285714285714285,0.48571428571428577
143,0.6091954022988505,0.5692750425533111,0.275,0.37037037037037035,0.39285714285714285,0.48571428571428577
144,0.6091954022988505,0.5692750425533111,0.275,0.37037037037037035,0.39285714285714285,0.48571428571428577
145,0.6091954022988505,0.5692750425533111,0.275,0.37037037037037035,0.39285714285714285,0.48571428571428577
146,0.6091954022988505,0.5692750425533111,0.275,0.37037037037037035,0.39285714285714285,0.48571428571428577
147,0.6091954022988505,0.5692750425533111,0.275,0.37037037037037035,0.39285714285714285,0.48571428571428577
148,0.0,0.0,0.024999999999999998,0.0,0.0,0.0
149,0.6091954022988505,0.5692750425533111,0.275,0.37037037037037035,0.39285714285714285,0.48571428571428577
153,1.0,0.9354143466934853,0.7,1.0,1.0,0.48571428571428577
154,1.0,0.9354143466934853,0.7,1.0,1.0,0.48571428571428577
155,1.0,0.9354143466934853,0.7,1.0,1.0,0.48571428571428577
156,1.0,0.9354143466934853,0.7,1.0,1.0,0.48571428571428577
