3,0.8431372549019608,1.0,1.0,0.7272727272727273,0.75,0.9333333333333336
5,0.8431372549019608,1.0,1.0,0.7272727272727273,0.75,0.9333333333333336
6,0.728813559322034,0.6123724356957944,0.425,0.5,0.5294117647058824,0.0666666666666668
7,0.728813559322034,0.6123724356957944,0.425,0.5,0.5294117647058824,0.0666666666666668
8,0.728813559322034,0.6123724356957944,0.425,0.5,0.5294117647058824,0.0666666666666668
11,1.0,0.8660254037844385,0.625,1.0,1.0,1.0
12,1.0,0.8660254037844385,0.625,1.0,1.0,1.0
13,1.0,0.8660254037844385,0.625,1.0,1.0,1.0
15,0.8431372549019608,1.0,1.0,0.7272727272727273,0.75,0.9333333333333336
18,0.7413793103448276,0.8798826901281196,0.825,0.5517241379310345,0.5806451612903226,0.0
21,0.7413793103448276,0.8798826901281196,0.825,0.5517241379310345,0.5806451612903226,0.0
22,0.7413793103448276,0.8798826901281196,0.825,0.5517241379310345,0.5806451612903226,0.0
24,0.7962962962962964,0.9428090415820632,0.9249999999999999,0.64,0.6666666666666666,0.5333333333333337
25,0.7962962962962964,0.9428090415820632,0.9249999999999999,0.64,0.6666666666666666,0.5333333333333337
26,0.0,0.0,0.0,0.0,0.0,0.2666666666666667
27,0.0,0.0,0.025,0.0,0.0,0.13333333333333336
28,0.8431372549019608,1.0,1.0,0.7272727272727273,0.75,0.9333333333333336
31,0.7413793103448276,0.8798826901281196,0.825,0.5517241379310345,0.5806451612903226,0.0
