4,0.6749999999999999,0.9074852129730302,0.9589041095890412,0.7,0.8235294117647058,0.0
6,0.6749999999999999,0.9074852129730302,0.9589041095890412,0.7,0.8235294117647058,0.0
7,0.6749999999999999,0.9074852129730302,0.9589041095890412,0.7,0.8235294117647058,0.0
9,0.6749999999999999,0.9074852129730302,0.9589041095890412,0.7,0.8235294117647058,0.0
10,0.6749999999999999,0.9074852129730302,0.9589041095890412,0.7,0.8235294117647058,0.0
11,0.6749999999999999,0.9074852129730302,0.9589041095890412,0.7,0.8235294117647058,0.0
12,0.6749999999999999,0.9074852129730302,0.9589041095890412,0.7,0.8235294117647058,0.0
13,0.7105263157894736,0.9354143466934852,0.9726027397260274,0.7777777777777778,0.875,0.2692307692307692
14,0.6749999999999999,0.9074852129730302,0.9589041095890412,0.7,0.8235294117647058,0.0
16,0.7941176470588235,1.0,1.0,1.0,1.0,0.8076923076923079
17,0.7941176470588235,1.0,1.0,1.0,1.0,0.8076923076923079
18,0.7941176470588235,1.0,1.0,1.0,1.0,0.8076923076923079
20,0.6585365853658537,0.6761234037828132,0.5616438356164385,0.4444444444444444,0.6153846153846154,0.07692307692307696
22,0.0,0.0,0.0,0.0,0.0,0.8076923076923077
23,0.0,0.0,0.013698630136986299,0.0,0.0,0.5384615384615385
24,0.0,0.0,0.013698630136986299,0.0,0.0,0.5384615384615385
25,0.0,0.0,0.0,0.0,0.0,0.8076923076923077
27,0.72,0.7126966450997982,0.5753424657534247,0.5,0.6666666666666666,0.19230769230769224
29,0.0,0.0,0.0,0.0,0.0,0.8076923076923077
30,0.0,0.0,0.0,0.0,0.0,0.8076923076923077
31,0.0,0.0,0.0,0.0,0.0,0.8076923076923077
32,0.0,0.0,0.0,0.0,0.0,0.8076923076923077
34,0.7941176470588235,0.7559289460184544,0.589041095890411,0.5714285714285714,0.7272727272727273,0.46153846153846145
36,0.6982758620689655,0.6060915267313264,0.4383561643835617,0.375,0.5454545454545454,0.0769230769230768
37,0.6982758620689655,0.6060915267313264,0.4383561643835617,0.375,0.5454545454545454,0.0769230769230768
38,0.6982758620689655,0.6060915267313264,0.4383561643835617,0.375,0.5454545454545454,0.0769230769230768
42,1.0,0.8728715609439694,0.6164383561643836,0.8,0.8888888888888888,1.0
43,1.0,0.8728715609439694,0.6164383561643836,0.8,0.8888888888888888,1.0
44,0.7941176470588235,0.3779644730092272,0.1780821917808219,0.14285714285714285,0.25,0.11538461538461536
45,0.7941176470588235,0.3779644730092272,0.1780821917808219,0.14285714285714285,0.25,0.11538461538461536
46,1.0,0.8728715609439694,0.6164383561643836,0.8,0.8888888888888888,1.0
48,0.6749999999999999,0.9074852129730302,0.9589041095890412,0.7,0.8235294117647058,0.0
50,0.6749999999999999,0.9074852129730302,0.9589041095890412,0.7,0.8235294117647058,0.0
51,0.6749999999999999,0.9074852129730302,0.9589041095890412,0.7,0.8235294117647058,0.0
