5,0,1.0,1.0,1.0,1.0,1.0
8,0,1.0,1.0,1.0,1.0,1.0
10,0,1.0,1.0,1.0,1.0,1.0
12,0,1.0,1.0,1.0,1.0,1.0
13,0,1.0,1.0,1.0,1.0,1.0
15,0,1.0,1.0,1.0,1.0,1.0
16,0,1.0,1.0,1.0,1.0,1.0
17,0,1.0,1.0,1.0,1.0,1.0
18,0,1.0,1.0,1.0,1.0,1.0
19,0,1.0,1.0,1.0,1.0,1.0
20,0,1.0,1.0,1.0,1.0,1.0
22,0,0.8558997321140068,0.8181818181818182,0.13754152823920265,0.818181818181818,0.818181818181818
23,0,0.8558997321140068,0.8181818181818182,0.13754152823920265,0.818181818181818,0.818181818181818
25,0,1.0,1.0,1.0,1.0,1.0
26,0,1.0,1.0,1.0,1.0,1.0
28,0,0.7273180539971011,0.6666666666666666,0.06112956810631228,0.6666666666666667,0.6666666666666667
29,0,0.7273180539971011,0.6666666666666666,0.06112956810631228,0.6666666666666667,0.6666666666666667
34,0,1.0,1.0,1.0,1.0,1.0
35,0,1.0,1.0,1.0,1.0,1.0
36,0,0.0,0.0,0.0,0.0,0.0
38,0,1.0,1.0,1.0,1.0,1.0
39,0,1.0,1.0,1.0,1.0,1.0
