9,1.0,0.8944271909999159,0.6304347826086957,1.0,1.0,0.5
10,1.0,0.8944271909999159,0.6304347826086957,1.0,1.0,0.5
11,1.0,0.8944271909999159,0.6304347826086957,1.0,1.0,0.5
12,1.0,0.8944271909999159,0.6304347826086957,1.0,1.0,0.5
14,0.5294117647058825,0.5547001962252291,0.4565217391304348,0.38461538461538464,0.4666666666666667,0.8333333333333333
15,0.5294117647058825,0.5547001962252291,0.4565217391304348,0.38461538461538464,0.4666666666666667,0.8333333333333333
16,0.5294117647058825,0.5547001962252291,0.4565217391304348,0.38461538461538464,0.4666666666666667,0.8333333333333333
17,0.0,0.0,0.04347826086956522,0.0,0.0,0.6666666666666666
18,0.0,0.0,0.04347826086956522,0.0,0.0,0.6666666666666666
19,0.0,0.0,0.04347826086956522,0.0,0.0,0.6666666666666666
21,0.5294117647058825,0.5547001962252291,0.4565217391304348,0.38461538461538464,0.4666666666666667,0.8333333333333333
22,0.5294117647058825,0.5547001962252291,0.4565217391304348,0.38461538461538464,0.4666666666666667,0.8333333333333333
23,0.5294117647058825,0.5547001962252291,0.4565217391304348,0.38461538461538464,0.4666666666666667,0.8333333333333333
25,0.5294117647058825,0.5547001962252291,0.4565217391304348,0.38461538461538464,0.4666666666666667,0.8333333333333333
26,0.5294117647058825,0.5547001962252291,0.4565217391304348,0.38461538461538464,0.4666666666666667,0.8333333333333333
27,0.5294117647058825,0.5547001962252291,0.4565217391304348,0.38461538461538464,0.4666666666666667,0.8333333333333333
28,0.5294117647058825,0.5547001962252291,0.4565217391304348,0.38461538461538464,0.4666666666666667,0.8333333333333333
29,0.5294117647058825,0.5547001962252291,0.4565217391304348,0.38461538461538464,0.4666666666666667,0.8333333333333333
30,0.0,0.0,0.0,0.0,0.0,1.0
31,0.0,0.0,0.0,0.0,0.0,1.0
32,0.0,0.0,0.0,0.0,0.0,1.0
33,0.0,0.0,0.13043478260869568,0.0,0.0,0.0
34,0.0,0.0,0.13043478260869568,0.0,0.0,0.0
35,0.0,0.0,0.13043478260869568,0.0,0.0,0.0
38,0.0,0.0,0.0,0.0,0.0,1.0
40,0.5294117647058825,0.5547001962252291,0.4565217391304348,0.38461538461538464,0.4666666666666667,0.8333333333333333
41,0.75,1.0,1.0,0.8333333333333333,0.875,0.0
42,0.75,1.0,1.0,0.8333333333333333,0.875,0.0
43,0.75,1.0,1.0,0.8333333333333333,0.875,0.0
44,0.75,1.0,1.0,0.8333333333333333,0.875,0.0
45,0.75,1.0,1.0,0.8333333333333333,0.875,0.0
46,0.75,1.0,1.0,0.8333333333333333,0.875,0.0
47,0.75,1.0,1.0,0.8333333333333333,0.875,0.0
48,0.75,1.0,1.0,0.8333333333333333,0.875,0.0
49,0.75,1.0,1.0,0.8333333333333333,0.875,0.0
51,0.75,1.0,1.0,0.8333333333333333,0.875,0.0
52,0.75,1.0,1.0,0.8333333333333333,0.875,0.0
53,0.75,1.0,1.0,0.8333333333333333,0.875,0.0
54,0.75,1.0,1.0,0.8333333333333333,0.875,0.0
55,0.5294117647058825,0.5547001962252291,0.4565217391304348,0.38461538461538464,0.4666666666666667,0.8333333333333333
56,0.5294117647058825,0.5547001962252291,0.4565217391304348,0.38461538461538464,0.4666666666666667,0.8333333333333333
57,0.75,1.0,1.0,0.8333333333333333,0.875,0.0
58,0.5294117647058825,0.5547001962252291,0.4565217391304348,0.38461538461538464,0.4666666666666667,0.8333333333333333
60,0.75,1.0,1.0,0.8333333333333333,0.875,0.0
61,0.6000000000000001,0.6030226891555273,0.5,0.45454545454545453,0.5384615384615385,0.5
62,0.75,1.0,1.0,0.8333333333333333,0.875,0.0
