3,0,1.0,1.0,1.0,1.0,1.0
7,0,1.0,1.0,1.0,1.0,1.0
8,0,1.0,1.0,1.0,1.0,1.0
11,0,1.0,1.0,1.0,1.0,1.0
12,0,1.0,1.0,1.0,1.0,1.0
14,0,0.49548371190597745,0.4,0.03367003367003367,0.39999999999999997,0.39999999999999997
15,0,0.214317552828438,0.15,0.008912655971479501,0.15,0.15
17,0,0.0,0.0,0.0,0.0,0.0
22,0,0.4443067440302327,0.35,0.027195027195027196,0.3499999999999999,0.3499999999999999
23,0,0.1482248225461811,0.1,0.0056116722783389455,0.10000000000000002,0.10000000000000002
25,0,0.0,0.0,0.0,0.0,0.0
28,0,1.0,1.0,1.0,1.0,1.0
30,0,1.0,1.0,1.0,1.0,1.0
