3,0.5,0.4472135954999579,0.49999999999999994,0.25,0.2,0.0
7,0.5,0.4472135954999579,0.49999999999999994,0.25,0.2,0.0
9,0.5,0.4472135954999579,0.49999999999999994,0.25,0.2,0.0
10,0.0,0.0,0.0,0.0,0.0,0.75
13,0.8,0.7071067811865475,0.8749999999999999,1.0,0.5,0.75
15,0.8,0.7071067811865475,0.8749999999999999,1.0,0.5,0.75
16,1.0,1.0,1.0,1.0,1.0,1.0
19,0.0,0.0,0.24999999999999997,0.0,0.0,0.25
20,0.0,0.0,0.24999999999999997,0.0,0.0,0.25
22,0.0,0.0,0.24999999999999997,0.0,0.0,0.25
23,0.0,0.0,0.24999999999999997,0.0,0.0,0.25
25,0.0,0.0,0.37499999999999994,0.0,0.0,0.0
26,0.0,0.0,0.37499999999999994,0.0,0.0,0.0
27,0.0,0.0,0.37499999999999994,0.0,0.0,0.0
28,0.0,0.0,0.37499999999999994,0.0,0.0,0.0
35,0.5,0.4472135954999579,0.49999999999999994,0.25,0.2,0.0
