3,0.6290322580645161,0.7771488892352635,0.9456521739130435,0.40143369175627247,0.44884488448844884,0.0
7,0.6290322580645161,0.7771488892352635,0.9456521739130435,0.40143369175627247,0.44884488448844884,0.0
8,0.6290322580645161,0.7771488892352635,0.9456521739130435,0.40143369175627247,0.44884488448844884,0.0
9,0.6290322580645161,0.7771488892352635,0.9456521739130435,0.40143369175627247,0.44884488448844884,0.0
11,0.6290322580645161,0.7771488892352635,0.9456521739130435,0.40143369175627247,0.44884488448844884,0.0
12,0.0,0.0,0.008152173913043483,0.0,0.0,0.775
13,0.0,0.0,0.008152173913043483,0.0,0.0,0.775
14,0.0,0.0,0.008152173913043483,0.0,0.0,0.775
16,0.6290322580645161,0.7771488892352635,0.9456521739130435,0.40143369175627247,0.44884488448844884,0.0
17,0.8100890207715135,0.947700912329818,0.8831521739130435,0.7101449275362319,0.7484276729559748,0.909375
18,0.8100890207715135,0.947700912329818,0.8831521739130435,0.7101449275362319,0.7484276729559748,0.909375
19,0.8100890207715135,0.947700912329818,0.8831521739130435,0.7101449275362319,0.7484276729559748,0.909375
21,0.6290322580645161,0.7771488892352635,0.9456521739130435,0.40143369175627247,0.44884488448844884,0.0
22,0.8231155778894472,0.9664690890038853,0.8858695652173914,0.7424242424242424,0.7777777777777778,0.9593750000000002
23,0.8231155778894472,0.9664690890038853,0.8858695652173914,0.7424242424242424,0.7777777777777778,0.9593750000000002
24,0.8231155778894472,0.9664690890038853,0.8858695652173914,0.7424242424242424,0.7777777777777778,0.9593750000000002
26,0.6290322580645161,0.7771488892352635,0.9456521739130435,0.40143369175627247,0.44884488448844884,0.0
27,0.7528957528957528,0.7358996503970806,0.6358695652173912,0.5555555555555556,0.6028368794326241,0.478125
28,0.7528957528957528,0.7358996503970806,0.6358695652173912,0.5555555555555556,0.6028368794326241,0.478125
29,0.7528957528957528,0.7358996503970806,0.6358695652173912,0.5555555555555556,0.6028368794326241,0.478125
30,0.7528957528957528,0.7358996503970806,0.6358695652173912,0.5555555555555556,0.6028368794326241,0.478125
31,0.7528957528957528,0.7358996503970806,0.6358695652173912,0.5555555555555556,0.6028368794326241,0.478125
32,0.7528957528957528,0.7358996503970806,0.6358695652173912,0.5555555555555556,0.6028368794326241,0.478125
34,0.6290322580645161,0.7771488892352635,0.9456521739130435,0.40143369175627247,0.44884488448844884,0.0
35,0.0,0.0,0.0,0.0,0.0,0.925
37,0.785234899328859,0.9762812094883317,0.9959239130434782,0.6666666666666666,0.7083333333333333,0.925
38,0.0,0.0,0.04619565217391305,0.0,0.0,0.07500000000000001
39,0.8013698630136987,1.0,1.0,0.7044025157232705,0.7431693989071038,1.0
40,0.0,0.0,0.050271739130434784,0.0,0.0,0.0
41,0.8013698630136987,1.0,1.0,0.7044025157232705,0.7431693989071038,1.0
42,0.7303370786516854,0.7120262516078486,0.6317934782608696,0.5185185185185185,0.5666666666666667,0.40312500000000007
43,0.9564032697547684,0.782766385510846,0.41847826086956524,0.875,0.894736842105263,0.596875
44,0.0,0.0,0.04755434782608696,0.0,0.0,0.05000000000000001
46,1.0,0.8454843286542928,0.4211956521739131,1.0,1.0,0.646875
50,0.6290322580645161,0.7771488892352635,0.9456521739130435,0.40143369175627247,0.44884488448844884,0.0
