3,0.5721649484536082,0.5970223141259935,1.0,0.18556701030927836,0.21782178217821782,0.0
6,0.5721649484536082,0.5970223141259935,1.0,0.18556701030927836,0.21782178217821782,0.0
7,0.5721649484536082,0.5970223141259935,1.0,0.18556701030927836,0.21782178217821782,0.0
8,0.5721649484536082,0.5970223141259935,1.0,0.18556701030927836,0.21782178217821782,0.0
9,0.5721649484536082,0.5970223141259935,1.0,0.18556701030927836,0.21782178217821782,0.0
10,0.5721649484536082,0.5970223141259935,1.0,0.18556701030927836,0.21782178217821782,0.0
11,0.5721649484536082,0.5970223141259935,1.0,0.18556701030927836,0.21782178217821782,0.0
12,0.5721649484536082,0.5970223141259935,1.0,0.18556701030927836,0.21782178217821782,0.0
13,0.5721649484536082,0.5970223141259935,1.0,0.18556701030927836,0.21782178217821782,0.0
14,0.5721649484536082,0.5970223141259935,1.0,0.18556701030927836,0.21782178217821782,0.0
16,0.511520737327189,0.2694079530401624,0.2747603833865815,0.13636363636363638,0.16176470588235292,0.13855421686746988
18,0.0,0.0,0.0,0.0,0.0,0.43373493975903615
19,0.0,0.0,0.0,0.0,0.0,0.43373493975903615
22,0.5721649484536082,0.5970223141259935,1.0,0.18556701030927836,0.21782178217821782,0.0
24,0.6727272727272727,0.35355339059327384,0.3162939297124601,0.22500000000000003,0.26190476190476186,0.1746987951807229
26,0.0,0.0,0.01597444089456869,0.0,0.0,0.3132530120481927
27,0.0,0.0,0.01597444089456869,0.0,0.0,0.3132530120481927
30,0.5721649484536082,0.5970223141259935,1.0,0.18556701030927836,0.21782178217821782,0.0
32,0.0,0.0,0.009584664536741217,0.0,0.0,0.3614457831325301
34,0.0,0.0,0.031948881789137386,0.0,0.0,0.19277108433734938
35,0.0,0.0,0.031948881789137386,0.0,0.0,0.19277108433734938
38,0.5721649484536082,0.5970223141259935,1.0,0.18556701030927836,0.21782178217821782,0.0
40,0.8102189781021898,0.45226701686664544,0.33865814696485624,0.3461538461538462,0.39285714285714285,0.3433734939759036
42,0.0,0.0,0.03833865814696486,0.0,0.0,0.14457831325301204
43,0.0,0.0,0.03833865814696486,0.0,0.0,0.14457831325301204
46,0.5721649484536082,0.5970223141259935,1.0,0.18556701030927836,0.21782178217821782,0.0
48,0.0,0.0,0.03833865814696486,0.0,0.0,0.14457831325301204
50,0.0,0.0,0.05431309904153355,0.0,0.0,0.024096385542168672
51,0.0,0.0,0.05431309904153355,0.0,0.0,0.024096385542168672
54,0.5721649484536082,0.5970223141259935,1.0,0.18556701030927836,0.21782178217821782,0.0
56,1.0,1.0,0.6613418530351439,1.0,1.0,1.0
58,0.0,0.0,0.03833865814696486,0.0,0.0,0.14457831325301204
59,0.0,0.0,0.03833865814696486,0.0,0.0,0.14457831325301204
62,0.5721649484536082,0.5970223141259935,1.0,0.18556701030927836,0.21782178217821782,0.0
64,0.0,0.0,0.019169329073482434,0.0,0.0,0.2891566265060241
66,0.0,0.0,0.05111821086261981,0.0,0.0,0.048192771084337345
67,0.0,0.0,0.05111821086261981,0.0,0.0,0.048192771084337345
70,0.5721649484536082,0.5970223141259935,1.0,0.18556701030927836,0.21782178217821782,0.0
72,0.9173553719008264,0.5669467095138409,0.35143769968051125,0.5,0.55,0.4397590361445783
74,0.0,0.0,0.047923322683706075,0.0,0.0,0.07228915662650602
75,0.0,0.0,0.047923322683706075,0.0,0.0,0.07228915662650602
78,0.5083969465648854,0.464139560816457,0.7060702875399361,0.14673913043478262,0.1736842105263158,0.4397590361445783
80,0.7585421412300682,0.7115124735378854,0.878594249201278,0.35526315789473684,0.40243902439024387,0.8614457831325301
82,0.5721649484536082,0.5970223141259935,1.0,0.18556701030927836,0.21782178217821782,0.0
