2,0,1.0,1.0,1.0,1.0,1.0
3,0,1.0,1.0,1.0,1.0,1.0
4,0,1.0,1.0,1.0,1.0,1.0
5,0,1.0,1.0,1.0,1.0,1.0
6,0,1.0,1.0,1.0,1.0,1.0
7,0,1.0,1.0,1.0,1.0,1.0
8,0,1.0,1.0,1.0,1.0,1.0
9,0,1.0,1.0,1.0,1.0,1.0
10,0,0.8687985561441519,0.8260869565217391,0.10372740963855422,0.826086956521739,0.826086956521739
12,0,1.0,1.0,1.0,1.0,1.0
13,0,0.0,0.0,0.0,0.0,0.0
15,0,0.799251187238597,0.7391304347826086,0.061872489959839364,0.7391304347826088,0.7391304347826088
16,0,0.2694033191972175,0.1956521739130435,0.005311787691305764,0.1956521739130435,0.1956521739130435
18,0,0.36994699322744506,0.2826086956521739,0.008602592186929537,0.2826086956521739,0.2826086956521739
19,0,1.0,1.0,1.0,1.0,1.0
