2,0.0,0.7716462898117946,0.7777777777777778,0.3852459016393443,0.7704918032786886,0.11111111111111105
3,0.0,0.7716462898117946,0.7777777777777778,0.3852459016393443,0.7704918032786886,0.11111111111111105
4,0.0,0.7716462898117946,0.7777777777777778,0.3852459016393443,0.7704918032786886,0.11111111111111105
5,0.0,0.7716462898117946,0.7777777777777778,0.3852459016393443,0.7704918032786886,0.11111111111111105
6,0.0,0.7716462898117946,0.7777777777777778,0.3852459016393443,0.7704918032786886,0.11111111111111105
7,0.0,0.7716462898117946,0.7777777777777778,0.3852459016393443,0.7704918032786886,0.11111111111111105
8,0.0,0.7716462898117946,0.7777777777777778,0.3852459016393443,0.7704918032786886,0.11111111111111105
9,0.0,0.7716462898117946,0.7777777777777778,0.3852459016393443,0.7704918032786886,0.11111111111111105
10,0.0,0.7716462898117946,0.7777777777777778,0.3852459016393443,0.7704918032786886,0.11111111111111105
11,0.0,0.7716462898117946,0.7777777777777778,0.3852459016393443,0.7704918032786886,0.11111111111111105
12,0.0,0.7716462898117946,0.7777777777777778,0.3852459016393443,0.7704918032786886,0.11111111111111105
13,0.0,0.7716462898117946,0.7777777777777778,0.3852459016393443,0.7704918032786886,0.11111111111111105
15,0.0,0.7716462898117946,0.7777777777777778,0.3852459016393443,0.7704918032786886,0.11111111111111105
16,0.0,0.7716462898117946,0.7777777777777778,0.3852459016393443,0.7704918032786886,0.11111111111111105
18,0.0,0.7716462898117946,0.7777777777777778,0.3852459016393443,0.7704918032786886,0.11111111111111105
19,0.0,0.7716462898117946,0.7777777777777778,0.3852459016393443,0.7704918032786886,0.11111111111111105
20,0.0,0.7716462898117946,0.7777777777777778,0.3852459016393443,0.7704918032786886,0.11111111111111105
21,0.0,0.7716462898117946,0.7777777777777778,0.3852459016393443,0.7704918032786886,0.11111111111111105
22,0.0,0.7716462898117946,0.7777777777777778,0.3852459016393443,0.7704918032786886,0.11111111111111105
24,0.0,0.7716462898117946,0.7777777777777778,0.3852459016393443,0.7704918032786886,0.11111111111111105
25,0.0,0.7716462898117946,0.7777777777777778,0.3852459016393443,0.7704918032786886,0.11111111111111105
26,0.0,0.7716462898117946,0.7777777777777778,0.3852459016393443,0.7704918032786886,0.11111111111111105
28,0.0,0.7716462898117946,0.7777777777777778,0.3852459016393443,0.7704918032786886,0.11111111111111105
30,0.035714285714285664,1.0,1.0,1.0,1.0,0.0
33,0.035714285714285664,1.0,1.0,1.0,1.0,0.0
35,0.0,0.7716462898117946,0.7777777777777778,0.3852459016393443,0.7704918032786886,0.11111111111111105
36,0.0,0.7716462898117946,0.7777777777777778,0.3852459016393443,0.7704918032786886,0.11111111111111105
37,0.0,0.7716462898117946,0.7777777777777778,0.3852459016393443,0.7704918032786886,0.11111111111111105
39,0.0,0.7716462898117946,0.7777777777777778,0.3852459016393443,0.7704918032786886,0.11111111111111105
42,0.035714285714285664,1.0,1.0,1.0,1.0,0.0
44,0.035714285714285664,1.0,1.0,1.0,1.0,0.0
48,0.035714285714285664,1.0,1.0,1.0,1.0,0.0
50,0.035714285714285664,1.0,1.0,1.0,1.0,0.0
51,0.035714285714285664,1.0,1.0,1.0,1.0,0.0
52,0.035714285714285664,1.0,1.0,1.0,1.0,0.0
54,0.035714285714285664,1.0,1.0,1.0,1.0,0.0
55,0.035714285714285664,1.0,1.0,1.0,1.0,0.0
56,0.035714285714285664,1.0,1.0,1.0,1.0,0.0
57,0.035714285714285664,1.0,1.0,1.0,1.0,0.0
58,0.035714285714285664,1.0,1.0,1.0,1.0,0.0
59,1.0,0.0,0.0,0.0,0.0,1.0
60,1.0,0.0,0.0,0.0,0.0,1.0
61,1.0,0.0,0.0,0.0,0.0,1.0
65,0.035714285714285664,1.0,1.0,1.0,1.0,0.0
67,0.035714285714285664,1.0,1.0,1.0,1.0,0.0
68,0.035714285714285664,1.0,1.0,1.0,1.0,0.0
