3,0.8608695652173914,0.917886596330565,0.923076923076923,0.8333333333333333,0.8461538461538464,0.25000000000000006
6,0.8608695652173914,0.917886596330565,0.923076923076923,0.8333333333333333,0.8461538461538464,0.25000000000000006
7,0.8608695652173914,0.917886596330565,0.923076923076923,0.8333333333333333,0.8461538461538464,0.25000000000000006
8,0.8608695652173914,0.917886596330565,0.923076923076923,0.8333333333333333,0.8461538461538464,0.25000000000000006
10,0.7333333333333336,0.844736251690943,0.8461538461538461,0.6944444444444443,0.7142857142857143,0.0
12,0.7333333333333336,0.844736251690943,0.8461538461538461,0.6944444444444443,0.7142857142857143,0.0
13,0.7333333333333336,0.844736251690943,0.8461538461538461,0.6944444444444443,0.7142857142857143,0.0
15,0.7333333333333336,0.844736251690943,0.8461538461538461,0.6944444444444443,0.7142857142857143,0.0
16,0.7333333333333336,0.844736251690943,0.8461538461538461,0.6944444444444443,0.7142857142857143,0.0
17,0.7333333333333336,0.844736251690943,0.8461538461538461,0.6944444444444443,0.7142857142857143,0.0
18,0.7333333333333336,0.844736251690943,0.8461538461538461,0.6944444444444443,0.7142857142857143,0.0
19,0.7333333333333336,0.844736251690943,0.8461538461538461,0.6944444444444443,0.7142857142857143,0.0
20,0.7333333333333336,0.844736251690943,0.8461538461538461,0.6944444444444443,0.7142857142857143,0.0
23,0.8608695652173914,0.917886596330565,0.923076923076923,0.8333333333333333,0.8461538461538464,0.25000000000000006
24,0.8608695652173914,0.917886596330565,0.923076923076923,0.8333333333333333,0.8461538461538464,0.25000000000000006
25,0.8608695652173914,0.917886596330565,0.923076923076923,0.8333333333333333,0.8461538461538464,0.25000000000000006
28,0.7333333333333336,0.844736251690943,0.8461538461538461,0.6944444444444443,0.7142857142857143,0.0
29,0.7333333333333336,0.844736251690943,0.8461538461538461,0.6944444444444443,0.7142857142857143,0.0
30,0.7333333333333336,0.844736251690943,0.8461538461538461,0.6944444444444443,0.7142857142857143,0.0
31,0.7333333333333336,0.844736251690943,0.8461538461538461,0.6944444444444443,0.7142857142857143,0.0
32,0.7333333333333336,0.844736251690943,0.8461538461538461,0.6944444444444443,0.7142857142857143,0.0
33,0.8608695652173914,0.917886596330565,0.923076923076923,0.8333333333333333,0.8461538461538464,0.25000000000000006
36,0.7333333333333336,0.844736251690943,0.8461538461538461,0.6944444444444443,0.7142857142857143,0.0
37,0.3142857142857148,0.11536438811290702,0.15384615384615385,0.1851851851851851,0.20000000000000012,0.49999999999999983
38,1.0,1.0,1.0,1.0,1.0,0.49999999999999983
39,1.0,1.0,1.0,1.0,1.0,0.49999999999999983
40,1.0,1.0,1.0,1.0,1.0,0.49999999999999983
42,0.7333333333333336,0.844736251690943,0.8461538461538461,0.6944444444444443,0.7142857142857143,0.0
43,0.0,0.0,0.0,0.0,0.0,1.0
44,0.0,0.0,0.0,0.0,0.0,1.0
45,0.0,0.0,0.0,0.0,0.0,1.0
50,0.8608695652173914,0.917886596330565,0.923076923076923,0.8333333333333333,0.8461538461538464,0.25000000000000006
51,0.7333333333333336,0.844736251690943,0.8461538461538461,0.6944444444444443,0.7142857142857143,0.0
52,0.7333333333333336,0.844736251690943,0.8461538461538461,0.6944444444444443,0.7142857142857143,0.0
