3,0,0.845151157587478,0.8064516129032258,0.13570194917345177,0.8064516129032256,0.8064516129032256
5,0,0.845151157587478,0.8064516129032258,0.13570194917345177,0.8064516129032256,0.8064516129032256
7,0,1.0,1.0,1.0,1.0,1.0
10,0,1.0,1.0,1.0,1.0,1.0
12,0,1.0,1.0,1.0,1.0,1.0
13,0,1.0,1.0,1.0,1.0,1.0
14,0,1.0,1.0,1.0,1.0,1.0
15,0,1.0,1.0,1.0,1.0,1.0
16,0,1.0,1.0,1.0,1.0,1.0
18,0,1.0,1.0,1.0,1.0,1.0
19,0,0.6181838845515679,0.5483870967741935,0.03954742518769166,0.5483870967741934,0.5483870967741934
20,0,0.8181829908684689,0.7741935483870968,0.11166331817701175,0.7741935483870966,0.7741935483870966
22,0,0.7908478597047077,0.7419354838709677,0.09363434492968173,0.7419354838709676,0.7419354838709676
24,0,0.08832850693214205,0.06451612903225806,0.0022461012276985123,0.06451612903225801,0.06451612903225801
26,0,0.7064810147587254,0.6451612903225806,0.059215396002960774,0.6451612903225806,0.6451612903225806
28,0,0.28621896641215977,0.22580645161290322,0.009499136442141624,0.22580645161290316,0.22580645161290316
30,0,0.46056396111842407,0.3870967741935484,0.020569558611554795,0.38709677419354843,0.38709677419354843
32,0,0.0,0.0,0.0,0.0,0.0
34,0,0.322695434283769,0.25806451612903225,0.011328162713609886,0.25806451612903225,0.25806451612903225
36,0,0.322695434283769,0.25806451612903225,0.011328162713609886,0.25806451612903225,0.25806451612903225
40,0,1.0,1.0,1.0,1.0,1.0
41,0,1.0,1.0,1.0,1.0,1.0
42,0,1.0,1.0,1.0,1.0,1.0
43,0,1.0,1.0,1.0,1.0,1.0
44,0,1.0,1.0,1.0,1.0,1.0
