7,0.9295774647887323,0.9440891630699333,0.9885057471264368,0.8529411764705883,0.891304347826087,0.3749999999999997
9,0.9295774647887323,0.9440891630699333,0.9885057471264368,0.8529411764705883,0.891304347826087,0.3749999999999997
12,0.8918918918918918,0.9147320339189784,0.981609195402299,0.7837837837837839,0.8367346938775511,0.0
14,0.8918918918918918,0.9147320339189784,0.981609195402299,0.7837837837837839,0.8367346938775511,0.0
16,0.8918918918918918,0.9147320339189784,0.981609195402299,0.7837837837837839,0.8367346938775511,0.0
17,0.8918918918918918,0.9147320339189784,0.981609195402299,0.7837837837837839,0.8367346938775511,0.0
18,1.0,1.0,1.0,1.0,1.0,1.0
19,1.0,1.0,1.0,1.0,1.0,1.0
21,0.8918918918918918,0.9147320339189784,0.981609195402299,0.7837837837837839,0.8367346938775511,0.0
22,0.8918918918918918,0.9147320339189784,0.981609195402299,0.7837837837837839,0.8367346938775511,0.0
26,0.8918918918918918,0.9147320339189784,0.981609195402299,0.7837837837837839,0.8367346938775511,0.0
29,0.8918918918918918,0.9147320339189784,0.981609195402299,0.7837837837837839,0.8367346938775511,0.0
34,0.8918918918918918,0.9147320339189784,0.981609195402299,0.7837837837837839,0.8367346938775511,0.0
36,0.8918918918918918,0.9147320339189784,0.981609195402299,0.7837837837837839,0.8367346938775511,0.0
38,0.8918918918918918,0.9147320339189784,0.981609195402299,0.7837837837837839,0.8367346938775511,0.0
40,0.8918918918918918,0.9147320339189784,0.981609195402299,0.7837837837837839,0.8367346938775511,0.0
42,0.8918918918918918,0.9147320339189784,0.981609195402299,0.7837837837837839,0.8367346938775511,0.0
43,0.8918918918918918,0.9147320339189784,0.981609195402299,0.7837837837837839,0.8367346938775511,0.0
45,0.8918918918918918,0.9147320339189784,0.981609195402299,0.7837837837837839,0.8367346938775511,0.0
46,0.8918918918918918,0.9147320339189784,0.981609195402299,0.7837837837837839,0.8367346938775511,0.0
47,0.8918918918918918,0.9147320339189784,0.981609195402299,0.7837837837837839,0.8367346938775511,0.0
49,1.0,1.0,1.0,1.0,1.0,1.0
51,1.0,1.0,1.0,1.0,1.0,1.0
52,1.0,1.0,1.0,1.0,1.0,1.0
53,1.0,1.0,1.0,1.0,1.0,1.0
55,0.9635036496350364,0.7926868804398468,0.6689655172413793,0.7733333333333333,0.8282828282828284,0.45833333333333326
56,0.9635036496350364,0.7926868804398468,0.6689655172413793,0.7733333333333333,0.8282828282828284,0.45833333333333326
61,0.8918918918918918,0.9147320339189784,0.981609195402299,0.7837837837837839,0.8367346938775511,0.0
63,0.8918918918918918,0.9147320339189784,0.981609195402299,0.7837837837837839,0.8367346938775511,0.0
64,0.8918918918918918,0.9147320339189784,0.981609195402299,0.7837837837837839,0.8367346938775511,0.0
65,0.0,0.0,0.0,0.0,0.0,1.0
67,1.0,1.0,1.0,1.0,1.0,1.0
69,1.0,1.0,1.0,1.0,1.0,1.0
72,0.8918918918918918,0.9147320339189784,0.981609195402299,0.7837837837837839,0.8367346938775511,0.0
73,0.8918918918918918,0.9147320339189784,0.981609195402299,0.7837837837837839,0.8367346938775511,0.0
75,0.8918918918918918,0.9147320339189784,0.981609195402299,0.7837837837837839,0.8367346938775511,0.0
