3,0.921875,0.923548145182799,0.8863636363636365,0.84375,0.8529411764705882,0.0
6,0.921875,0.923548145182799,0.8863636363636365,0.84375,0.8529411764705882,0.0
8,0.921875,0.923548145182799,0.8863636363636365,0.84375,0.8529411764705882,0.0
10,1.0,1.0,1.0,1.0,1.0,1.0
11,1.0,1.0,1.0,1.0,1.0,1.0
13,0.0,0.0,0.0,0.0,0.0,1.0
14,0.0,0.0,0.0,0.0,0.0,1.0
15,0.0,0.0,0.0,0.0,0.0,1.0
16,0.0,0.0,0.0,0.0,0.0,1.0
17,0.0,0.0,0.0,0.0,0.0,1.0
18,0.0,0.0,0.0,0.0,0.0,1.0
20,0.921875,0.923548145182799,0.8863636363636365,0.84375,0.8529411764705882,0.0
