3,0.6666666666666666,0.9428090415820632,0.7222222222222222,1.0,1.0,0.6666666666666666
5,0.6666666666666666,0.9428090415820632,0.7222222222222222,1.0,1.0,0.6666666666666666
6,0.6666666666666666,0.9428090415820632,0.7222222222222222,1.0,1.0,0.6666666666666666
7,0.6666666666666666,0.9428090415820632,0.7222222222222222,1.0,1.0,0.6666666666666666
9,0.5,1.0,1.0,1.0,1.0,0.0
10,0.5,1.0,1.0,1.0,1.0,0.0
11,0.5,1.0,1.0,1.0,1.0,0.0
12,0.45454545454545453,0.870388279778489,0.8055555555555556,0.7142857142857143,0.8333333333333334,0.33333333333333326
13,0.45454545454545453,0.870388279778489,0.8055555555555556,0.7142857142857143,0.8333333333333334,0.33333333333333326
14,0.45454545454545453,0.870388279778489,0.8055555555555556,0.7142857142857143,0.8333333333333334,0.33333333333333326
15,0.5,0.816496580927726,0.6666666666666666,0.6666666666666666,0.8,0.0
16,0.5,0.816496580927726,0.6666666666666666,0.6666666666666666,0.8,0.0
17,0.5,0.816496580927726,0.6666666666666666,0.6666666666666666,0.8,0.0
18,0.5,0.816496580927726,0.6666666666666666,0.6666666666666666,0.8,0.0
19,0.5,0.816496580927726,0.6666666666666666,0.6666666666666666,0.8,0.0
20,1.0,1.0,0.5833333333333333,1.0,1.0,1.0
21,0.5,0.816496580927726,0.6666666666666666,0.6666666666666666,0.8,0.0
22,0.5,0.816496580927726,0.6666666666666666,0.6666666666666666,0.8,0.0
24,0.45454545454545453,0.870388279778489,0.8055555555555556,0.7142857142857143,0.8333333333333334,0.33333333333333326
25,0.0,0.0,0.0,0.0,0.0,0.0
26,0.0,0.0,0.0,0.0,0.0,0.0
27,0.0,0.0,0.0,0.0,0.0,0.0
28,0.0,0.0,0.0,0.0,0.0,0.0
29,0.0,0.0,0.0,0.0,0.0,0.0
30,0.0,0.0,0.0,0.0,0.0,0.0
31,0.0,0.0,0.0,0.0,0.0,0.0
32,0.0,0.0,0.0,0.0,0.0,0.0
35,0.45454545454545453,0.870388279778489,0.8055555555555556,0.7142857142857143,0.8333333333333334,0.33333333333333326
36,0.45454545454545453,0.870388279778489,0.8055555555555556,0.7142857142857143,0.8333333333333334,0.33333333333333326
37,0.45454545454545453,0.870388279778489,0.8055555555555556,0.7142857142857143,0.8333333333333334,0.33333333333333326
38,0.45454545454545453,0.870388279778489,0.8055555555555556,0.7142857142857143,0.8333333333333334,0.33333333333333326
39,0.45454545454545453,0.870388279778489,0.8055555555555556,0.7142857142857143,0.8333333333333334,0.33333333333333326
42,0.3333333333333333,0.4714045207910316,0.2777777777777778,0.25,0.4,0.6666666666666666
43,0.3333333333333333,0.4714045207910316,0.2777777777777778,0.25,0.4,0.6666666666666666
44,0.3333333333333333,0.4714045207910316,0.2777777777777778,0.25,0.4,0.6666666666666666
46,0.3333333333333333,0.4714045207910316,0.2777777777777778,0.25,0.4,0.6666666666666666
47,0.3333333333333333,0.4714045207910316,0.2777777777777778,0.25,0.4,0.6666666666666666
