9,0.14345114345114354,0.9505456266958361,0.9398907103825136,0.9541004450095358,0.963092463092463,0.2500000000000007
11,0.14345114345114354,0.9505456266958361,0.9398907103825136,0.9541004450095358,0.963092463092463,0.2500000000000007
13,0.14345114345114354,0.9505456266958361,0.9398907103825136,0.9541004450095358,0.963092463092463,0.2500000000000007
14,0.14345114345114354,0.9505456266958361,0.9398907103825136,0.9541004450095358,0.963092463092463,0.2500000000000007
15,0.14345114345114354,0.9505456266958361,0.9398907103825136,0.9541004450095358,0.963092463092463,0.2500000000000007
16,0.14345114345114354,0.9505456266958361,0.9398907103825136,0.9541004450095358,0.963092463092463,0.2500000000000007
19,0.18253968253968242,1.0,1.0,1.0,1.0,0.0
22,0.18253968253968242,1.0,1.0,1.0,1.0,0.0
23,0.18253968253968242,1.0,1.0,1.0,1.0,0.0
25,1.0,0.0,0.0,0.0,0.0,0.25000000000000017
28,0.14345114345114354,0.9505456266958361,0.9398907103825136,0.9541004450095358,0.963092463092463,0.2500000000000007
29,0.14345114345114354,0.9505456266958361,0.9398907103825136,0.9541004450095358,0.963092463092463,0.2500000000000007
30,0.14345114345114354,0.9505456266958361,0.9398907103825136,0.9541004450095358,0.963092463092463,0.2500000000000007
32,0.14345114345114354,0.9505456266958361,0.9398907103825136,0.9541004450095358,0.963092463092463,0.2500000000000007
34,0.14345114345114354,0.9505456266958361,0.9398907103825136,0.9541004450095358,0.963092463092463,0.2500000000000007
36,0.14345114345114354,0.9505456266958361,0.9398907103825136,0.9541004450095358,0.963092463092463,0.2500000000000007
38,0.14345114345114354,0.9505456266958361,0.9398907103825136,0.9541004450095358,0.963092463092463,0.2500000000000007
39,0.14345114345114354,0.9505456266958361,0.9398907103825136,0.9541004450095358,0.963092463092463,0.2500000000000007
40,0.0,0.7924531587379152,0.7595628415300546,0.8058095750403441,0.8389489298580206,1.0
43,0.14345114345114354,0.9505456266958361,0.9398907103825136,0.9541004450095358,0.963092463092463,0.2500000000000007
45,0.18253968253968242,1.0,1.0,1.0,1.0,0.0
