3,0,1.0,1.0,1.0,1.0,1.0
5,0,1.0,1.0,1.0,1.0,1.0
7,0,1.0,1.0,1.0,1.0,1.0
8,0,1.0,1.0,1.0,1.0,1.0
9,0,1.0,1.0,1.0,1.0,1.0
11,0,1.0,1.0,1.0,1.0,1.0
13,0,0.7922017918814687,0.7313432835820896,0.04075900808329908,0.7313432835820896,0.7313432835820896
14,0,0.7922017918814687,0.7313432835820896,0.04075900808329908,0.7313432835820896,0.7313432835820896
17,0,1.0,1.0,1.0,1.0,1.0
18,0,0.7922017918814687,0.7313432835820896,0.04075900808329908,0.7313432835820896,0.7313432835820896
20,0,0.0,0.0,0.0,0.0,0.0
21,0,1.0,1.0,1.0,1.0,1.0
