3,0.7224736048265461,1.0,1.0,0.7676767676767676,0.8260869565217392,0.0
5,0.7224736048265461,1.0,1.0,0.7676767676767676,0.8260869565217392,0.0
6,0.7224736048265461,1.0,1.0,0.7676767676767676,0.8260869565217392,0.0
8,0.7224736048265461,1.0,1.0,0.7676767676767676,0.8260869565217392,0.0
10,0.7224736048265461,1.0,1.0,0.7676767676767676,0.8260869565217392,0.0
12,0.7312977099236642,0.8609169879250362,0.756476683937824,0.6870748299319727,0.7593984962406016,0.043478260869565404
13,0.7312977099236642,0.8609169879250362,0.756476683937824,0.6870748299319727,0.7593984962406016,0.043478260869565404
15,0.7609301254748478,0.7683486313607647,0.5958549222797928,0.6349206349206348,0.7142857142857144,0.14782608695652172
16,0.7609301254748478,0.7683486313607647,0.5958549222797928,0.6349206349206348,0.7142857142857144,0.14782608695652172
19,0.0,0.0,0.0,0.0,0.0,0.9565217391304348
20,0.0,0.0,0.0,0.0,0.0,0.9565217391304348
21,0.0,0.0,0.0,0.0,0.0,0.9565217391304348
24,1.0,0.9753599684160632,0.6968911917098445,1.0,1.0,1.0
27,0.9089184060721065,0.7165161227409239,0.4404145077720207,0.6349206349206348,0.7142857142857144,0.47826086956521763
28,0.9089184060721065,0.7165161227409239,0.4404145077720207,0.6349206349206348,0.7142857142857144,0.47826086956521763
29,0.9089184060721065,0.7165161227409239,0.4404145077720207,0.6349206349206348,0.7142857142857144,0.47826086956521763
32,0.6940017386264851,0.6084068767337951,0.427461139896373,0.47619047619047616,0.5665024630541873,0.0869565217391304
35,0.25384207737148917,0.05484366287233506,0.01295336787564766,0.02645502645502645,0.03759398496240602,0.39130434782608703
36,0.25384207737148917,0.05484366287233506,0.01295336787564766,0.02645502645502645,0.03759398496240602,0.39130434782608703
37,0.25384207737148917,0.05484366287233506,0.01295336787564766,0.02645502645502645,0.03759398496240602,0.39130434782608703
40,0.7224736048265461,1.0,1.0,0.7676767676767676,0.8260869565217392,0.0
41,0.7224736048265461,1.0,1.0,0.7676767676767676,0.8260869565217392,0.0
