10,0.19339417644502385,0.5142005654411871,0.8916666666666666,0.16849451645064814,0.1823529411764706,0.0
11,0.19339417644502385,0.5142005654411871,0.8916666666666666,0.16849451645064814,0.1823529411764706,0.0
12,0.19339417644502385,0.5142005654411871,0.8916666666666666,0.16849451645064814,0.1823529411764706,0.0
13,0.4998778998778997,0.7672119548377975,1.0,0.43222506393861887,0.4558823529411765,0.5379310344827585
14,1.0,1.0,0.6749999999999998,1.0,1.0,1.0
16,0.19339417644502385,0.5142005654411871,0.8916666666666666,0.16849451645064814,0.1823529411764706,0.0
18,0.25797101449275317,0.5654479656042661,0.9166666666666665,0.21848739495798314,0.23529411764705876,0.12413793103448269
19,0.37342657342657337,0.6596876496913687,0.9583333333333335,0.314878892733564,0.3359133126934984,0.3310344827586206
20,0.37342657342657337,0.6596876496913687,0.9583333333333335,0.314878892733564,0.3359133126934984,0.3310344827586206
23,0.0,0.0,0.0,0.0,0.0,0.27586206896551735
24,0.0,0.0,0.0,0.0,0.0,0.27586206896551735
28,0.19339417644502385,0.5142005654411871,0.8916666666666666,0.16849451645064814,0.1823529411764706,0.0
32,0.19339417644502385,0.5142005654411871,0.8916666666666666,0.16849451645064814,0.1823529411764706,0.0
33,0.19339417644502385,0.5142005654411871,0.8916666666666666,0.16849451645064814,0.1823529411764706,0.0
35,0.19339417644502385,0.5142005654411871,0.8916666666666666,0.16849451645064814,0.1823529411764706,0.0
36,0.19339417644502385,0.5142005654411871,0.8916666666666666,0.16849451645064814,0.1823529411764706,0.0
37,0.19339417644502385,0.5142005654411871,0.8916666666666666,0.16849451645064814,0.1823529411764706,0.0
39,0.19339417644502385,0.5142005654411871,0.8916666666666666,0.16849451645064814,0.1823529411764706,0.0
