3,0.7707964601769912,0.9917694073609293,0.9978142076502732,0.6053097345132744,0.6344262295081967,0.0
6,0.7707964601769912,0.9917694073609293,0.9978142076502732,0.6053097345132744,0.6344262295081967,0.0
8,0.7198347107438017,0.7613869876268808,0.6535519125683059,0.5123595505617977,0.5431578947368422,0.37065637065637064
9,0.7198347107438017,0.7613869876268808,0.6535519125683059,0.5123595505617977,0.5431578947368422,0.37065637065637064
12,0.7707964601769912,0.9917694073609293,0.9978142076502732,0.6053097345132744,0.6344262295081967,0.0
13,0.7707964601769912,0.9917694073609293,0.9978142076502732,0.6053097345132744,0.6344262295081967,0.0
14,0.7776785714285714,1.0,1.0,0.6162162162162163,0.645,0.06949806949806961
15,0.7707964601769912,0.9917694073609293,0.9978142076502732,0.6053097345132744,0.6344262295081967,0.0
16,0.7198347107438017,0.7613869876268808,0.6535519125683059,0.5123595505617977,0.5431578947368422,0.37065637065637064
19,0.7707964601769912,0.9917694073609293,0.9978142076502732,0.6053097345132744,0.6344262295081967,0.0
21,0.7707964601769912,0.9917694073609293,0.9978142076502732,0.6053097345132744,0.6344262295081967,0.0
23,0.7707964601769912,0.9917694073609293,0.9978142076502732,0.6053097345132744,0.6344262295081967,0.0
24,0.7707964601769912,0.9917694073609293,0.9978142076502732,0.6053097345132744,0.6344262295081967,0.0
25,0.7707964601769912,0.9917694073609293,0.9978142076502732,0.6053097345132744,0.6344262295081967,0.0
27,0.7707964601769912,0.9917694073609293,0.9978142076502732,0.6053097345132744,0.6344262295081967,0.0
29,1.0,0.9745089103411435,0.585792349726776,1.0,1.0,1.0
30,1.0,0.9745089103411435,0.585792349726776,1.0,1.0,1.0
31,1.0,0.9745089103411435,0.585792349726776,1.0,1.0,1.0
35,0.8267118644067797,0.935205618732236,0.789071038251366,0.6820512820512821,0.7082352941176471,0.41312741312741297
37,0.7648737650933041,0.6564879518897745,0.4426229508196721,0.5428571428571428,0.5733333333333334,0.027027027027027046
38,0.7648737650933041,0.6564879518897745,0.4426229508196721,0.5428571428571428,0.5733333333333334,0.027027027027027046
39,0.7648737650933041,0.6564879518897745,0.4426229508196721,0.5428571428571428,0.5733333333333334,0.027027027027027046
41,0.7707964601769912,0.9917694073609293,0.9978142076502732,0.6053097345132744,0.6344262295081967,0.0
44,0.7707964601769912,0.9917694073609293,0.9978142076502732,0.6053097345132744,0.6344262295081967,0.0
47,0.7707964601769912,0.9917694073609293,0.9978142076502732,0.6053097345132744,0.6344262295081967,0.0
48,0.7707964601769912,0.9917694073609293,0.9978142076502732,0.6053097345132744,0.6344262295081967,0.0
49,0.7707964601769912,0.9917694073609293,0.9978142076502732,0.6053097345132744,0.6344262295081967,0.0
50,0.7707964601769912,0.9917694073609293,0.9978142076502732,0.6053097345132744,0.6344262295081967,0.0
51,0.7707964601769912,0.9917694073609293,0.9978142076502732,0.6053097345132744,0.6344262295081967,0.0
52,0.7707964601769912,0.9917694073609293,0.9978142076502732,0.6053097345132744,0.6344262295081967,0.0
54,0.7707964601769912,0.9917694073609293,0.9978142076502732,0.6053097345132744,0.6344262295081967,0.0
56,0.7802911534154536,0.9457692028425446,0.8896174863387978,0.6141414141414142,0.6429906542056074,0.08494208494208469
57,0.7802911534154536,0.9457692028425446,0.8896174863387978,0.6141414141414142,0.6429906542056074,0.08494208494208469
61,0.7707964601769912,0.9917694073609293,0.9978142076502732,0.6053097345132744,0.6344262295081967,0.0
62,0.7707964601769912,0.9917694073609293,0.9978142076502732,0.6053097345132744,0.6344262295081967,0.0
63,0.7707964601769912,0.9917694073609293,0.9978142076502732,0.6053097345132744,0.6344262295081967,0.0
66,0.7707964601769912,0.9917694073609293,0.9978142076502732,0.6053097345132744,0.6344262295081967,0.0
67,0.7707964601769912,0.9917694073609293,0.9978142076502732,0.6053097345132744,0.6344262295081967,0.0
68,0.0,0.0,0.0,0.0,0.0,0.0
69,0.7707964601769912,0.9917694073609293,0.9978142076502732,0.6053097345132744,0.6344262295081967,0.0
70,0.7707964601769912,0.9917694073609293,0.9978142076502732,0.6053097345132744,0.6344262295081967,0.0
71,0.7198347107438017,0.7613869876268808,0.6535519125683059,0.5123595505617977,0.5431578947368422,0.37065637065637064
73,0.897938144329897,0.6666666666666666,0.34426229508196715,0.6909090909090909,0.7166666666666667,0.3706563706563705
74,0.7707964601769912,0.9917694073609293,0.9978142076502732,0.6053097345132744,0.6344262295081967,0.0
