9,0.8095238095238095,0.8246211251235321,0.9036144578313253,0.619047619047619,0.68,0.0
12,0.8095238095238095,0.8246211251235321,0.9036144578313253,0.619047619047619,0.68,0.0
13,0.8095238095238095,0.8246211251235321,0.9036144578313253,0.619047619047619,0.68,0.0
14,0.8095238095238095,0.8246211251235321,0.9036144578313253,0.619047619047619,0.68,0.0
15,0.0,0.0,0.0,0.0,0.0,1.0
16,0.8095238095238095,0.8246211251235321,0.9036144578313253,0.619047619047619,0.68,0.0
17,0.8095238095238095,0.8246211251235321,0.9036144578313253,0.619047619047619,0.68,0.0
18,0.8095238095238095,0.8246211251235321,0.9036144578313253,0.619047619047619,0.68,0.0
19,0.8095238095238095,0.8246211251235321,0.9036144578313253,0.619047619047619,0.68,0.0
20,0.8095238095238095,0.8246211251235321,0.9036144578313253,0.619047619047619,0.68,0.0
21,0.8717948717948717,0.8790490729915325,0.9397590361445782,0.7222222222222221,0.7727272727272727,0.37500000000000017
22,0.8095238095238095,0.8246211251235321,0.9036144578313253,0.619047619047619,0.68,0.0
25,0.8095238095238095,0.8246211251235321,0.9036144578313253,0.619047619047619,0.68,0.0
27,0.8095238095238095,0.8246211251235321,0.9036144578313253,0.619047619047619,0.68,0.0
29,0.8095238095238095,0.8246211251235321,0.9036144578313253,0.619047619047619,0.68,0.0
30,0.8095238095238095,0.8246211251235321,0.9036144578313253,0.619047619047619,0.68,0.0
31,0.8095238095238095,0.8246211251235321,0.9036144578313253,0.619047619047619,0.68,0.0
32,0.8095238095238095,0.8246211251235321,0.9036144578313253,0.619047619047619,0.68,0.0
34,0.8717948717948717,0.8790490729915325,0.9397590361445782,0.7222222222222221,0.7727272727272727,0.37500000000000017
35,0.8717948717948717,0.8790490729915325,0.9397590361445782,0.7222222222222221,0.7727272727272727,0.37500000000000017
37,0.8095238095238095,0.8246211251235321,0.9036144578313253,0.619047619047619,0.68,0.0
38,1.0,1.0,1.0,1.0,1.0,1.0
40,0.0,0.0,0.0,0.0,0.0,1.0
41,0.0,0.0,0.0,0.0,0.0,1.0
42,0.0,0.0,0.0,0.0,0.0,1.0
44,0.0,0.0,0.0,0.0,0.0,1.0
45,0.0,0.0,0.0,0.0,0.0,1.0
46,0.0,0.0,0.0,0.0,0.0,1.0
48,0.0,0.0,0.0,0.0,0.0,1.0
49,0.0,0.0,0.0,0.0,0.0,1.0
50,0.0,0.0,0.0,0.0,0.0,1.0
52,0.0,0.0,0.012048192771084341,0.0,0.0,0.875
54,0.8095238095238095,0.8246211251235321,0.9036144578313253,0.619047619047619,0.68,0.0
