2,0,1.0,1.0,1.0,1.0,1.0
5,0,1.0,1.0,1.0,1.0,1.0
6,0,1.0,1.0,1.0,1.0,1.0
7,0,1.0,1.0,1.0,1.0,1.0
9,0,0.12296397478227859,0.06451612903225806,0.002231044325601234,0.06451612903225806,0.06451612903225806
10,0,0.12296397478227859,0.06451612903225806,0.002231044325601234,0.06451612903225806,0.06451612903225806
12,0,0.12296397478227859,0.06451612903225806,0.002231044325601234,0.06451612903225806,0.06451612903225806
17,0,0.8912422919658678,0.8387096774193549,0.168220742150333,0.8387096774193548,0.8387096774193548
19,0,0.45707384198919226,0.3225806451612903,0.015404829867246611,0.32258064516129026,0.32258064516129026
20,0,0.45707384198919226,0.3225806451612903,0.015404829867246611,0.32258064516129026,0.32258064516129026
22,0,0.45707384198919226,0.3225806451612903,0.015404829867246611,0.32258064516129026,0.32258064516129026
24,0,0.45707384198919226,0.3225806451612903,0.015404829867246611,0.32258064516129026,0.32258064516129026
25,0,0.45707384198919226,0.3225806451612903,0.015404829867246611,0.32258064516129026,0.32258064516129026
27,0,0.45707384198919226,0.3225806451612903,0.015404829867246611,0.32258064516129026,0.32258064516129026
32,0,0.5533066410095042,0.41935483870967744,0.023363991965324026,0.4193548387096774,0.4193548387096774
33,0,0.5533066410095042,0.41935483870967744,0.023363991965324026,0.4193548387096774,0.4193548387096774
35,0,0.5533066410095042,0.41935483870967744,0.023363991965324026,0.4193548387096774,0.4193548387096774
37,0,0.5533066410095042,0.41935483870967744,0.023363991965324026,0.4193548387096774,0.4193548387096774
38,0,0.5533066410095042,0.41935483870967744,0.023363991965324026,0.4193548387096774,0.4193548387096774
39,0,0.5533066410095042,0.41935483870967744,0.023363991965324026,0.4193548387096774,0.4193548387096774
40,0,0.0,0.0,0.0,0.0,0.0
41,0,0.5533066410095042,0.41935483870967744,0.023363991965324026,0.4193548387096774,0.4193548387096774
42,0,0.12296397478227859,0.06451612903225806,0.002231044325601234,0.06451612903225806,0.06451612903225806
43,0,0.5533066410095042,0.41935483870967744,0.023363991965324026,0.4193548387096774,0.4193548387096774
45,0,0.2674805499895136,0.16129032258064516,0.006221181292541901,0.16129032258064513,0.16129032258064513
50,0,1.0,1.0,1.0,1.0,1.0
