5,0.15125760088446658,0.8734174270135795,1.0,0.2623979912115505,0.2944309927360775,0.0
7,0.15125760088446658,0.8734174270135795,1.0,0.2623979912115505,0.2944309927360775,0.0
9,0.15125760088446658,0.8734174270135795,1.0,0.2623979912115505,0.2944309927360775,0.0
10,0.15125760088446658,0.8734174270135795,1.0,0.2623979912115505,0.2944309927360775,0.0
12,0.15125760088446658,0.8734174270135795,1.0,0.2623979912115505,0.2944309927360775,0.0
13,0.15125760088446658,0.8734174270135795,1.0,0.2623979912115505,0.2944309927360775,0.0
15,0.15125760088446658,0.8734174270135795,1.0,0.2623979912115505,0.2944309927360775,0.0
16,0.15125760088446658,0.8734174270135795,1.0,0.2623979912115505,0.2944309927360775,0.0
17,0.15125760088446658,0.8734174270135795,1.0,0.2623979912115505,0.2944309927360775,0.0
18,0.15125760088446658,0.8734174270135795,1.0,0.2623979912115505,0.2944309927360775,0.0
19,0.0,0.0,0.20000000000000007,0.0,0.0,0.3098591549295775
20,0.0,0.0,0.20000000000000007,0.0,0.0,0.3098591549295775
21,0.0,0.0,0.20000000000000007,0.0,0.0,0.3098591549295775
23,0.15125760088446658,0.8734174270135795,1.0,0.2623979912115505,0.2944309927360775,0.0
24,1.0,1.0,0.0,1.0,1.0,1.0
25,0.15125760088446658,0.8734174270135795,1.0,0.2623979912115505,0.2944309927360775,0.0
26,0.15125760088446658,0.8734174270135795,1.0,0.2623979912115505,0.2944309927360775,0.0
