3,0.0,0.0,0.0,0.0,0.0,1.0
4,0.0,0.0,0.0,0.0,0.0,1.0
5,0.0,0.0,0.2727272727272727,0.0,0.0,0.7000000000000001
6,0.0,0.0,0.2727272727272727,0.0,0.0,0.7000000000000001
8,0.0,0.0,0.36363636363636365,0.0,0.0,0.6
9,0.0,0.0,0.8181818181818181,0.0,0.0,0.1
10,0.0,0.0,0.8181818181818181,0.0,0.0,0.1
13,0.0,0.0,0.36363636363636365,0.0,0.0,0.6
14,0.0,0.0,0.36363636363636365,0.0,0.0,0.6
15,0.0,0.0,0.36363636363636365,0.0,0.0,0.6
17,0.0,0.0,0.0,0.0,0.0,1.0
18,1.0,1.0,1.0,1.0,1.0,0.0
20,1.0,1.0,1.0,1.0,1.0,0.0
21,1.0,1.0,1.0,1.0,1.0,0.0
22,1.0,1.0,1.0,1.0,1.0,0.0
23,1.0,1.0,1.0,1.0,1.0,0.0
24,1.0,1.0,1.0,1.0,1.0,0.0
25,0.0,0.0,0.0,0.0,0.0,1.0
26,0.0,0.0,0.0,0.0,0.0,1.0
28,1.0,1.0,1.0,1.0,1.0,0.0
29,1.0,1.0,1.0,1.0,1.0,0.0
30,1.0,1.0,1.0,1.0,1.0,0.0
