4,0.7468409586056638,1.0,1.0,1.0,1.0,0.0
7,0.7468409586056638,1.0,1.0,1.0,1.0,0.0
8,0.7468409586056638,1.0,1.0,1.0,1.0,0.0
9,0.7468409586056638,1.0,1.0,1.0,1.0,0.0
10,0.7468409586056638,1.0,1.0,1.0,1.0,0.0
11,1.0,0.9573513348367032,0.9297297297297299,0.9698029243483789,0.9783549783549783,1.0
13,0.7468409586056638,1.0,1.0,1.0,1.0,0.0
14,0.9117021276595791,0.8472139560003868,0.7864864864864864,0.8523966942148761,0.8904428904428905,0.5714285714285725
16,0.7468409586056638,1.0,1.0,1.0,1.0,0.0
17,0.9117021276595791,0.8472139560003868,0.7864864864864864,0.8523966942148761,0.8904428904428905,0.5714285714285725
19,0.0,0.0,0.0,0.0,0.0,0.5714285714285706
21,0.7468409586056638,1.0,1.0,1.0,1.0,0.0
