3,0.3003952569169961,0.7352725830842995,0.9646017699115044,0.3781818181818181,0.4085714285714286,0.0
5,0.3003952569169961,0.7352725830842995,0.9646017699115044,0.3781818181818181,0.4085714285714286,0.0
6,0.3003952569169961,0.7352725830842995,0.9646017699115044,0.3781818181818181,0.4085714285714286,0.0
7,0.3003952569169961,0.7352725830842995,0.9646017699115044,0.3781818181818181,0.4085714285714286,0.0
8,0.3003952569169961,0.7352725830842995,0.9646017699115044,0.3781818181818181,0.4085714285714286,0.0
9,0.3003952569169961,0.7352725830842995,0.9646017699115044,0.3781818181818181,0.4085714285714286,0.0
10,0.3003952569169961,0.7352725830842995,0.9646017699115044,0.3781818181818181,0.4085714285714286,0.0
11,0.3003952569169961,0.7352725830842995,0.9646017699115044,0.3781818181818181,0.4085714285714286,0.0
12,0.5113871635610768,0.8132518191644621,0.9764011799410028,0.5439999999999999,0.5753846153846156,0.3333333333333335
13,0.5113871635610768,0.8132518191644621,0.9764011799410028,0.5439999999999999,0.5753846153846156,0.3333333333333335
15,0.3003952569169961,0.7352725830842995,0.9646017699115044,0.3781818181818181,0.4085714285714286,0.0
16,0.3003952569169961,0.7352725830842995,0.9646017699115044,0.3781818181818181,0.4085714285714286,0.0
17,0.6246023329798508,0.8557055783947667,0.9823008849557521,0.6399999999999999,0.6688000000000001,0.5
18,0.6246023329798508,0.8557055783947667,0.9823008849557521,0.6399999999999999,0.6688000000000001,0.5
21,0.3003952569169961,0.7352725830842995,0.9646017699115044,0.3781818181818181,0.4085714285714286,0.0
25,0.3003952569169961,0.7352725830842995,0.9646017699115044,0.3781818181818181,0.4085714285714286,0.0
27,0.3003952569169961,0.7352725830842995,0.9646017699115044,0.3781818181818181,0.4085714285714286,0.0
28,0.3003952569169961,0.7352725830842995,0.9646017699115044,0.3781818181818181,0.4085714285714286,0.0
30,0.7434782608695655,0.49134549944620537,0.4926253687315634,0.4571428571428571,0.4888888888888889,0.4444444444444445
31,0.7434782608695655,0.49134549944620537,0.4926253687315634,0.4571428571428571,0.4888888888888889,0.4444444444444445
33,0.3003952569169961,0.7352725830842995,0.9646017699115044,0.3781818181818181,0.4085714285714286,0.0
34,0.3003952569169961,0.7352725830842995,0.9646017699115044,0.3781818181818181,0.4085714285714286,0.0
36,0.3003952569169961,0.7352725830842995,0.9646017699115044,0.3781818181818181,0.4085714285714286,0.0
37,0.3003952569169961,0.7352725830842995,0.9646017699115044,0.3781818181818181,0.4085714285714286,0.0
38,0.3003952569169961,0.7352725830842995,0.9646017699115044,0.3781818181818181,0.4085714285714286,0.0
39,1.0,1.0,1.0,1.0,1.0,1.0
40,0.3003952569169961,0.7352725830842995,0.9646017699115044,0.3781818181818181,0.4085714285714286,0.0
42,0.0,0.4559673667542849,0.7050147492625368,0.10181818181818184,0.11407407407407404,0.4444444444444445
43,0.0,0.4559673667542849,0.7050147492625368,0.10181818181818184,0.11407407407407404,0.4444444444444445
45,0.3003952569169961,0.7352725830842995,0.9646017699115044,0.3781818181818181,0.4085714285714286,0.0
47,0.22127329192546621,0.5289123465037526,0.7168141592920353,0.24000000000000005,0.2640000000000002,0.11111111111111102
48,0.22127329192546621,0.5289123465037526,0.7168141592920353,0.24000000000000005,0.2640000000000002,0.11111111111111102
53,0.3003952569169961,0.7352725830842995,0.9646017699115044,0.3781818181818181,0.4085714285714286,0.0
54,0.9333709768492382,0.0,0.0,0.0,0.0,0.3055555555555555
55,0.03975819576842655,0.27901868706504623,0.4660766961651917,0.034594594594594734,0.039111111111111235,0.3055555555555557
56,0.3003952569169961,0.7352725830842995,0.9646017699115044,0.3781818181818181,0.4085714285714286,0.0
