3,0.706896551724138,0.8783100656536799,1.0,0.5172413793103448,0.6000000000000001,0.0
6,0.706896551724138,0.8783100656536799,1.0,0.5172413793103448,0.6000000000000001,0.0
8,0.706896551724138,0.8783100656536799,1.0,0.5172413793103448,0.6000000000000001,0.0
9,0.706896551724138,0.8783100656536799,1.0,0.5172413793103448,0.6000000000000001,0.0
11,0.706896551724138,0.8783100656536799,1.0,0.5172413793103448,0.6000000000000001,0.0
13,0.706896551724138,0.8783100656536799,1.0,0.5172413793103448,0.6000000000000001,0.0
14,0.706896551724138,0.8783100656536799,1.0,0.5172413793103448,0.6000000000000001,0.0
16,0.706896551724138,0.8783100656536799,1.0,0.5172413793103448,0.6000000000000001,0.0
18,1.0,1.0,0.7592592592592593,1.0,1.0,0.9999999999999999
19,1.0,1.0,0.7592592592592593,1.0,1.0,0.9999999999999999
21,0.44565217391304346,0.3611575592573076,0.308641975308642,0.19999999999999998,0.25925925925925924,1.0
23,0.0,0.0,0.0,0.0,0.0,0.9705882352941175
24,0.0,0.0,0.0,0.0,0.0,0.9705882352941175
29,0.6949152542372882,0.5,0.3765432098765432,0.3571428571428571,0.4375,0.029411764705882457
30,0.6949152542372882,0.5,0.3765432098765432,0.3571428571428571,0.4375,0.029411764705882457
