6,0,1.0,1.0,1.0,1.0,1.0
7,0,1.0,1.0,1.0,1.0,1.0
8,0,1.0,1.0,1.0,1.0,1.0
9,0,1.0,1.0,1.0,1.0,1.0
10,0,1.0,1.0,1.0,1.0,1.0
11,0,1.0,1.0,1.0,1.0,1.0
12,0,1.0,1.0,1.0,1.0,1.0
14,0,1.0,1.0,1.0,1.0,1.0
16,0,1.0,1.0,1.0,1.0,1.0
17,0,0.9354143466934853,0.875,0.21875,0.875,0.875
19,0,0.9354143466934853,0.875,0.21875,0.875,0.875
22,0,1.0,1.0,1.0,1.0,1.0
24,0,1.0,1.0,1.0,1.0,1.0
26,0,0.6373774391990982,0.40625,0.02138157894736842,0.40625,0.40625
28,0,0.6373774391990982,0.40625,0.02138157894736842,0.40625,0.40625
29,0,0.6373774391990982,0.40625,0.02138157894736842,0.40625,0.40625
30,0,0.6373774391990982,0.40625,0.02138157894736842,0.40625,0.40625
31,0,0.6373774391990982,0.40625,0.02138157894736842,0.40625,0.40625
35,0,0.7705517503711221,0.59375,0.04567307692307692,0.59375,0.59375
37,0,0.5863019699779287,0.34375,0.01636904761904762,0.34375,0.34375
39,0,0.5863019699779287,0.34375,0.01636904761904762,0.34375,0.34375
40,0,0.5863019699779287,0.34375,0.01636904761904762,0.34375,0.34375
41,0,0.5863019699779287,0.34375,0.01636904761904762,0.34375,0.34375
42,0,0.5863019699779287,0.34375,0.01636904761904762,0.34375,0.34375
45,0,1.0,1.0,1.0,1.0,1.0
47,0,1.0,1.0,1.0,1.0,1.0
48,0,1.0,1.0,1.0,1.0,1.0
49,0,1.0,1.0,1.0,1.0,1.0
51,0,0.6846531968814576,0.46875,0.027573529411764705,0.46875,0.46875
53,0,0.0,0.0,0.0,0.0,0.0
