3,0.953416149068323,1.0,1.0,1.0,1.0,0.0
5,0.953416149068323,1.0,1.0,1.0,1.0,0.0
6,0.953416149068323,1.0,1.0,1.0,1.0,0.0
7,0.953416149068323,1.0,1.0,1.0,1.0,0.0
8,0.953416149068323,1.0,1.0,1.0,1.0,0.0
10,0.953416149068323,1.0,1.0,1.0,1.0,0.0
12,0.953416149068323,1.0,1.0,1.0,1.0,0.0
13,0.0,0.0,0.0,0.0,0.0,0.6956521739130438
14,0.953416149068323,1.0,1.0,1.0,1.0,0.0
15,1.0,0.9943065718261075,0.9788519637462235,0.978116079923882,0.9946943185666596,0.6956521739130436
16,0.953416149068323,1.0,1.0,1.0,1.0,0.0
18,0.953416149068323,1.0,1.0,1.0,1.0,0.0
20,0.953416149068323,1.0,1.0,1.0,1.0,0.0
21,0.953416149068323,1.0,1.0,1.0,1.0,0.0
22,1.0,0.9943065718261075,0.9788519637462235,0.978116079923882,0.9946943185666596,0.6956521739130436
23,1.0,0.9943065718261075,0.9788519637462235,0.978116079923882,0.9946943185666596,0.6956521739130436
24,0.8342391304347826,0.6544655100434615,0.4879154078549848,0.22065007212792734,0.5428692250766466,1.0
25,1.0,0.9943065718261075,0.9788519637462235,0.978116079923882,0.9946943185666596,0.6956521739130436
27,0.953416149068323,1.0,1.0,1.0,1.0,0.0
30,0.953416149068323,1.0,1.0,1.0,1.0,0.0
31,0.953416149068323,1.0,1.0,1.0,1.0,0.0
32,0.953416149068323,1.0,1.0,1.0,1.0,0.0
33,0.953416149068323,1.0,1.0,1.0,1.0,0.0
34,0.953416149068323,1.0,1.0,1.0,1.0,0.0
