9,0,1.0,1.0,1.0,1.0,1.0
11,0,1.0,1.0,1.0,1.0,1.0
12,0,1.0,1.0,1.0,1.0,1.0
13,0,0.8519740369431884,0.8181818181818182,0.2076923076923077,0.818181818181818,0.818181818181818
15,0,0.9271817096727586,0.9090909090909091,0.46153846153846156,0.9090909090909092,0.9090909090909092
17,0,1.0,1.0,1.0,1.0,1.0
19,0,1.0,1.0,1.0,1.0,1.0
21,0,1.0,1.0,1.0,1.0,1.0
22,0,1.0,1.0,1.0,1.0,1.0
23,0,1.0,1.0,1.0,1.0,1.0
25,0,1.0,1.0,1.0,1.0,1.0
26,0,1.0,1.0,1.0,1.0,1.0
27,0,0.5658262487936979,0.5,0.046153846153846156,0.49999999999999994,0.49999999999999994
28,0,0.5658262487936979,0.5,0.046153846153846156,0.49999999999999994,0.49999999999999994
29,0,0.5658262487936979,0.5,0.046153846153846156,0.49999999999999994,0.49999999999999994
31,0,0.5658262487936979,0.5,0.046153846153846156,0.49999999999999994,0.49999999999999994
32,0,0.5658262487936979,0.5,0.046153846153846156,0.49999999999999994,0.49999999999999994
33,0,0.5658262487936979,0.5,0.046153846153846156,0.49999999999999994,0.49999999999999994
35,0,0.0,0.0,0.0,0.0,0.0
36,0,0.0,0.0,0.0,0.0,0.0
38,0,0.0,0.0,0.0,0.0,0.0
39,0,0.0,0.0,0.0,0.0,0.0
40,0,0.0,0.0,0.0,0.0,0.0
43,0,1.0,1.0,1.0,1.0,1.0
