7,0.2095238095238096,1.0,1.0,1.0,1.0,0.0
10,0.2095238095238096,1.0,1.0,1.0,1.0,0.0
12,0.2095238095238096,1.0,1.0,1.0,1.0,0.0
13,0.2095238095238096,1.0,1.0,1.0,1.0,0.0
15,0.2095238095238096,1.0,1.0,1.0,1.0,0.0
17,0.2095238095238096,1.0,1.0,1.0,1.0,0.0
18,0.2095238095238096,1.0,1.0,1.0,1.0,0.0
19,0.0,0.36252941526749627,0.5522388059701493,0.26315789473684204,0.28947368421052644,1.0
20,0.2095238095238096,1.0,1.0,1.0,1.0,0.0
21,0.2095238095238096,1.0,1.0,1.0,1.0,0.0
25,0.2095238095238096,1.0,1.0,1.0,1.0,0.0
26,0.0,0.36252941526749627,0.5522388059701493,0.26315789473684204,0.28947368421052644,1.0
28,1.0,0.0,0.0,0.0,0.0,0.9999999999999998
29,0.2095238095238096,1.0,1.0,1.0,1.0,0.0
