3,0.27777777777777773,1.0,1.0,1.0,1.0,0.0
6,0.27777777777777773,1.0,1.0,1.0,1.0,0.0
8,0.27777777777777773,1.0,1.0,1.0,1.0,0.0
9,0.27777777777777773,1.0,1.0,1.0,1.0,0.0
10,0.27777777777777773,1.0,1.0,1.0,1.0,0.0
13,0.27777777777777773,1.0,1.0,1.0,1.0,0.0
14,0.27777777777777773,1.0,1.0,1.0,1.0,0.0
15,0.27777777777777773,1.0,1.0,1.0,1.0,0.0
18,0.15920398009950246,0.6025882540350102,0.5287356321839081,0.4678362573099415,0.5894736842105265,1.0
20,0.27777777777777773,1.0,1.0,1.0,1.0,0.0
22,0.27777777777777773,1.0,1.0,1.0,1.0,0.0
24,0.27777777777777773,1.0,1.0,1.0,1.0,0.0
26,0.27777777777777773,1.0,1.0,1.0,1.0,0.0
27,0.4444444444444445,0.7405123962268036,0.47701149425287365,0.6985645933014354,0.7910216718266255,0.8181818181818183
28,0.27777777777777773,1.0,1.0,1.0,1.0,0.0
29,0.27777777777777773,1.0,1.0,1.0,1.0,0.0
31,0.27777777777777773,1.0,1.0,1.0,1.0,0.0
33,0.27777777777777773,1.0,1.0,1.0,1.0,0.0
35,0.27777777777777773,1.0,1.0,1.0,1.0,0.0
36,0.27777777777777773,1.0,1.0,1.0,1.0,0.0
37,0.0,0.0,0.0,0.0,0.0,0.45454545454545464
38,0.27777777777777773,1.0,1.0,1.0,1.0,0.0
39,1.0,0.5171514702410426,0.1149425287356322,0.18947368421052632,0.2763157894736842,0.7272727272727274
41,0.27777777777777773,1.0,1.0,1.0,1.0,0.0
42,0.27777777777777773,1.0,1.0,1.0,1.0,0.0
44,0.27777777777777773,1.0,1.0,1.0,1.0,0.0
46,0.27777777777777773,1.0,1.0,1.0,1.0,0.0
47,0.38095238095238104,0.28283953089616853,0.10344827586206898,0.14035087719298245,0.21052631578947367,0.1818181818181818
48,0.27777777777777773,1.0,1.0,1.0,1.0,0.0
56,0.27777777777777773,1.0,1.0,1.0,1.0,0.0
57,0.27777777777777773,1.0,1.0,1.0,1.0,0.0
58,0.27777777777777773,1.0,1.0,1.0,1.0,0.0
59,0.27777777777777773,1.0,1.0,1.0,1.0,0.0
60,0.27777777777777773,1.0,1.0,1.0,1.0,0.0
62,0.27777777777777773,1.0,1.0,1.0,1.0,0.0
63,0.27777777777777773,1.0,1.0,1.0,1.0,0.0
64,0.27777777777777773,1.0,1.0,1.0,1.0,0.0
65,0.27777777777777773,1.0,1.0,1.0,1.0,0.0
67,0.27777777777777773,1.0,1.0,1.0,1.0,0.0
68,0.27777777777777773,1.0,1.0,1.0,1.0,0.0
