4,0.689655172413793,0.8944271909999157,1.0,0.46153846153846156,0.5333333333333333,0.5
6,0.689655172413793,0.8944271909999157,1.0,0.46153846153846156,0.5333333333333333,0.5
7,0.689655172413793,0.8944271909999157,1.0,0.46153846153846156,0.5333333333333333,0.5
8,0.689655172413793,0.8944271909999157,1.0,0.46153846153846156,0.5333333333333333,0.5
11,0.625,0.8164965809277259,0.875,0.375,0.4444444444444444,0.0
15,0.625,0.8164965809277259,0.875,0.375,0.4444444444444444,0.0
16,0.625,0.8164965809277259,0.875,0.375,0.4444444444444444,0.0
17,0.625,0.8164965809277259,0.875,0.375,0.4444444444444444,0.0
18,0.625,0.8164965809277259,0.875,0.375,0.4444444444444444,0.0
20,0.625,0.8164965809277259,0.875,0.375,0.4444444444444444,0.0
21,0.625,0.8164965809277259,0.875,0.375,0.4444444444444444,0.0
22,0.625,0.8164965809277259,0.875,0.375,0.4444444444444444,0.0
23,0.588235294117647,0.5477225575051661,0.4583333333333333,0.30000000000000004,0.36363636363636365,0.16666666666666666
24,0.588235294117647,0.5477225575051661,0.4583333333333333,0.30000000000000004,0.36363636363636365,0.16666666666666666
25,0.5,0.48038446141526137,0.3333333333333333,0.23076923076923078,0.2857142857142857,0.6666666666666666
26,0.0,0.0,0.0,0.0,0.0,0.5
27,0.0,0.0,0.0,0.0,0.0,0.5
30,0.625,0.8164965809277259,0.875,0.375,0.4444444444444444,0.0
32,0.625,0.8164965809277259,0.875,0.375,0.4444444444444444,0.0
33,0.625,0.8164965809277259,0.875,0.375,0.4444444444444444,0.0
34,0.588235294117647,0.5477225575051661,0.4583333333333333,0.30000000000000004,0.36363636363636365,0.16666666666666666
35,0.588235294117647,0.5477225575051661,0.4583333333333333,0.30000000000000004,0.36363636363636365,0.16666666666666666
36,0.6666666666666666,0.8660254037844385,0.9583333333333334,0.42857142857142855,0.5,0.3333333333333333
37,0.7692307692307693,0.7071067811865476,0.6249999999999999,0.5,0.5714285714285714,0.5
38,0.7692307692307693,0.7071067811865476,0.6249999999999999,0.5,0.5714285714285714,0.5
41,0.625,0.8164965809277259,0.875,0.375,0.4444444444444444,0.0
42,0.625,0.8164965809277259,0.875,0.375,0.4444444444444444,0.0
44,0.625,0.8164965809277259,0.875,0.375,0.4444444444444444,0.0
45,0.588235294117647,0.5477225575051661,0.4583333333333333,0.30000000000000004,0.36363636363636365,0.16666666666666666
46,0.6666666666666666,0.6123724356957945,0.5416666666666666,0.375,0.4444444444444444,0.16666666666666666
47,0.8333333333333333,0.7745966692414833,0.6666666666666666,0.6000000000000001,0.6666666666666666,0.6666666666666666
48,1.0,1.0,0.75,1.0,1.0,1.0
50,0.6666666666666666,0.6123724356957945,0.5416666666666666,0.375,0.4444444444444444,0.16666666666666666
51,0.6666666666666666,0.6123724356957945,0.5416666666666666,0.375,0.4444444444444444,0.16666666666666666
52,0.7142857142857142,0.6546536707079771,0.5833333333333333,0.42857142857142855,0.5,0.3333333333333333
53,0.0,0.0,0.08333333333333334,0.0,0.0,0.16666666666666666
55,0.625,0.8164965809277259,0.875,0.375,0.4444444444444444,0.0
56,0.625,0.8164965809277259,0.875,0.375,0.4444444444444444,0.0
