4,0,1.0,1.0,1.0,1.0,1.0
7,0,1.0,1.0,1.0,1.0,1.0
9,0,1.0,1.0,1.0,1.0,1.0
11,0,0.14890946442437825,0.058823529411764705,0.001839781328847771,0.05882352941176471,0.05882352941176471
12,0,0.14890946442437825,0.058823529411764705,0.001839781328847771,0.05882352941176471,0.05882352941176471
14,0,0.14890946442437825,0.058823529411764705,0.001839781328847771,0.05882352941176471,0.05882352941176471
19,0,0.9472698684634054,0.9117647058823529,0.30417717970283153,0.9117647058823529,0.9117647058823529
21,0,0.0,0.0,0.0,0.0,0.0
23,0,0.0,0.0,0.0,0.0,0.0
25,0,0.0,0.0,0.0,0.0,0.0
27,0,0.0,0.0,0.0,0.0,0.0
32,0,0.9291477283450473,0.8823529411764706,0.22077375946173255,0.8823529411764706,0.8823529411764706
33,0,0.9291477283450473,0.8823529411764706,0.22077375946173255,0.8823529411764706,0.8823529411764706
35,0,0.9291477283450473,0.8823529411764706,0.22077375946173255,0.8823529411764706,0.8823529411764706
37,0,0.9291477283450473,0.8823529411764706,0.22077375946173255,0.8823529411764706,0.8823529411764706
39,0,0.9291477283450473,0.8823529411764706,0.22077375946173255,0.8823529411764706,0.8823529411764706
43,0,1.0,1.0,1.0,1.0,1.0
