2,0,1.0,1.0,1.0,1.0,1.0
4,0,1.0,1.0,1.0,1.0,1.0
6,0,1.0,1.0,1.0,1.0,1.0
8,0,1.0,1.0,1.0,1.0,1.0
10,0,0.5844053540555001,0.4117647058823529,0.02060555088309504,0.4117647058823529,0.4117647058823529
12,0,1.0,1.0,1.0,1.0,1.0
13,0,1.0,1.0,1.0,1.0,1.0
15,0,0.0,0.0,0.0,0.0,0.0
16,0,0.0,0.0,0.0,0.0,0.0
18,0,0.9826837862666576,0.9705882352941176,0.9714045416316233,0.9705882352941176,0.9705882352941176
20,0,0.2948466678197942,0.14705882352941177,0.005075258838200748,0.14705882352941177,0.14705882352941177
21,0,0.2948466678197942,0.14705882352941177,0.005075258838200748,0.14705882352941177,0.14705882352941177
24,0,0.8729521918831358,0.7941176470588235,0.1135407905803196,0.7941176470588236,0.7941176470588236
26,0,0.55769180073097,0.38235294117647056,0.01822259601906364,0.3823529411764706,0.3823529411764706
27,0,0.55769180073097,0.38235294117647056,0.01822259601906364,0.3823529411764706,0.3823529411764706
30,0,1.0,1.0,1.0,1.0,1.0
32,0,1.0,1.0,1.0,1.0,1.0
