2,0.25,0.6329931618554523,0.6666666666666666,1.0,0.49999999999999994,0.0
6,0.25,0.6329931618554523,0.6666666666666666,1.0,0.49999999999999994,0.0
7,0.25,0.6329931618554523,0.6666666666666666,1.0,0.49999999999999994,0.0
9,0.25,0.6329931618554523,0.6666666666666666,1.0,0.49999999999999994,0.0
11,0.25,0.6329931618554523,0.6666666666666666,1.0,0.49999999999999994,0.0
12,0.25,0.6329931618554523,0.6666666666666666,1.0,0.49999999999999994,0.0
14,0.25,0.6329931618554523,0.6666666666666666,1.0,0.49999999999999994,0.0
15,0.25,0.6329931618554523,0.6666666666666666,1.0,0.49999999999999994,0.0
16,0.25,0.6329931618554523,0.6666666666666666,1.0,0.49999999999999994,0.0
18,0.25,0.6329931618554523,0.6666666666666666,1.0,0.49999999999999994,0.0
19,0.25,0.6329931618554523,0.6666666666666666,1.0,0.49999999999999994,0.0
21,0.25,0.6329931618554523,0.6666666666666666,1.0,0.49999999999999994,0.0
23,0.25,0.6329931618554523,0.6666666666666666,1.0,0.49999999999999994,0.0
24,0.25,0.6329931618554523,0.6666666666666666,1.0,0.49999999999999994,0.0
25,0.25,0.6329931618554523,0.6666666666666666,1.0,0.49999999999999994,0.0
27,0.25,0.6329931618554523,0.6666666666666666,1.0,0.49999999999999994,0.0
29,0.25,0.6329931618554523,0.6666666666666666,1.0,0.49999999999999994,0.0
30,0.25,0.6329931618554523,0.6666666666666666,1.0,0.49999999999999994,0.0
32,0.25,0.6329931618554523,0.6666666666666666,1.0,0.49999999999999994,0.0
34,0.25,0.6329931618554523,0.6666666666666666,1.0,0.49999999999999994,0.0
35,0.25,0.6329931618554523,0.6666666666666666,1.0,0.49999999999999994,0.0
37,0.0,0.0,0.0,0.0,0.0,0.5
38,0.0,0.0,0.0,0.0,0.0,0.5
39,0.0,0.0,0.0,0.0,0.0,0.5
41,0.25,0.6329931618554523,0.6666666666666666,1.0,0.49999999999999994,0.0
42,0.25,0.6329931618554523,0.6666666666666666,1.0,0.49999999999999994,0.0
43,0.25,0.6329931618554523,0.6666666666666666,1.0,0.49999999999999994,0.0
46,0.25,0.6329931618554523,0.6666666666666666,1.0,0.49999999999999994,0.0
48,0.25,0.6329931618554523,0.6666666666666666,1.0,0.49999999999999994,0.0
50,1.0,1.0,1.0,1.0,1.0,1.0
51,1.0,1.0,1.0,1.0,1.0,1.0
52,1.0,1.0,1.0,1.0,1.0,1.0
54,0.25,0.6329931618554523,0.6666666666666666,1.0,0.49999999999999994,0.0
56,1.0,0.4142135623730949,0.3333333333333333,0.3333333333333333,0.25,0.5
57,1.0,0.4142135623730949,0.3333333333333333,0.3333333333333333,0.25,0.5
59,0.25,0.6329931618554523,0.6666666666666666,1.0,0.49999999999999994,0.0
61,0.25,0.6329931618554523,0.6666666666666666,1.0,0.49999999999999994,0.0
62,0.25,0.6329931618554523,0.6666666666666666,1.0,0.49999999999999994,0.0
64,1.0,0.4142135623730949,0.3333333333333333,0.3333333333333333,0.25,0.5
65,1.0,0.4142135623730949,0.3333333333333333,0.3333333333333333,0.25,0.5
66,1.0,0.4142135623730949,0.3333333333333333,0.3333333333333333,0.25,0.5
68,0.25,0.6329931618554523,0.6666666666666666,1.0,0.49999999999999994,0.0
69,0.25,0.6329931618554523,0.6666666666666666,1.0,0.49999999999999994,0.0
72,0.25,0.6329931618554523,0.6666666666666666,1.0,0.49999999999999994,0.0
73,0.25,0.6329931618554523,0.6666666666666666,1.0,0.49999999999999994,0.0
75,0.25,0.6329931618554523,0.6666666666666666,1.0,0.49999999999999994,0.0
76,0.25,0.6329931618554523,0.6666666666666666,1.0,0.49999999999999994,0.0
