3,0.814814814814815,0.9034999574226257,0.9444444444444443,0.7777777777777776,0.8166666666666668,0.0
6,0.814814814814815,0.9034999574226257,0.9444444444444443,0.7777777777777776,0.8166666666666668,0.0
7,0.814814814814815,0.9034999574226257,0.9444444444444443,0.7777777777777776,0.8166666666666668,0.0
8,0.814814814814815,0.9034999574226257,0.9444444444444443,0.7777777777777776,0.8166666666666668,0.0
9,0.814814814814815,0.9034999574226257,0.9444444444444443,0.7777777777777776,0.8166666666666668,0.0
10,0.814814814814815,0.9034999574226257,0.9444444444444443,0.7777777777777776,0.8166666666666668,0.0
11,0.814814814814815,0.7162516368110247,0.6666666666666665,0.6666666666666665,0.7179487179487181,0.0
13,0.2156862745098041,0.28113092044980553,0.24999999999999997,0.17948717948717946,0.21777777777777776,1.0
15,0.814814814814815,0.9034999574226257,0.9444444444444443,0.7777777777777776,0.8166666666666668,0.0
16,0.814814814814815,0.9034999574226257,0.9444444444444443,0.7777777777777776,0.8166666666666668,0.0
17,0.814814814814815,0.9034999574226257,0.9444444444444443,0.7777777777777776,0.8166666666666668,0.0
18,0.814814814814815,0.9034999574226257,0.9444444444444443,0.7777777777777776,0.8166666666666668,0.0
19,1.0,1.0,1.0,1.0,1.0,0.39999999999999997
20,0.0,0.0,0.0,0.0,0.0,0.8000000000000002
21,0.814814814814815,0.9034999574226257,0.9444444444444443,0.7777777777777776,0.8166666666666668,0.0
22,0.814814814814815,0.7162516368110247,0.6666666666666665,0.6666666666666665,0.7179487179487181,0.0
24,0.2156862745098041,0.28113092044980553,0.24999999999999997,0.17948717948717946,0.21777777777777776,1.0
26,0.814814814814815,0.9034999574226257,0.9444444444444443,0.7777777777777776,0.8166666666666668,0.0
27,0.814814814814815,0.9034999574226257,0.9444444444444443,0.7777777777777776,0.8166666666666668,0.0
