5,0.0,0.240536184886392,0.4166666666666667,0.0,0.0,0.0
7,0.0,0.240536184886392,0.4166666666666667,0.0,0.0,0.0
8,0.0,0.240536184886392,0.4166666666666667,0.0,0.0,0.0
9,0.0,0.240536184886392,0.4166666666666667,0.0,0.0,0.0
10,0.0,0.240536184886392,0.4166666666666667,0.0,0.0,0.0
11,0.0,0.240536184886392,0.4166666666666667,0.0,0.0,0.0
13,0.0,0.240536184886392,0.4166666666666667,0.0,0.0,0.0
14,0.11111111111111097,0.31525730593129,0.5,0.07692307692307704,0.0857142857142857,0.1428571428571428
15,0.0,0.240536184886392,0.4166666666666667,0.0,0.0,0.0
17,0.0,0.240536184886392,0.4166666666666667,0.0,0.0,0.0
19,0.0,0.240536184886392,0.4166666666666667,0.0,0.0,0.0
21,0.0,0.240536184886392,0.4166666666666667,0.0,0.0,0.0
22,0.0,0.240536184886392,0.4166666666666667,0.0,0.0,0.0
24,0.11111111111111097,0.31525730593129,0.5,0.07692307692307704,0.0857142857142857,0.1428571428571428
25,0.11111111111111097,0.31525730593129,0.5,0.07692307692307704,0.0857142857142857,0.1428571428571428
27,0.11111111111111097,0.31525730593129,0.5,0.07692307692307704,0.0857142857142857,0.1428571428571428
28,0.11111111111111097,0.31525730593129,0.5,0.07692307692307704,0.0857142857142857,0.1428571428571428
30,0.3600000000000004,0.4897931031624451,0.6666666666666666,0.2727272727272728,0.2967032967032968,0.4285714285714286
31,0.3600000000000004,0.4897931031624451,0.6666666666666666,0.2727272727272728,0.2967032967032968,0.4285714285714286
33,0.6521739130434786,0.7099882121823119,0.8333333333333334,0.5555555555555556,0.5844155844155845,0.7142857142857142
34,0.6521739130434786,0.7099882121823119,0.8333333333333334,0.5555555555555556,0.5844155844155845,0.7142857142857142
36,1.0,1.0,1.0,1.0,1.0,1.0
37,1.0,1.0,1.0,1.0,1.0,1.0
38,1.0,1.0,1.0,1.0,1.0,1.0
39,1.0,1.0,1.0,1.0,1.0,1.0
44,0.3600000000000004,0.4897931031624451,0.6666666666666666,0.2727272727272728,0.2967032967032968,0.4285714285714286
45,0.3600000000000004,0.4897931031624451,0.6666666666666666,0.2727272727272728,0.2967032967032968,0.4285714285714286
47,0.6521739130434786,0.7099882121823119,0.8333333333333334,0.5555555555555556,0.5844155844155845,0.7142857142857142
48,0.6521739130434786,0.7099882121823119,0.8333333333333334,0.5555555555555556,0.5844155844155845,0.7142857142857142
49,0.6521739130434786,0.7099882121823119,0.8333333333333334,0.5555555555555556,0.5844155844155845,0.7142857142857142
50,0.6521739130434786,0.7099882121823119,0.8333333333333334,0.5555555555555556,0.5844155844155845,0.7142857142857142
53,0.3600000000000004,0.4897931031624451,0.6666666666666666,0.2727272727272728,0.2967032967032968,0.4285714285714286
55,0.11111111111111097,0.31525730593129,0.5,0.07692307692307704,0.0857142857142857,0.1428571428571428
57,0.0,0.240536184886392,0.4166666666666667,0.0,0.0,0.0
60,0.8181818181818183,0.0,0.0,0.40000000000000013,0.42857142857142855,0.4285714285714286
61,0.8181818181818183,0.0,0.0,0.40000000000000013,0.42857142857142855,0.4285714285714286
62,0.8181818181818183,0.0,0.0,0.40000000000000013,0.42857142857142855,0.4285714285714286
63,0.8181818181818183,0.0,0.0,0.40000000000000013,0.42857142857142855,0.4285714285714286
65,0.0,0.240536184886392,0.4166666666666667,0.0,0.0,0.0
