21,0.7,0.6614378277661477,0.7352941176470589,0.4,0.4375,0.0
23,0.7,0.6614378277661477,0.7352941176470589,0.4,0.4375,0.0
24,0.7,0.6614378277661477,0.7352941176470589,0.4,0.4375,0.0
25,0.7,0.6614378277661477,0.7352941176470589,0.4,0.4375,0.0
26,0.7,0.6614378277661477,0.7352941176470589,0.4,0.4375,0.0
27,0.7,0.6614378277661477,0.7352941176470589,0.4,0.4375,0.0
29,0.7,0.6614378277661477,0.7352941176470589,0.4,0.4375,0.0
30,0.7,0.6614378277661477,0.7352941176470589,0.4,0.4375,0.0
31,0.7,0.6614378277661477,0.7352941176470589,0.4,0.4375,0.0
32,0.4883720930232558,0.34740416688982556,0.3088235294117648,0.20689655172413793,0.23333333333333334,0.7222222222222223
35,0.7,0.6614378277661477,0.7352941176470589,0.4,0.4375,0.0
36,0.0,0.0,0.0,0.0,0.0,1.0
37,0.0,0.0,0.0,0.0,0.0,1.0
39,0.8235294117647058,0.780189497605494,0.8676470588235295,0.5714285714285714,0.6086956521739131,0.5000000000000001
40,0.8235294117647058,0.780189497605494,0.8676470588235295,0.5714285714285714,0.6086956521739131,0.5000000000000001
42,1.0,1.0,1.0,1.0,1.0,1.0
43,1.0,1.0,1.0,1.0,1.0,1.0
