2,0,1.0,1.0,1.0,1.0,1.0
5,0,1.0,1.0,1.0,1.0,1.0
6,0,1.0,1.0,1.0,1.0,1.0
7,0,0.12403473458920847,0.015384615384615385,0.0002403846153846154,0.015384615384615385,0.015384615384615385
8,0,0.4803844614152614,0.23076923076923078,0.004615384615384615,0.23076923076923078,0.23076923076923078
9,0,0.9922778767136677,0.9846153846153847,0.9846153846153847,0.9846153846153847,0.9846153846153847
10,0,0.21483446221182986,0.046153846153846156,0.0007444168734491315,0.046153846153846156,0.046153846153846156
11,0,0.21483446221182986,0.046153846153846156,0.0007444168734491315,0.046153846153846156,0.046153846153846156
13,0,0.9687422456265332,0.9384615384615385,0.23461538461538461,0.9384615384615385,0.9384615384615385
14,0,0.9687422456265332,0.9384615384615385,0.23461538461538461,0.9384615384615385,0.9384615384615385
15,0,0.9687422456265332,0.9384615384615385,0.23461538461538461,0.9384615384615385,0.9384615384615385
16,0,0.8320502943378437,0.6923076923076923,0.03461538461538462,0.6923076923076923,0.6923076923076923
17,0,0.8320502943378437,0.6923076923076923,0.03461538461538462,0.6923076923076923,0.6923076923076923
18,0,0.8320502943378437,0.6923076923076923,0.03461538461538462,0.6923076923076923,0.6923076923076923
19,0,0.8320502943378437,0.6923076923076923,0.03461538461538462,0.6923076923076923,0.6923076923076923
21,0,0.8593378488473195,0.7384615384615385,0.04343891402714933,0.7384615384615385,0.7384615384615385
22,0,0.8593378488473195,0.7384615384615385,0.04343891402714933,0.7384615384615385,0.7384615384615385
23,0,0.8593378488473195,0.7384615384615385,0.04343891402714933,0.7384615384615385,0.7384615384615385
24,0,0.8593378488473195,0.7384615384615385,0.04343891402714933,0.7384615384615385,0.7384615384615385
25,0,0.8593378488473195,0.7384615384615385,0.04343891402714933,0.7384615384615385,0.7384615384615385
27,0,0.0,0.0,0.0,0.0,0.0
29,0,0.9687422456265332,0.9384615384615385,0.23461538461538461,0.9384615384615385,0.9384615384615385
30,0,0.41137667560372115,0.16923076923076924,0.0031339031339031338,0.16923076923076924,0.16923076923076924
31,0,0.41137667560372115,0.16923076923076924,0.0031339031339031338,0.16923076923076924,0.16923076923076924
33,0,0.8770580193070292,0.7692307692307693,0.05128205128205129,0.7692307692307693,0.7692307692307693
34,0,0.8770580193070292,0.7692307692307693,0.05128205128205129,0.7692307692307693,0.7692307692307693
35,0,0.6679474875720741,0.4461538461538462,0.012393162393162394,0.4461538461538462,0.4461538461538462
36,0,0.6679474875720741,0.4461538461538462,0.012393162393162394,0.4461538461538462,0.4461538461538462
37,0,0.6679474875720741,0.4461538461538462,0.012393162393162394,0.4461538461538462,0.4461538461538462
38,0,0.5948496901286525,0.35384615384615387,0.008424908424908426,0.35384615384615387,0.35384615384615387
39,0,0.6679474875720741,0.4461538461538462,0.012393162393162394,0.4461538461538462,0.4461538461538462
41,0,0.8770580193070292,0.7692307692307693,0.05128205128205129,0.7692307692307693,0.7692307692307693
42,0,0.8770580193070292,0.7692307692307693,0.05128205128205129,0.7692307692307693,0.7692307692307693
43,0,0.8770580193070292,0.7692307692307693,0.05128205128205129,0.7692307692307693,0.7692307692307693
