4,0.33035714285714324,1.0,1.0,1.0,1.0,0.0
6,0.33035714285714324,1.0,1.0,1.0,1.0,0.0
7,0.33035714285714324,1.0,1.0,1.0,1.0,0.0
9,0.33035714285714324,1.0,1.0,1.0,1.0,0.0
10,0.33035714285714324,1.0,1.0,1.0,1.0,0.0
11,0.33035714285714324,1.0,1.0,1.0,1.0,0.0
12,0.0,0.40108321049079343,0.391304347826087,0.18695652173913044,0.3997001499250376,1.0
15,1.0,0.0,0.0,0.0,0.0,1.0
16,1.0,0.0,0.0,0.0,0.0,1.0
17,1.0,0.0,0.0,0.0,0.0,1.0
19,1.0,0.0,0.0,0.0,0.0,1.0
21,1.0,0.0,0.0,0.0,0.0,1.0
23,1.0,0.0,0.0,0.0,0.0,1.0
26,1.0,0.0,0.0,0.0,0.0,1.0
27,1.0,0.0,0.0,0.0,0.0,1.0
32,0.33035714285714324,1.0,1.0,1.0,1.0,0.0
