4,0.8125000000000001,0.8069012180761342,0.71875,0.5733333333333334,0.7818181818181817,0.0
6,0.8125000000000001,0.8069012180761342,0.71875,0.5733333333333334,0.7818181818181817,0.0
9,0.8125000000000001,1.0,1.0,1.0,1.0,0.0
10,0.8125000000000001,1.0,1.0,1.0,1.0,0.0
11,0.8125000000000001,1.0,1.0,1.0,1.0,0.0
13,0.8125000000000001,1.0,1.0,1.0,1.0,0.0
16,0.8125000000000001,1.0,1.0,1.0,1.0,0.0
17,0.8125000000000001,1.0,1.0,1.0,1.0,0.0
18,0.6500000000000001,0.8759143902193156,0.84375,0.6799999999999999,0.8500000000000001,0.3333333333333333
19,0.6500000000000001,0.8759143902193156,0.84375,0.6799999999999999,0.8500000000000001,0.3333333333333333
20,0.2500000000000002,0.5988661933902687,0.53125,0.3142857142857143,0.55,1.0
21,0.2500000000000002,0.5988661933902687,0.53125,0.3142857142857143,0.55,1.0
22,0.2500000000000002,0.5988661933902687,0.53125,0.3142857142857143,0.55,1.0
23,0.2500000000000002,0.5988661933902687,0.53125,0.3142857142857143,0.55,1.0
24,0.2500000000000002,0.5988661933902687,0.53125,0.3142857142857143,0.55,1.0
25,0.2500000000000002,0.5988661933902687,0.53125,0.3142857142857143,0.55,1.0
26,0.2500000000000002,0.5988661933902687,0.53125,0.3142857142857143,0.55,1.0
31,0.8125000000000001,1.0,1.0,1.0,1.0,0.0
32,0.8125000000000001,1.0,1.0,1.0,1.0,0.0
33,0.8125000000000001,1.0,1.0,1.0,1.0,0.0
35,0.8125000000000001,1.0,1.0,1.0,1.0,0.0
36,1.0,0.9402065432639897,0.875,0.8666666666666667,0.9454545454545455,0.3333333333333333
37,1.0,0.9402065432639897,0.875,0.8666666666666667,0.9454545454545455,0.3333333333333333
38,0.5909090909090909,0.6619633950585885,0.5625,0.3777777777777778,0.6181818181818182,0.3333333333333333
40,1.0,0.9402065432639897,0.875,0.8666666666666667,0.9454545454545455,0.3333333333333333
42,1.0,0.9402065432639897,0.875,0.8666666666666667,0.9454545454545455,0.3333333333333333
43,1.0,0.9402065432639897,0.875,0.8666666666666667,0.9454545454545455,0.3333333333333333
44,1.0,0.9402065432639897,0.875,0.8666666666666667,0.9454545454545455,0.3333333333333333
45,1.0,0.9402065432639897,0.875,0.8666666666666667,0.9454545454545455,0.3333333333333333
46,0.0,0.0,0.0,0.0,0.0,0.3333333333333333
47,0.8125000000000001,1.0,1.0,1.0,1.0,0.0
