8,0.58,0.9428090415820632,1.0,0.39999999999999997,0.4444444444444444,0.0
14,0.58,0.9428090415820632,1.0,0.39999999999999997,0.4444444444444444,0.0
15,0.58,0.9428090415820632,1.0,0.39999999999999997,0.4444444444444444,0.0
16,0.58,0.9428090415820632,1.0,0.39999999999999997,0.4444444444444444,0.0
17,0.58,0.9428090415820632,1.0,0.39999999999999997,0.4444444444444444,0.0
18,0.58,0.9428090415820632,1.0,0.39999999999999997,0.4444444444444444,0.0
20,0.5337423312883436,0.757936728959867,0.7204968944099379,0.3333333333333333,0.375,0.619047619047619
21,0.5337423312883436,0.757936728959867,0.7204968944099379,0.3333333333333333,0.375,0.619047619047619
22,0.5337423312883436,0.757936728959867,0.7204968944099379,0.3333333333333333,0.375,0.619047619047619
23,0.5337423312883436,0.757936728959867,0.7204968944099379,0.3333333333333333,0.375,0.619047619047619
24,0.5918367346938775,0.48038446141526137,0.2857142857142857,0.3333333333333333,0.375,0.04761904761904766
25,0.5918367346938775,0.48038446141526137,0.2857142857142857,0.3333333333333333,0.375,0.04761904761904766
27,0.5087719298245613,0.5940885257860045,0.4782608695652174,0.2941176470588235,0.3333333333333333,0.6666666666666666
28,0.0,0.0,0.0,0.0,0.0,0.6666666666666666
29,0.0,0.0,0.0,0.0,0.0,0.6666666666666666
32,0.58,0.6666666666666666,0.5217391304347826,0.37037037037037035,0.41379310344827586,0.0
33,1.0,1.0,0.3478260869565218,1.0,1.0,0.9999999999999999
34,1.0,1.0,0.3478260869565218,1.0,1.0,0.9999999999999999
37,0.4084507042253521,0.3535533905932738,0.2173913043478261,0.19230769230769232,0.2222222222222222,1.0
38,0.4084507042253521,0.3535533905932738,0.2173913043478261,0.19230769230769232,0.2222222222222222,1.0
39,0.4084507042253521,0.3535533905932738,0.2173913043478261,0.19230769230769232,0.2222222222222222,1.0
40,0.5686274509803921,0.4629100498862757,0.27950310559006214,0.3125,0.35294117647058826,0.04761904761904766
43,0.58,0.9428090415820632,1.0,0.39999999999999997,0.4444444444444444,0.0
