11,0.21363636363636415,1.0,1.0,1.0,1.0,0.0
13,0.21363636363636415,1.0,1.0,1.0,1.0,0.0
14,1.0,0.7762310180388855,0.6226415094339625,0.7758620689655171,0.8275862068965515,1.0
15,0.21363636363636415,1.0,1.0,1.0,1.0,0.0
18,0.0,0.0,0.0,0.0,0.0,0.2500000000000008
20,0.0,0.0,0.0,0.0,0.0,0.2500000000000008
21,0.0,0.0,0.0,0.0,0.0,0.2500000000000008
23,0.0,0.0,0.0,0.0,0.0,0.2500000000000008
24,0.0,0.0,0.0,0.0,0.0,0.2500000000000008
25,0.0,0.0,0.0,0.0,0.0,0.2500000000000008
26,0.0,0.0,0.0,0.0,0.0,0.2500000000000008
28,0.0,0.0,0.0,0.0,0.0,0.2500000000000008
31,0.21363636363636415,1.0,1.0,1.0,1.0,0.0
34,0.21363636363636415,1.0,1.0,1.0,1.0,0.0
35,0.21363636363636415,1.0,1.0,1.0,1.0,0.0
37,0.21363636363636415,1.0,1.0,1.0,1.0,0.0
40,0.21363636363636415,1.0,1.0,1.0,1.0,0.0
41,0.21363636363636415,1.0,1.0,1.0,1.0,0.0
43,0.21363636363636415,1.0,1.0,1.0,1.0,0.0
44,0.21363636363636415,1.0,1.0,1.0,1.0,0.0
46,0.0,0.0,0.0,0.0,0.0,0.2500000000000008
47,0.0,0.0,0.0,0.0,0.0,0.2500000000000008
50,0.21363636363636415,1.0,1.0,1.0,1.0,0.0
52,0.21363636363636415,1.0,1.0,1.0,1.0,0.0
