2,0,1.0,1.0,1.0,1.0,1.0
6,0,1.0,1.0,1.0,1.0,1.0
7,0,1.0,1.0,1.0,1.0,1.0
10,0,1.0,1.0,1.0,1.0,1.0
12,0,1.0,1.0,1.0,1.0,1.0
13,0,1.0,1.0,1.0,1.0,1.0
15,0,0.9258200997725515,0.8571428571428571,0.12244897959183673,0.8571428571428571,0.8571428571428571
16,0,0.9258200997725515,0.8571428571428571,0.12244897959183673,0.8571428571428571,0.8571428571428571
18,0,0.9258200997725515,0.8571428571428571,0.12244897959183673,0.8571428571428571,0.8571428571428571
19,0,0.9258200997725515,0.8571428571428571,0.12244897959183673,0.8571428571428571,0.8571428571428571
20,0,0.9258200997725515,0.8571428571428571,0.12244897959183673,0.8571428571428571,0.8571428571428571
21,0,0.9258200997725515,0.8571428571428571,0.12244897959183673,0.8571428571428571,0.8571428571428571
23,0,0.3779644730092272,0.14285714285714285,0.003401360544217687,0.14285714285714285,0.14285714285714285
24,0,0.3779644730092272,0.14285714285714285,0.003401360544217687,0.14285714285714285,0.14285714285714285
26,0,0.0,0.0,0.0,0.0,0.0
31,0,0.3779644730092272,0.14285714285714285,0.003401360544217687,0.14285714285714285,0.14285714285714285
