4,0,1.0,1.0,1.0,1.0,1.0
6,0,1.0,1.0,1.0,1.0,1.0
7,0,1.0,1.0,1.0,1.0,1.0
8,0,1.0,1.0,1.0,1.0,1.0
9,0,1.0,1.0,1.0,1.0,1.0
11,0,0.0,0.0,0.0,0.0,0.0
12,0,0.0,0.0,0.0,0.0,0.0
14,0,0.872620626512576,0.8235294117647058,0.27695351137487634,0.8235294117647058,0.8235294117647058
15,0,0.26183089087104544,0.17647058823529413,0.012717253073336158,0.17647058823529413,0.17647058823529413
18,0,0.57829370166556,0.47058823529411764,0.05275304978569074,0.4705882352941177,0.4705882352941177
19,0,0.57829370166556,0.47058823529411764,0.05275304978569074,0.4705882352941177,0.4705882352941177
20,0,0.57829370166556,0.47058823529411764,0.05275304978569074,0.4705882352941177,0.4705882352941177
21,0,0.57829370166556,0.47058823529411764,0.05275304978569074,0.4705882352941177,0.4705882352941177
22,0,0.4001249078720612,0.29411764705882354,0.024727992087042527,0.29411764705882354,0.29411764705882354
24,0,0.57829370166556,0.47058823529411764,0.05275304978569074,0.4705882352941177,0.4705882352941177
25,0,0.57829370166556,0.47058823529411764,0.05275304978569074,0.4705882352941177,0.4705882352941177
