4,0.3695652173913044,1.0,1.0,1.0,1.0,0.0
7,0.3695652173913044,1.0,1.0,1.0,1.0,0.0
8,0.3695652173913044,1.0,1.0,1.0,1.0,0.0
9,0.3695652173913044,1.0,1.0,1.0,1.0,0.0
10,0.3695652173913044,1.0,1.0,1.0,1.0,0.0
11,0.3695652173913044,1.0,1.0,1.0,1.0,0.0
12,0.3695652173913044,1.0,1.0,1.0,1.0,0.0
13,1.0,0.14705529380209315,0.049479166666666664,0.0047034863986810845,0.05240297346356643,0.5882352941176471
15,1.0,0.14705529380209315,0.049479166666666664,0.0047034863986810845,0.05240297346356643,0.5882352941176471
20,0.3333333333333333,0.921391970082985,0.8828125,0.3925336867682792,0.8832007952286282,0.5882352941176473
22,0.29268292682926833,0.10238202401665712,0.036458333333333336,0.003408122692416927,0.038478804591804014,0.14705882352941174
23,0.29268292682926833,0.10238202401665712,0.036458333333333336,0.003408122692416927,0.038478804591804014,0.14705882352941174
27,0.3387622149837134,0.8533127740593474,0.7786458333333334,0.23963908854564916,0.7866939775488483,0.4411764705882355
28,0.3387622149837134,0.8533127740593474,0.7786458333333334,0.23963908854564916,0.7866939775488483,0.4411764705882355
29,0.3387622149837134,0.8533127740593474,0.7786458333333334,0.23963908854564916,0.7866939775488483,0.4411764705882355
30,0.0,0.0,0.0,0.0,0.0,1.0
32,0.4176706827309238,0.8157884888089503,0.7109374999999999,0.18939695162359177,0.7322047098850197,0.5588235294117648
36,0.3695652173913044,1.0,1.0,1.0,1.0,0.0
