3,1.0,1.0,1.0,1.0,1.0,0.0
5,1.0,1.0,1.0,1.0,1.0,0.0
6,1.0,1.0,1.0,1.0,1.0,0.0
7,1.0,1.0,1.0,1.0,1.0,0.0
8,0.5195415809579783,0.43861648042184154,0.37748344370860926,0.4436813186813187,0.4564935064935064,0.8653846153846152
9,0.2646600934094447,0.2243665011791505,0.17880794701986757,0.2207792207792208,0.22981366459627325,1.0
10,0.0,0.0,0.0,0.0,0.0,0.7884615384615384
11,0.6298240197591851,0.10747331789163958,0.03311258278145698,0.3035714285714286,0.31462585034013596,0.2115384615384615
12,1.0,1.0,1.0,1.0,1.0,0.0
13,1.0,1.0,1.0,1.0,1.0,0.0
14,1.0,1.0,1.0,1.0,1.0,0.0
