2,0.281904761904762,0.8715521962172177,1.0,0.3999999999999999,0.4516129032258065,0.0
3,0.281904761904762,0.8715521962172177,1.0,0.3999999999999999,0.4516129032258065,0.0
4,0.281904761904762,0.8715521962172177,1.0,0.3999999999999999,0.4516129032258065,0.0
5,0.281904761904762,0.8715521962172177,1.0,0.3999999999999999,0.4516129032258065,0.0
6,0.281904761904762,0.8715521962172177,1.0,0.3999999999999999,0.4516129032258065,0.0
7,0.281904761904762,0.8715521962172177,1.0,0.3999999999999999,0.4516129032258065,0.0
9,0.281904761904762,0.8715521962172177,1.0,0.3999999999999999,0.4516129032258065,0.0
10,0.0,0.0,0.0,0.0,0.0,0.30769230769230776
11,0.0,0.0,0.0,0.0,0.0,0.30769230769230776
12,0.0,0.0,0.0,0.0,0.0,0.30769230769230776
15,0.45962732919254656,0.6468477067254824,0.5444444444444445,0.43749999999999994,0.4900000000000001,0.3076923076923075
16,1.0,1.0,0.6111111111111113,1.0,1.0,1.0
17,1.0,1.0,0.6111111111111113,1.0,1.0,1.0
19,0.281904761904762,0.8715521962172177,1.0,0.3999999999999999,0.4516129032258065,0.0
20,0.281904761904762,0.8715521962172177,1.0,0.3999999999999999,0.4516129032258065,0.0
