3,0.813008130081301,0.9682458365518544,0.98828125,0.8536585365853658,0.8750000000000001,0.0
5,0.813008130081301,0.9682458365518544,0.98828125,0.8536585365853658,0.8750000000000001,0.0
7,0.813008130081301,0.9682458365518544,0.98828125,0.8536585365853658,0.8750000000000001,0.0
9,0.813008130081301,0.9682458365518544,0.98828125,0.8536585365853658,0.8750000000000001,0.0
10,0.813008130081301,0.9682458365518544,0.98828125,0.8536585365853658,0.8750000000000001,0.0
11,0.813008130081301,0.9682458365518544,0.98828125,0.8536585365853658,0.8750000000000001,0.0
12,0.813008130081301,0.9682458365518544,0.98828125,0.8536585365853658,0.8750000000000001,0.0
13,0.7266121707538603,0.6672848092813054,0.54296875,0.625,0.6666666666666666,0.527027027027027
14,0.7266121707538603,0.6672848092813054,0.54296875,0.625,0.6666666666666666,0.527027027027027
15,0.7266121707538603,0.6672848092813054,0.54296875,0.625,0.6666666666666666,0.527027027027027
18,0.813008130081301,0.9682458365518544,0.98828125,0.8536585365853658,0.8750000000000001,0.0
19,0.8438818565400845,1.0,1.0,0.9210526315789472,0.9333333333333333,0.2837837837837836
20,0.8032128514056226,0.887227147725884,0.8437500000000001,0.8108108108108109,0.8372093023255814,0.08108108108108128
21,0.8032128514056226,0.887227147725884,0.8437500000000001,0.8108108108108109,0.8372093023255814,0.08108108108108128
22,0.6633499170812605,0.6218367858085815,0.5234375000000001,0.5405405405405406,0.5853658536585367,1.0
23,0.7554296506137868,0.6884737104878562,0.55078125,0.6666666666666666,0.7058823529411765,0.3378378378378381
24,1.0,0.7683612488578246,0.44921875000000006,1.0,1.0,0.6216216216216215
25,0.0,0.0,0.0,0.0,0.0,0.0
26,0.0,0.0,0.0,0.0,0.0,0.0
27,0.0,0.0,0.0,0.0,0.0,0.0
28,0.0,0.0,0.0,0.0,0.0,0.0
30,1.0,0.7683612488578246,0.44921875000000006,1.0,1.0,0.6216216216216215
32,0.43572984749455335,0.2324254905199888,0.10156250000000001,0.22727272727272727,0.2608695652173913,0.9594594594594595
33,0.6410256410256411,0.30304576336566325,0.12890625,0.3333333333333333,0.375,0.2972972972972973
34,0.8032128514056227,0.3622089663122214,0.14062500000000003,0.41666666666666663,0.46153846153846156,0.01351351351351351
35,0.8032128514056227,0.3622089663122214,0.14062500000000003,0.41666666666666663,0.46153846153846156,0.01351351351351351
37,0.813008130081301,0.9682458365518544,0.98828125,0.8536585365853658,0.8750000000000001,0.0
39,0.813008130081301,0.9682458365518544,0.98828125,0.8536585365853658,0.8750000000000001,0.0
