2,0,1.0,1.0,1.0,1.0,1.0
5,0,1.0,1.0,1.0,1.0,1.0
6,0,1.0,1.0,1.0,1.0,1.0
8,0,0.674199862463242,0.45454545454545453,0.025252525252525252,0.45454545454545453,0.45454545454545453
13,0,0.7385489458759964,0.5454545454545454,0.03636363636363636,0.5454545454545454,0.5454545454545454
15,0,0.3481553119113957,0.12121212121212122,0.004179728317659352,0.12121212121212122,0.12121212121212122
16,0,0.17407765595569785,0.030303030303030304,0.000946969696969697,0.030303030303030304,0.030303030303030304
18,0,0.30151134457776363,0.09090909090909091,0.0030303030303030303,0.09090909090909091,0.09090909090909091
21,0,0.7385489458759964,0.5454545454545454,0.03636363636363636,0.5454545454545454,0.5454545454545454
23,0,0.3892494720807615,0.15151515151515152,0.005411255411255411,0.15151515151515152,0.15151515151515152
24,0,0.17407765595569785,0.030303030303030304,0.000946969696969697,0.030303030303030304,0.030303030303030304
27,0,0.3481553119113957,0.12121212121212122,0.004179728317659352,0.12121212121212122,0.12121212121212122
28,0,0.3481553119113957,0.12121212121212122,0.004179728317659352,0.12121212121212122,0.12121212121212122
29,0,0.3481553119113957,0.12121212121212122,0.004179728317659352,0.12121212121212122,0.12121212121212122
30,0,0.0,0.0,0.0,0.0,0.0
32,0,0.3481553119113957,0.12121212121212122,0.004179728317659352,0.12121212121212122,0.12121212121212122
36,0,0.7385489458759964,0.5454545454545454,0.03636363636363636,0.5454545454545454,0.5454545454545454
38,0,0.30151134457776363,0.09090909090909091,0.0030303030303030303,0.09090909090909091,0.09090909090909091
39,0,0.24618298195866545,0.06060606060606061,0.0019550342130987292,0.06060606060606061,0.06060606060606061
42,0,0.17407765595569785,0.030303030303030304,0.000946969696969697,0.030303030303030304,0.030303030303030304
43,0,0.17407765595569785,0.030303030303030304,0.000946969696969697,0.030303030303030304,0.030303030303030304
44,0,0.17407765595569785,0.030303030303030304,0.000946969696969697,0.030303030303030304,0.030303030303030304
45,0,0.0,0.0,0.0,0.0,0.0
47,0,0.17407765595569785,0.030303030303030304,0.000946969696969697,0.030303030303030304,0.030303030303030304
52,0,0.7385489458759964,0.5454545454545454,0.03636363636363636,0.5454545454545454,0.5454545454545454
54,0,0.3481553119113957,0.12121212121212122,0.004179728317659352,0.12121212121212122,0.12121212121212122
55,0,0.17407765595569785,0.030303030303030304,0.000946969696969697,0.030303030303030304,0.030303030303030304
58,0,0.30151134457776363,0.09090909090909091,0.0030303030303030303,0.09090909090909091,0.09090909090909091
59,0,0.30151134457776363,0.09090909090909091,0.0030303030303030303,0.09090909090909091,0.09090909090909091
60,0,0.30151134457776363,0.09090909090909091,0.0030303030303030303,0.09090909090909091,0.09090909090909091
61,0,0.17407765595569785,0.030303030303030304,0.000946969696969697,0.030303030303030304,0.030303030303030304
63,0,0.24618298195866545,0.06060606060606061,0.0019550342130987292,0.06060606060606061,0.06060606060606061
68,0,0.7385489458759964,0.5454545454545454,0.03636363636363636,0.5454545454545454,0.5454545454545454
70,0,0.24618298195866545,0.06060606060606061,0.0019550342130987292,0.06060606060606061,0.06060606060606061
71,0,0.24618298195866545,0.06060606060606061,0.0019550342130987292,0.06060606060606061,0.06060606060606061
72,0,0.24618298195866545,0.06060606060606061,0.0019550342130987292,0.06060606060606061,0.06060606060606061
73,0,0.17407765595569785,0.030303030303030304,0.000946969696969697,0.030303030303030304,0.030303030303030304
75,0,0.17407765595569785,0.030303030303030304,0.000946969696969697,0.030303030303030304,0.030303030303030304
79,0,1.0,1.0,1.0,1.0,1.0
