1,0,1.0,1.0,1.0,1.0,1.0
3,0,1.0,1.0,1.0,1.0,1.0
4,0,1.0,1.0,1.0,1.0,1.0
5,0,1.0,1.0,1.0,1.0,1.0
6,0,1.0,1.0,1.0,1.0,1.0
7,0,1.0,1.0,1.0,1.0,1.0
9,0,1.0,1.0,1.0,1.0,1.0
11,0,0.8829049191398408,0.8518518518518519,0.21527093596059113,0.8518518518518519,0.8518518518518519
12,0,0.6599953479795242,0.5925925925925926,0.054455888938647556,0.5925925925925926,0.5925925925925926
13,0,0.6599953479795242,0.5925925925925926,0.054455888938647556,0.5925925925925926,0.5925925925925926
14,0,0.6599953479795242,0.5925925925925926,0.054455888938647556,0.5925925925925926,0.5925925925925926
17,0,1.0,1.0,1.0,1.0,1.0
18,0,0.6599953479795242,0.5925925925925926,0.054455888938647556,0.5925925925925926,0.5925925925925926
20,0,0.7263669683195018,0.6666666666666666,0.0748768472906404,0.6666666666666667,0.6666666666666667
22,0,1.0,1.0,1.0,1.0,1.0
23,0,0.0,0.0,0.0,0.0,0.0
26,0,0.6599953479795242,0.5925925925925926,0.054455888938647556,0.5925925925925926,0.5925925925925926
27,0,0.6599953479795242,0.5925925925925926,0.054455888938647556,0.5925925925925926,0.5925925925925926
28,0,0.36599413628255145,0.2962962962962963,0.015763546798029555,0.2962962962962963,0.2962962962962963
29,0,0.36599413628255145,0.2962962962962963,0.015763546798029555,0.2962962962962963,0.2962962962962963
31,0,0.6599953479795242,0.5925925925925926,0.054455888938647556,0.5925925925925926,0.5925925925925926
32,0,0.6599953479795242,0.5925925925925926,0.054455888938647556,0.5925925925925926,0.5925925925925926
33,0,0.6599953479795242,0.5925925925925926,0.054455888938647556,0.5925925925925926,0.5925925925925926
34,0,0.32517009779457245,0.25925925925925924,0.01310344827586207,0.2592592592592592,0.2592592592592592
35,0,0.23996692122357902,0.18518518518518517,0.008508732646663682,0.18518518518518515,0.18518518518518515
36,0,0.23996692122357902,0.18518518518518517,0.008508732646663682,0.18518518518518515,0.18518518518518515
38,0,0.23996692122357902,0.18518518518518517,0.008508732646663682,0.18518518518518515,0.18518518518518515
39,0,0.14925001981746563,0.1111111111111111,0.004679802955665026,0.11111111111111106,0.11111111111111106
40,0,0.14925001981746563,0.1111111111111111,0.004679802955665026,0.11111111111111106,0.11111111111111106
42,0,0.0,0.0,0.0,0.0,0.0
43,0,0.32517009779457245,0.25925925925925924,0.01310344827586207,0.2592592592592592,0.2592592592592592
47,0,1.0,1.0,1.0,1.0,1.0
