2,0.11458333333333334,1.0,1.0,1.0,1.0,0.0
3,0.11458333333333334,1.0,1.0,1.0,1.0,0.0
5,0.11458333333333334,1.0,1.0,1.0,1.0,0.0
6,0.11458333333333334,1.0,1.0,1.0,1.0,0.0
7,0.11458333333333334,1.0,1.0,1.0,1.0,0.0
8,0.11458333333333334,1.0,1.0,1.0,1.0,0.0
9,0.11458333333333334,1.0,1.0,1.0,1.0,0.0
11,0.11458333333333334,1.0,1.0,1.0,1.0,0.0
13,0.11458333333333334,1.0,1.0,1.0,1.0,0.0
14,1.0,0.0,0.0,0.0,0.0,1.0
15,0.0,0.7804868711558699,0.7916666666666666,0.6888888888888889,0.7984848484848485,0.9999999999999998
17,0.0,0.315064917388314,0.325,0.274074074074074,0.40320512820512827,0.5333333333333337
18,0.0,0.315064917388314,0.325,0.274074074074074,0.40320512820512827,0.5333333333333337
20,0.0,0.7804868711558699,0.7916666666666666,0.6888888888888889,0.7984848484848485,0.9999999999999998
22,0.15000000000000024,0.2781712483279415,0.2625,0.2392156862745098,0.3600694444444445,0.13333333333333341
23,0.15000000000000024,0.2781712483279415,0.2625,0.2392156862745098,0.3600694444444445,0.13333333333333341
26,0.11458333333333334,1.0,1.0,1.0,1.0,0.0
