3,0.9761904761904762,1.0,1.0,1.0,1.0,0.0
5,0.9761904761904762,1.0,1.0,1.0,1.0,0.0
6,0.956268221574344,0.9725495522485974,0.9584487534626038,0.896,0.96,0.7000000000000017
7,0.9761904761904762,1.0,1.0,1.0,1.0,0.0
8,0.9761904761904762,1.0,1.0,1.0,1.0,0.0
9,0.9761904761904762,1.0,1.0,1.0,1.0,0.0
10,0.9761904761904762,1.0,1.0,1.0,1.0,0.0
11,0.9761904761904762,1.0,1.0,1.0,1.0,0.0
13,0.9499736703528171,0.9289256467246757,0.8781163434903047,0.7699999999999999,0.903157894736842,0.8500000000000019
14,0.9499736703528171,0.9289256467246757,0.8781163434903047,0.7699999999999999,0.903157894736842,0.8500000000000019
16,0.9425287356321841,0.8831760866327846,0.7977839335180055,0.6588235294117647,0.8432432432432432,1.0
18,0.9425287356321841,0.8831760866327846,0.7977839335180055,0.6588235294117647,0.8432432432432432,1.0
19,0.9425287356321841,0.8831760866327846,0.7977839335180055,0.6588235294117647,0.8432432432432432,1.0
23,0.9761904761904762,1.0,1.0,1.0,1.0,0.0
24,0.9425287356321841,0.8831760866327846,0.7977839335180055,0.6588235294117647,0.8432432432432432,1.0
25,0.0,0.0,0.0,0.0,0.0,0.0
26,0.9761904761904762,1.0,1.0,1.0,1.0,0.0
28,0.9761904761904762,1.0,1.0,1.0,1.0,0.0
30,0.9761904761904762,1.0,1.0,1.0,1.0,0.0
32,0.9761904761904762,1.0,1.0,1.0,1.0,0.0
34,0.9761904761904762,1.0,1.0,1.0,1.0,0.0
35,0.9761904761904762,1.0,1.0,1.0,1.0,0.0
37,0.9425287356321841,0.6244997998398398,0.39889196675900274,0.26666666666666666,0.5032258064516129,0.5
38,0.9425287356321841,0.6244997998398398,0.39889196675900274,0.26666666666666666,0.5032258064516129,0.5
42,1.0,0.781303259054188,0.6011080332409973,0.4666666666666667,0.709090909090909,0.500000000000001
43,1.0,0.781303259054188,0.6011080332409973,0.4666666666666667,0.709090909090909,0.500000000000001
45,0.9761904761904762,1.0,1.0,1.0,1.0,0.0
46,0.9761904761904762,1.0,1.0,1.0,1.0,0.0
47,0.9761904761904762,1.0,1.0,1.0,1.0,0.0
48,0.9761904761904762,1.0,1.0,1.0,1.0,0.0
