5,0.4458376872169976,1.0,1.0,0.8921496698459281,0.9137737961926093,0.0
7,0.4458376872169976,1.0,1.0,0.8921496698459281,0.9137737961926093,0.0
8,0.4458376872169976,1.0,1.0,0.8921496698459281,0.9137737961926093,0.0
9,0.4458376872169976,1.0,1.0,0.8921496698459281,0.9137737961926093,0.0
11,0.4458376872169976,1.0,1.0,0.8921496698459281,0.9137737961926093,0.0
12,0.0,0.2878820836411558,0.22655426765015804,0.28510638297872337,0.338149430974765,0.9302325581395346
14,0.4458376872169976,1.0,1.0,0.8921496698459281,0.9137737961926093,0.0
16,0.6905853790126787,0.9085047220404989,0.7154899894625922,1.0,1.0,0.9302325581395346
18,0.6905853790126787,0.9085047220404989,0.7154899894625922,1.0,1.0,0.9302325581395346
20,0.8121827411167515,0.6934751541437649,0.4204425711275026,0.8085106382978723,0.8439716312056738,0.8139534883720928
22,0.9284332688588011,0.22830082897888476,0.06217070600632244,0.17787234042553193,0.21702127659574472,0.25581395348837205
23,0.9284332688588011,0.22830082897888476,0.06217070600632244,0.17787234042553193,0.21702127659574472,0.25581395348837205
26,0.8606777837547069,0.6461658858191593,0.3614330874604847,0.7525368248772504,0.7957446808510641,0.7906976744186046
27,0.8606777837547069,0.6461658858191593,0.3614330874604847,0.7525368248772504,0.7957446808510641,0.7906976744186046
28,0.8606777837547069,0.6461658858191593,0.3614330874604847,0.7525368248772504,0.7957446808510641,0.7906976744186046
30,0.8606777837547069,0.6461658858191593,0.3614330874604847,0.7525368248772504,0.7957446808510641,0.7906976744186046
32,0.8606777837547069,0.6461658858191593,0.3614330874604847,0.7525368248772504,0.7957446808510641,0.7906976744186046
34,0.22377622377622358,0.0,0.0,0.0,0.0,0.08139534883720931
35,0.22377622377622358,0.0,0.0,0.0,0.0,0.08139534883720931
38,1.0,0.6911991522233204,0.363540569020021,0.8287234042553192,0.8610844200411807,1.0
42,0.6905853790126787,0.9085047220404989,0.7154899894625922,1.0,1.0,0.9302325581395346
43,0.6905853790126787,0.9085047220404989,0.7154899894625922,1.0,1.0,0.9302325581395346
44,0.7246845681009384,0.8267071909858978,0.5974710221285564,0.9369211514392991,0.9500709219858158,0.8837209302325585
45,0.6905853790126787,0.9085047220404989,0.7154899894625922,1.0,1.0,0.9302325581395346
47,0.5194805194805198,0.03263399718298574,0.001053740779768181,0.008085106382978742,0.010334346504559253,0.023255813953488358
48,0.5194805194805198,0.03263399718298574,0.001053740779768181,0.008085106382978742,0.010334346504559253,0.023255813953488358
54,0.4458376872169976,1.0,1.0,0.8921496698459281,0.9137737961926093,0.0
55,0.2237762237762238,0.5529593217786564,0.46364594309799784,0.5174468085106383,0.5787234042553192,0.7325581395348838
57,0.7288571994454348,0.7228524736468968,0.4783983140147523,0.824159231297186,0.8572340425531917,0.7325581395348838
60,0.4458376872169976,1.0,1.0,0.8921496698459281,0.9137737961926093,0.0
