2,0,1.0,1.0,1.0,1.0,1.0
3,0,1.0,1.0,1.0,1.0,1.0
5,0,1.0,1.0,1.0,1.0,1.0
6,0,1.0,1.0,1.0,1.0,1.0
7,0,1.0,1.0,1.0,1.0,1.0
8,0,1.0,1.0,1.0,1.0,1.0
9,0,1.0,1.0,1.0,1.0,1.0
10,0,0.9612649680843026,0.9473684210526315,0.9578713968957872,0.9473684210526316,0.9473684210526316
11,0,0.7535258695383338,0.6842105263157895,0.11529933481152994,0.6842105263157895,0.6842105263157895
12,0,1.0,1.0,1.0,1.0,1.0
13,0,0.0,0.0,0.0,0.0,0.0
14,0,0.797184194672014,0.7368421052631579,0.1490022172949002,0.7368421052631579,0.7368421052631579
15,0,0.28687848626816387,0.21052631578947367,0.014190687361419069,0.21052631578947367,0.21052631578947367
17,0,0.34781842350483266,0.2631578947368421,0.019005384859043396,0.26315789473684215,0.26315789473684215
18,0,1.0,1.0,1.0,1.0,1.0
