3,0.5447830101569713,0.9969597443990653,1.0,0.7799515235457064,0.8090705487122061,0.0
7,0.5447830101569713,0.9969597443990653,1.0,0.7799515235457064,0.8090705487122061,0.0
9,0.5447830101569713,0.9969597443990653,1.0,0.7799515235457064,0.8090705487122061,0.0
10,0.0,0.0,0.0,0.0,0.0,1.0
12,0.7306501547987612,1.0,0.8144796380090499,1.0,1.0,0.9999999999999999
13,0.7306501547987612,1.0,0.8144796380090499,1.0,1.0,0.9999999999999999
15,0.7306501547987612,1.0,0.8144796380090499,1.0,1.0,0.9999999999999999
18,0.7306501547987612,1.0,0.8144796380090499,1.0,1.0,0.9999999999999999
19,0.6740962727102453,0.8139981294615835,0.611764705882353,0.8183404940923737,0.8433994823123382,0.5749999999999998
21,1.0,0.30043483735314314,0.017194570135746608,0.30113636363636365,0.34,0.42499999999999993
25,0.5447830101569713,0.9969597443990653,1.0,0.7799515235457064,0.8090705487122061,0.0
