7,0.43124999999999997,1.0,1.0,1.0,1.0,0.0
10,0.43124999999999997,1.0,1.0,1.0,1.0,0.0
12,1.0,0.42443643677498366,0.16666666666666666,0.2272727272727273,0.37037037037037046,0.7777777777777778
14,0.16428571428571412,0.36042909747551816,0.3333333333333333,0.19999999999999998,0.3333333333333332,0.6666666666666666
15,0.16428571428571412,0.36042909747551816,0.3333333333333333,0.19999999999999998,0.3333333333333332,0.6666666666666666
17,0.16428571428571412,0.36042909747551816,0.3333333333333333,0.19999999999999998,0.3333333333333332,0.6666666666666666
19,0.0,0.0,0.0,0.0,0.0,1.0
21,0.16428571428571412,0.36042909747551816,0.3333333333333333,0.19999999999999998,0.3333333333333332,0.6666666666666666
23,0.16428571428571412,0.36042909747551816,0.3333333333333333,0.19999999999999998,0.3333333333333332,0.6666666666666666
26,0.43124999999999997,1.0,1.0,1.0,1.0,0.0
30,0.43124999999999997,1.0,1.0,1.0,1.0,0.0
31,0.43124999999999997,1.0,1.0,1.0,1.0,0.0
33,0.43124999999999997,1.0,1.0,1.0,1.0,0.0
34,0.43124999999999997,1.0,1.0,1.0,1.0,0.0
36,0.43124999999999997,1.0,1.0,1.0,1.0,0.0
38,0.43124999999999997,1.0,1.0,1.0,1.0,0.0
40,0.43124999999999997,1.0,1.0,1.0,1.0,0.0
42,0.43124999999999997,1.0,1.0,1.0,1.0,0.0
45,0.43124999999999997,1.0,1.0,1.0,1.0,0.0
47,0.43124999999999997,1.0,1.0,1.0,1.0,0.0
48,0.43124999999999997,1.0,1.0,1.0,1.0,0.0
