4,0,0,0.0,0,0,1.0
8,0,0,0.0,0,0,1.0
9,0,0,0.0,0,0,1.0
10,0,0,0.0,0,0,1.0
12,0,0,0.0,0,0,1.0
13,0,0,0.0,0,0,1.0
15,0,0,0.0,0,0,1.0
17,0,0,0.0,0,0,1.0
18,0,0,0.0,0,0,1.0
20,0,0,0.0,0,0,1.0
22,0,0,0.0,0,0,1.0
23,0,0,0.0,0,0,1.0
24,0,0,0.0,0,0,1.0
26,0,0,1.0,0,0,0.0
29,0,0,0.0,0,0,1.0
31,0,0,0.0,0,0,1.0
32,0,0,0.0,0,0,1.0
34,0,0,0.0,0,0,1.0
36,0,0,0.0,0,0,1.0
37,0,0,0.0,0,0,1.0
38,0,0,0.0,0,0,1.0
39,0,0,0.0,0,0,1.0
40,0,0,0.0,0,0,1.0
42,0,0,1.0,0,0,0.0
45,0,0,0.0,0,0,1.0
47,0,0,0.0,0,0,1.0
48,0,0,0.0,0,0,1.0
49,0,0,0.0,0,0,1.0
51,0,0,0.0,0,0,1.0
55,0,0,1.0,0,0,0.0
58,0,0,0.0,0,0,1.0
