6,0.541666666666667,1.0,1.0,1.0,1.0,0.0
7,0.541666666666667,1.0,1.0,1.0,1.0,0.0
9,0.541666666666667,1.0,1.0,1.0,1.0,0.0
10,0.541666666666667,1.0,1.0,1.0,1.0,0.0
11,0.541666666666667,1.0,1.0,1.0,1.0,0.0
12,0.541666666666667,1.0,1.0,1.0,1.0,0.0
13,0.541666666666667,1.0,1.0,1.0,1.0,0.0
15,0.541666666666667,1.0,1.0,1.0,1.0,0.0
16,0.541666666666667,1.0,1.0,1.0,1.0,0.0
17,0.541666666666667,1.0,1.0,1.0,1.0,0.0
19,0.541666666666667,1.0,1.0,1.0,1.0,0.0
20,0.541666666666667,1.0,1.0,1.0,1.0,0.0
21,0.541666666666667,1.0,1.0,1.0,1.0,0.0
22,0.4092592592592593,0.8558206407530656,0.8527607361963192,0.824074074074074,0.8476190476190477,0.5000000000000007
24,0.541666666666667,1.0,1.0,1.0,1.0,0.0
25,0.3963414634146342,0.7409611160882467,0.7116564417177915,0.7246376811594203,0.7575757575757578,0.49999999999999933
26,0.0,0.0,0.0,0.0,0.0,0.9999999999999993
27,0.0,0.0,0.0,0.0,0.0,0.9999999999999993
28,0.0,0.0,0.0,0.0,0.0,0.9999999999999993
29,0.0,0.0,0.0,0.0,0.0,0.9999999999999993
31,0.0,0.0,0.0,0.0,0.0,0.9999999999999993
32,0.0,0.0,0.0,0.0,0.0,0.9999999999999993
33,0.0,0.0,0.0,0.0,0.0,0.9999999999999993
35,0.0,0.0,0.0,0.0,0.0,0.9999999999999993
36,0.0,0.0,0.0,0.0,0.0,0.9999999999999993
40,0.541666666666667,1.0,1.0,1.0,1.0,0.0
41,1.0,0.4994552094757954,0.3067484662576687,0.6274509803921569,0.6666666666666669,1.0
43,0.541666666666667,1.0,1.0,1.0,1.0,0.0
