3,0.7102425876010782,0.9509146221003928,0.9950819672131148,0.5822102425876011,0.6593406593406593,0.0
5,0.7102425876010782,0.9509146221003928,0.9950819672131148,0.5822102425876011,0.6593406593406593,0.0
6,0.7102425876010782,0.9509146221003928,0.9950819672131148,0.5822102425876011,0.6593406593406593,0.0
8,0.7102425876010782,0.9509146221003928,0.9950819672131148,0.5822102425876011,0.6593406593406593,0.0
10,0.7102425876010782,0.9509146221003928,0.9950819672131148,0.5822102425876011,0.6593406593406593,0.0
12,0.7102425876010782,0.9509146221003928,0.9950819672131148,0.5822102425876011,0.6593406593406593,0.0
14,0.7102425876010782,0.9509146221003928,0.9950819672131148,0.5822102425876011,0.6593406593406593,0.0
16,0.7102425876010782,0.9509146221003928,0.9950819672131148,0.5822102425876011,0.6593406593406593,0.0
18,0.7102425876010782,0.9509146221003928,0.9950819672131148,0.5822102425876011,0.6593406593406593,0.0
20,0.5495307612095933,0.31943828249997,0.1737704918032787,0.21428571428571427,0.2747252747252747,0.2883720930232558
22,0.7170068027210884,0.95831484749991,0.9967213114754098,0.5934065934065934,0.6696428571428571,0.05581395348837207
24,0.435177539223782,0.1926285321323549,0.09180327868852461,0.12244897959183673,0.16233766233766234,0.3116279069767442
26,0.7170068027210884,0.95831484749991,0.9967213114754098,0.5934065934065934,0.6696428571428571,0.05581395348837207
28,0.0,0.0,0.0,0.0,0.0,0.6697674418604651
30,0.7170068027210884,0.95831484749991,0.9967213114754098,0.5934065934065934,0.6696428571428571,0.05581395348837207
32,0.34065934065934067,0.16495721976846453,0.08524590163934426,0.10285714285714286,0.13736263736263735,0.5348837209302325
34,0.7170068027210884,0.95831484749991,0.9967213114754098,0.5934065934065934,0.6696428571428571,0.05581395348837207
36,1.0,1.0,0.618032786885246,1.0,1.0,1.0
38,0.7170068027210884,0.95831484749991,0.9967213114754098,0.5934065934065934,0.6696428571428571,0.05581395348837207
40,0.36021872863978127,0.17074694419062766,0.08688524590163935,0.10714285714285714,0.14285714285714285,0.4790697674418605
42,0.7309292649098474,0.9736488587092541,1.0,0.6171428571428571,0.6912442396313363,0.16744186046511622
44,0.7036048064085447,0.3852570642647098,0.18196721311475408,0.2706766917293233,0.34013605442176864,0.009302325581395345
46,0.7309292649098474,0.9736488587092541,1.0,0.6171428571428571,0.6912442396313363,0.16744186046511622
48,0.6662452591656131,0.36885555678165877,0.18032786885245905,0.2571428571428572,0.3246753246753247,0.0651162790697675
50,0.7309292649098474,0.9736488587092541,1.0,0.6171428571428571,0.6912442396313363,0.16744186046511622
52,0.6326530612244897,0.354384955969167,0.17868852459016396,0.24489795918367346,0.3105590062111801,0.12093023255813957
54,0.7309292649098474,0.9736488587092541,1.0,0.6171428571428571,0.6912442396313363,0.16744186046511622
56,0.649014778325123,0.5111012519999518,0.33934426229508197,0.35467980295566504,0.4329004329004329,0.18604651162790709
60,0.7102425876010782,0.9509146221003928,0.9950819672131148,0.5822102425876011,0.6593406593406593,0.0
61,0.8693500494886177,0.7328416800608244,0.43934426229508194,0.6122448979591836,0.6868131868131868,0.45116279069767445
62,0.6281287246722289,0.6593804733957871,0.5754098360655738,0.40909090909090906,0.49019607843137253,0.4511627906976741
63,0.6782496782496782,0.6479390965872468,0.5032786885245901,0.44081632653061226,0.5226480836236933,0.13953488372093018
65,0.435177539223782,0.1926285321323549,0.09180327868852461,0.12244897959183673,0.16233766233766234,0.3116279069767442
67,0.7102425876010782,0.9509146221003928,0.9950819672131148,0.5822102425876011,0.6593406593406593,0.0
