4,0.0,0.0,0.0,0.0,0.0,0.0
5,0.0,0.0,0.0,0.0,0.0,0.0
7,0.0,0.0,0.0,0.0,0.0,0.0
8,0.0,0.0,0.0,0.0,0.0,0.0
11,0.0,0.0,0.0,0.0,0.0,0.0
14,0.0,0.0,0.0,0.0,0.0,0.0
15,0.0,0.0,0.0,0.0,0.0,0.0
16,0.0,0.0,0.0,0.0,0.0,0.0
17,0.0,0.0,0.0,0.0,0.0,0.0
20,0.0,0.0,0.0,0.0,0.0,0.0
21,0.0,0.0,0.0,0.0,0.0,0.0
22,0.0,0.0,0.0,0.0,0.0,0.0
23,0.0,0.0,0.0,0.0,0.0,0.0
25,0.0,0.0,0.0,0.0,0.0,0.0
27,0.0,0.0,0.0,0.0,0.0,0.0
28,0.0,0.0,0.0,0.0,0.0,0.0
32,0.0,0.0,0.0,0.0,0.0,0.0
33,0.0,0.0,0.0,0.0,0.0,0.0
35,0.0,0.0,0.0,0.0,0.0,0.0
39,0.0,0.0,0.0,0.0,0.0,0.0
41,0.0,0.0,0.0,0.0,0.0,0.0
42,0.0,0.0,0.0,0.0,0.0,0.0
43,0.0,0.0,0.0,0.0,0.0,0.0
47,0.0,0.0,0.0,0.0,0.0,0.0
49,0.0,0.0,0.0,0.0,0.0,0.0
50,0.0,0.0,0.0,0.0,0.0,0.0
51,0.0,0.0,0.0,0.0,0.0,0.0
53,0.0,0.0,0.0,0.0,0.0,0.0
57,0.0,0.0,0.0,0.0,0.0,0.0
59,0.0,0.0,0.0,0.0,0.0,0.0
61,0.0,0.0,0.0,0.0,0.0,0.0
62,0.0,0.0,0.0,0.0,0.0,0.0
63,0.0,0.0,0.0,0.0,0.0,0.0
64,0.0,0.0,0.0,0.0,0.0,0.0
66,0.0,0.0,0.0,0.0,0.0,0.0
70,0.9722222222222223,1.0,1.0,1.0,1.0,0.0
72,0.9722222222222223,1.0,1.0,1.0,1.0,0.0
73,0.9722222222222223,1.0,1.0,1.0,1.0,0.0
74,0.9722222222222223,1.0,1.0,1.0,1.0,0.0
76,0.9722222222222223,1.0,1.0,1.0,1.0,0.0
77,0.9722222222222223,1.0,1.0,1.0,1.0,0.0
78,0.9722222222222223,1.0,1.0,1.0,1.0,0.0
80,0.9722222222222223,1.0,1.0,1.0,1.0,0.0
81,0.9722222222222223,1.0,1.0,1.0,1.0,0.0
84,0.9722222222222223,1.0,1.0,1.0,1.0,0.0
86,0.9722222222222223,1.0,1.0,1.0,1.0,0.0
87,0.9722222222222223,1.0,1.0,1.0,1.0,0.0
88,0.9722222222222223,1.0,1.0,1.0,1.0,0.0
90,0.9722222222222223,1.0,1.0,1.0,1.0,0.0
92,1.0,0.9503232012590301,0.8851674641148325,0.8823529411764706,0.9477124183006537,1.0
93,1.0,0.9503232012590301,0.8851674641148325,0.8823529411764706,0.9477124183006537,1.0
94,1.0,0.9503232012590301,0.8851674641148325,0.8823529411764706,0.9477124183006537,1.0
95,1.0,0.9503232012590301,0.8851674641148325,0.8823529411764706,0.9477124183006537,1.0
96,1.0,0.9503232012590301,0.8851674641148325,0.8823529411764706,0.9477124183006537,1.0
101,0.9722222222222223,1.0,1.0,1.0,1.0,0.0
104,0.9722222222222223,1.0,1.0,1.0,1.0,0.0
