2,0.07936507936507901,1.0,1.0,1.0,1.0,0.0
5,0.07936507936507901,1.0,1.0,1.0,1.0,0.0
6,0.07936507936507901,1.0,1.0,1.0,1.0,0.0
7,0.05899705014749224,0.5886621079036348,0.49787234042553186,0.6659919028340082,0.7275541795665635,0.24999999999999908
8,0.05899705014749224,0.5886621079036348,0.49787234042553186,0.6659919028340082,0.7275541795665635,0.24999999999999908
11,0.1030927835051542,0.5320936930842801,0.42765957446808506,0.6217105263157896,0.6876061120543294,0.25000000000000056
12,0.1030927835051542,0.5320936930842801,0.42765957446808506,0.6217105263157896,0.6876061120543294,0.25000000000000056
13,1.0,0.0,0.0,0.0,0.0,1.0
16,0.0,0.4258200997725515,0.3531914893617021,0.5065789473684211,0.5789473684210527,0.7499999999999988
17,0.0,0.4258200997725515,0.3531914893617021,0.5065789473684211,0.5789473684210527,0.7499999999999988
18,0.0,0.4258200997725515,0.3531914893617021,0.5065789473684211,0.5789473684210527,0.7499999999999988
23,0.07936507936507901,1.0,1.0,1.0,1.0,0.0
