9,0,1.0,1.0,1.0,1.0,1.0
11,0,1.0,1.0,1.0,1.0,1.0
12,0,1.0,1.0,1.0,1.0,1.0
13,0,1.0,1.0,1.0,1.0,1.0
14,0,1.0,1.0,1.0,1.0,1.0
15,0,1.0,1.0,1.0,1.0,1.0
16,0,1.0,1.0,1.0,1.0,1.0
18,0,1.0,1.0,1.0,1.0,1.0
20,0,1.0,1.0,1.0,1.0,1.0
23,0,1.0,1.0,1.0,1.0,1.0
24,0,1.0,1.0,1.0,1.0,1.0
25,0,0.0,0.0,0.0,0.0,0.0
26,0,0.0,0.0,0.0,0.0,0.0
28,0,1.0,1.0,1.0,1.0,1.0
29,0,1.0,1.0,1.0,1.0,1.0
30,0,1.0,1.0,1.0,1.0,1.0
31,0,1.0,1.0,1.0,1.0,1.0
34,0,0.8001830184043501,0.75,0.12643678160919541,0.7500000000000001,0.7500000000000001
35,0,0.8001830184043501,0.75,0.12643678160919541,0.7500000000000001,0.7500000000000001
39,0,1.0,1.0,1.0,1.0,1.0
43,0,1.0,1.0,1.0,1.0,1.0
45,0,1.0,1.0,1.0,1.0,1.0
46,0,1.0,1.0,1.0,1.0,1.0
47,0,1.0,1.0,1.0,1.0,1.0
48,0,1.0,1.0,1.0,1.0,1.0
49,0,1.0,1.0,1.0,1.0,1.0
50,0,1.0,1.0,1.0,1.0,1.0
52,0,1.0,1.0,1.0,1.0,1.0
54,0,1.0,1.0,1.0,1.0,1.0
55,0,1.0,1.0,1.0,1.0,1.0
56,0,1.0,1.0,1.0,1.0,1.0
57,0,1.0,1.0,1.0,1.0,1.0
58,0,1.0,1.0,1.0,1.0,1.0
59,0,1.0,1.0,1.0,1.0,1.0
60,0,0.0,0.0,0.0,0.0,0.0
61,0,0.0,0.0,0.0,0.0,0.0
64,0,1.0,1.0,1.0,1.0,1.0
67,0,0.6919060448343984,0.625,0.07024265644955299,0.625,0.625
68,0,0.6919060448343984,0.625,0.07024265644955299,0.625,0.625
69,0,0.6919060448343984,0.625,0.07024265644955299,0.625,0.625
70,0,0.6919060448343984,0.625,0.07024265644955299,0.625,0.625
71,0,0.6919060448343984,0.625,0.07024265644955299,0.625,0.625
