6,1.0,1.0,1.0,1.0,1.0,0.0
8,1.0,1.0,1.0,1.0,1.0,0.0
9,1.0,1.0,1.0,1.0,1.0,0.0
10,1.0,1.0,1.0,1.0,1.0,0.0
12,1.0,1.0,1.0,1.0,1.0,0.0
13,1.0,1.0,1.0,1.0,1.0,0.0
14,1.0,1.0,1.0,1.0,1.0,0.0
15,1.0,1.0,1.0,1.0,1.0,0.0
17,1.0,1.0,1.0,1.0,1.0,0.0
18,1.0,1.0,1.0,1.0,1.0,0.0
19,1.0,1.0,1.0,1.0,1.0,0.0
20,1.0,1.0,1.0,1.0,1.0,0.0
21,1.0,1.0,1.0,1.0,1.0,0.0
23,0.7671541057367827,0.7804321993674409,0.7752808988764045,0.6876190476190475,0.7599999999999999,0.299212598425197
25,0.5110236220472443,0.5513368987168799,0.550561797752809,0.4295652173913044,0.52,0.5984251968503936
26,0.503542759519455,0.4707075086747192,0.4438202247191012,0.36347826086956514,0.4509999999999999,0.5748031496062992
28,0.7671541057367827,0.7804321993674409,0.7752808988764045,0.6876190476190475,0.7599999999999999,0.299212598425197
29,0.0,0.0,0.0,0.0,0.0,1.0
30,0.7671541057367827,0.7804321993674409,0.7752808988764045,0.6876190476190475,0.7599999999999999,0.299212598425197
32,1.0,1.0,1.0,1.0,1.0,0.0
33,1.0,1.0,1.0,1.0,1.0,0.0
