3,0.8333333333333333,0.8574929257125442,0.9513513513513514,0.6666666666666666,0.7352941176470588,0.0
7,0.8333333333333333,0.8574929257125442,0.9513513513513514,0.6666666666666666,0.7352941176470588,0.0
8,0.8333333333333333,0.8574929257125442,0.9513513513513514,0.6666666666666666,0.7352941176470588,0.0
9,0.8333333333333333,0.8574929257125442,0.9513513513513514,0.6666666666666666,0.7352941176470588,0.0
11,0.8333333333333333,0.8574929257125442,0.9513513513513514,0.6666666666666666,0.7352941176470588,0.0
12,0.8333333333333333,0.8574929257125442,0.9513513513513514,0.6666666666666666,0.7352941176470588,0.0
13,0.8333333333333333,0.8574929257125442,0.9513513513513514,0.6666666666666666,0.7352941176470588,0.0
14,0.0,0.0,0.02702702702702703,0.0,0.0,0.22222222222222218
15,0.0,0.0,0.02702702702702703,0.0,0.0,0.22222222222222218
17,0.0,0.0,0.02702702702702703,0.0,0.0,0.22222222222222218
19,0.8653846153846152,0.8838834764831843,0.9621621621621621,0.7200000000000001,0.7812499999999999,0.22222222222222218
20,1.0,1.0,1.0,1.0,1.0,1.0
21,1.0,1.0,1.0,1.0,1.0,1.0
23,1.0,1.0,1.0,1.0,1.0,1.0
26,0.0,0.0,0.0,0.0,0.0,0.7777777777777777
27,0.0,0.0,0.0,0.0,0.0,0.7777777777777777
28,0.0,0.0,0.0,0.0,0.0,0.7777777777777777
29,0.0,0.0,0.0,0.0,0.0,0.7777777777777777
30,0.0,0.0,0.0,0.0,0.0,0.7777777777777777
31,0.0,0.0,0.0,0.0,0.0,0.7777777777777777
35,0.0,0.0,0.0,0.0,0.0,0.7777777777777777
36,0.0,0.0,0.0,0.0,0.0,0.7777777777777777
37,0.0,0.0,0.0,0.0,0.0,0.7777777777777777
39,0.0,0.0,0.0,0.0,0.0,0.7777777777777777
41,0.8333333333333333,0.8574929257125442,0.9513513513513514,0.6666666666666666,0.7352941176470588,0.0
