5,0.26785714285714307,1.0,1.0,1.0,1.0,0.0
8,0.26785714285714307,1.0,1.0,1.0,1.0,0.0
9,0.26785714285714307,1.0,1.0,1.0,1.0,0.0
10,0.26785714285714307,1.0,1.0,1.0,1.0,0.0
11,0.26785714285714307,1.0,1.0,1.0,1.0,0.0
12,0.26785714285714307,1.0,1.0,1.0,1.0,0.0
13,0.26785714285714307,1.0,1.0,1.0,1.0,0.0
14,0.26785714285714307,1.0,1.0,1.0,1.0,0.0
15,0.26785714285714307,1.0,1.0,1.0,1.0,0.0
16,0.26785714285714307,1.0,1.0,1.0,1.0,0.0
17,0.26785714285714307,1.0,1.0,1.0,1.0,0.0
19,0.26785714285714307,1.0,1.0,1.0,1.0,0.0
20,0.26785714285714307,1.0,1.0,1.0,1.0,0.0
21,1.0,0.0,0.0,0.0,0.0,1.0
22,1.0,0.0,0.0,0.0,0.0,1.0
23,1.0,0.0,0.0,0.0,0.0,1.0
24,1.0,0.0,0.0,0.0,0.0,1.0
25,1.0,0.0,0.0,0.0,0.0,1.0
26,1.0,0.0,0.0,0.0,0.0,1.0
28,1.0,0.0,0.0,0.0,0.0,1.0
30,1.0,0.0,0.0,0.0,0.0,1.0
32,0.0,0.6286371173047149,0.5949367088607597,0.5757575757575758,0.6643356643356644,1.0
34,0.26785714285714307,1.0,1.0,1.0,1.0,0.0
