5,0,1.0,1.0,1.0,1.0,1.0
7,0,1.0,1.0,1.0,1.0,1.0
10,0,1.0,1.0,1.0,1.0,1.0
11,0,1.0,1.0,1.0,1.0,1.0
14,0,1.0,1.0,1.0,1.0,1.0
16,0,1.0,1.0,1.0,1.0,1.0
17,0,1.0,1.0,1.0,1.0,1.0
19,0,1.0,1.0,1.0,1.0,1.0
24,0,0.9550233422830079,0.9473684210526315,0.9722627737226277,0.9473684210526316,0.9473684210526316
25,0,0.9550233422830079,0.9473684210526315,0.9722627737226277,0.9473684210526316,0.9473684210526316
26,0,0.8631554555007621,0.8421052631578947,0.2880778588807786,0.8421052631578948,0.8421052631578948
33,0,1.0,1.0,1.0,1.0,1.0
34,0,0.9550233422830079,0.9473684210526315,0.9722627737226277,0.9473684210526316,0.9473684210526316
35,0,0.0,0.0,0.0,0.0,0.0
36,0,0.0,0.0,0.0,0.0,0.0
39,0,0.06317965131077645,0.05263157894736842,0.0030008110300081122,0.05263157894736832,0.05263157894736832
40,0,0.06317965131077645,0.05263157894736842,0.0030008110300081122,0.05263157894736832,0.05263157894736832
