7,0.0,0.0,0.0,0.0,0.0,0.0
9,0.0,0.0,0.0,0.0,0.0,0.0
16,0.9500000000000001,0.9555330859059091,0.9555555555555555,0.9,0.9130434782608696,0.0
19,0.9500000000000001,0.9555330859059091,0.9555555555555555,0.9,0.9130434782608696,0.0
21,0.9500000000000001,0.9555330859059091,0.9555555555555555,0.9,0.9130434782608696,0.0
23,0.9500000000000001,0.9555330859059091,0.9555555555555555,0.9,0.9130434782608696,0.0
26,0.9500000000000001,0.9555330859059091,0.9555555555555555,0.9,0.9130434782608696,0.0
28,0.9500000000000001,0.9555330859059091,0.9555555555555555,0.9,0.9130434782608696,0.0
31,0.9500000000000001,0.9555330859059091,0.9555555555555555,0.9,0.9130434782608696,0.0
33,0.9500000000000001,0.9555330859059091,0.9555555555555555,0.9,0.9130434782608696,0.0
34,0.9500000000000001,0.9555330859059091,0.9555555555555555,0.9,0.9130434782608696,0.0
37,0.9500000000000001,0.9555330859059091,0.9555555555555555,0.9,0.9130434782608696,0.0
39,0.9500000000000001,0.9555330859059091,0.9555555555555555,0.9,0.9130434782608696,0.0
41,1.0,1.0,1.0,1.0,1.0,1.0
45,0.9500000000000001,0.9555330859059091,0.9555555555555555,0.9,0.9130434782608696,0.0
47,0.9500000000000001,0.9555330859059091,0.9555555555555555,0.9,0.9130434782608696,0.0
