22,0,1.0,1.0,1.0,1.0,1.0
23,0,1.0,1.0,1.0,1.0,1.0
24,0,1.0,1.0,1.0,1.0,1.0
25,0,1.0,1.0,1.0,1.0,1.0
26,0,1.0,1.0,1.0,1.0,1.0
27,0,0.0,0.0,0.0,0.0,0.0
28,0,0.9812524350544395,0.9736842105263158,0.9781609195402299,0.9736842105263158,0.9736842105263158
29,0,0.49758541598896966,0.39473684210526316,0.017241379310344827,0.39473684210526316,0.39473684210526316
30,0,0.9431216529898604,0.9210526315789473,0.30842911877394635,0.9210526315789475,0.9210526315789475
31,0,0.8230691350080767,0.7631578947368421,0.08518518518518518,0.7631578947368421,0.7631578947368421
32,0,0.8230691350080767,0.7631578947368421,0.08518518518518518,0.7631578947368421,0.7631578947368421
35,0,0.043393295535881476,0.02631578947368421,0.0007145076110593357,0.026315789473684226,0.026315789473684226
36,0,0.043393295535881476,0.02631578947368421,0.0007145076110593357,0.026315789473684226,0.026315789473684226
