3,0.2,1.0,1.0,1.0,1.0,0.0
6,0.2,1.0,1.0,1.0,1.0,0.0
7,0.2,1.0,1.0,1.0,1.0,0.0
8,0.0,0.08722889923693132,0.09090909090909091,0.034482758620689655,0.12225705329153604,0.6666666666666665
9,0.27272727272727265,0.8626001025177273,0.7878787878787878,0.5862068965517241,0.846743295019157,0.6666666666666671
10,1.0,0.0,0.0,0.0,0.0,0.5
12,0.21951219512195125,0.751808624592182,0.6666666666666666,0.39999999999999997,0.7222222222222222,0.16666666666666663
13,0.21951219512195125,0.751808624592182,0.6666666666666666,0.39999999999999997,0.7222222222222222,0.16666666666666663
14,1.0,0.2335569964613584,0.12121212121212122,0.04310344827586207,0.14942528735632182,1.0
15,1.0,0.2335569964613584,0.12121212121212122,0.04310344827586207,0.14942528735632182,1.0
17,0.21951219512195125,0.751808624592182,0.6666666666666666,0.39999999999999997,0.7222222222222222,0.16666666666666663
18,0.1578947368421053,0.632263728914106,0.5454545454545454,0.27586206896551724,0.5977011494252873,0.33333333333333326
20,0.2,1.0,1.0,1.0,1.0,0.0
