11,0.20005162622612283,0.9820475432352442,0.9996594585390773,0.8745258243361541,0.8824844720496895,0.0
12,0.20005162622612283,0.9820475432352442,0.9996594585390773,0.8745258243361541,0.8824844720496895,0.0
13,0.20005162622612283,0.9820475432352442,0.9996594585390773,0.8745258243361541,0.8824844720496895,0.0
15,0.20005162622612283,0.9820475432352442,0.9996594585390773,0.8745258243361541,0.8824844720496895,0.0
16,0.21568192043938317,0.9923409770474153,1.0,0.9023957409050578,0.9087710480020107,0.09701492537313414
17,0.15536808374780828,0.848378433388498,0.8489698620807082,0.7546583850931677,0.7682048546279007,0.2518656716417912
20,0.20005162622612283,0.9820475432352442,0.9996594585390773,0.8745258243361541,0.8824844720496895,0.0
21,0.20005162622612283,0.9820475432352442,0.9996594585390773,0.8745258243361541,0.8824844720496895,0.0
22,0.20111758533381383,0.9654860977571408,0.9747147965264772,0.8694168274224664,0.8776541961577353,0.006529850746268135
23,0.21167456646151836,0.9371927374289163,0.9249957432317385,0.8731239362525144,0.8811594202898553,0.06809701492537308
24,0.24525149475007674,0.8852911565328285,0.8257279073727228,0.8976982097186703,0.9043478260869564,0.23973880597014924
27,0.24525149475007674,0.8852911565328285,0.8257279073727228,0.8976982097186703,0.9043478260869564,0.23973880597014924
28,0.24525149475007674,0.8852911565328285,0.8257279073727228,0.8976982097186703,0.9043478260869564,0.23973880597014924
29,0.3347741053256447,0.8414773958715549,0.7021964924229525,1.0,1.0,0.6119402985074627
30,0.332265309244083,0.5466952295294982,0.3768942618763835,0.7706054947986128,0.7835240274599542,0.4057835820895524
31,1.0,0.4317488314426673,0.05440149838242807,0.9604743083003954,0.9632107023411373,0.9999999999999994
34,0.20005162622612283,0.9820475432352442,0.9996594585390773,0.8745258243361541,0.8824844720496895,0.0
35,0.20005162622612283,0.9820475432352442,0.9996594585390773,0.8745258243361541,0.8824844720496895,0.0
38,0.25378372226928336,1.0,0.9758215562744764,0.9642857142857143,0.9667673716012084,0.3218283582089545
39,0.25378372226928336,1.0,0.9758215562744764,0.9642857142857143,0.9667673716012084,0.3218283582089545
42,0.2057302020672164,0.7057544652133193,0.6252341222543845,0.7479799923047327,0.7617788064142835,0.025186567164179042
43,0.2057302020672164,0.7057544652133193,0.6252341222543845,0.7479799923047327,0.7617788064142835,0.025186567164179042
46,0.20005162622612283,0.9820475432352442,0.9996594585390773,0.8745258243361541,0.8824844720496895,0.0
47,0.20005162622612283,0.9820475432352442,0.9996594585390773,0.8745258243361541,0.8824844720496895,0.0
48,0.25378372226928336,1.0,0.9758215562744764,0.9642857142857143,0.9667673716012084,0.3218283582089545
49,0.2057302020672164,0.7057544652133193,0.6252341222543845,0.7479799923047327,0.7617788064142835,0.025186567164179042
50,1.0,0.4317488314426673,0.05440149838242807,0.9604743083003954,0.9632107023411373,0.9999999999999994
53,0.20005162622612283,0.9820475432352442,0.9996594585390773,0.8745258243361541,0.8824844720496895,0.0
54,0.20005162622612283,0.9820475432352442,0.9996594585390773,0.8745258243361541,0.8824844720496895,0.0
55,0.24525149475007674,0.8852911565328285,0.8257279073727228,0.8976982097186703,0.9043478260869564,0.23973880597014924
56,1.0,0.4317488314426673,0.05440149838242807,0.9604743083003954,0.9632107023411373,0.9999999999999994
59,0.20005162622612283,0.9820475432352442,0.9996594585390773,0.8745258243361541,0.8824844720496895,0.0
60,0.20005162622612283,0.9820475432352442,0.9996594585390773,0.8745258243361541,0.8824844720496895,0.0
62,0.20005162622612283,0.9820475432352442,0.9996594585390773,0.8745258243361541,0.8824844720496895,0.0
63,0.20005162622612283,0.9820475432352442,0.9996594585390773,0.8745258243361541,0.8824844720496895,0.0
64,0.20005162622612283,0.9820475432352442,0.9996594585390773,0.8745258243361541,0.8824844720496895,0.0
65,0.20005162622612283,0.9820475432352442,0.9996594585390773,0.8745258243361541,0.8824844720496895,0.0
66,0.20005162622612283,0.9820475432352442,0.9996594585390773,0.8745258243361541,0.8824844720496895,0.0
67,0.20005162622612283,0.9820475432352442,0.9996594585390773,0.8745258243361541,0.8824844720496895,0.0
68,0.20005162622612283,0.9820475432352442,0.9996594585390773,0.8745258243361541,0.8824844720496895,0.0
69,0.20005162622612283,0.9820475432352442,0.9996594585390773,0.8745258243361541,0.8824844720496895,0.0
70,0.20005162622612283,0.9820475432352442,0.9996594585390773,0.8745258243361541,0.8824844720496895,0.0
71,0.15536808374780828,0.848378433388498,0.8489698620807082,0.7546583850931677,0.7682048546279007,0.2518656716417912
72,0.15536808374780828,0.848378433388498,0.8489698620807082,0.7546583850931677,0.7682048546279007,0.2518656716417912
73,0.15536808374780828,0.848378433388498,0.8489698620807082,0.7546583850931677,0.7682048546279007,0.2518656716417912
75,0.0,0.6128982654004627,0.6466030989272944,0.4601051122790254,0.4786802740109045,1.0
76,0.18367269234833736,0.18082806149907424,0.100715137067938,0.28210313447927193,0.29745127436281854,0.031716417910447575
77,0.0254190526169565,0.0,0.0,0.0,0.0,0.2723880597014923
78,0.0254190526169565,0.0,0.0,0.0,0.0,0.2723880597014923
79,0.0254190526169565,0.0,0.0,0.0,0.0,0.2723880597014923
80,0.0254190526169565,0.0,0.0,0.0,0.0,0.2723880597014923
82,0.25814233784637175,0.7962141726968796,0.7010045973097224,0.8676748582230625,0.8760064412238324,0.2723880597014923
84,0.20005162622612283,0.9820475432352442,0.9996594585390773,0.8745258243361541,0.8824844720496895,0.0
