2,0.7734375000000001,1.0,1.0,1.0,1.0,0.0
5,0.7734375000000001,1.0,1.0,1.0,1.0,0.0
6,0.7734375000000001,1.0,1.0,1.0,1.0,0.0
8,0.7734375000000001,1.0,1.0,1.0,1.0,0.0
9,0.7734375000000001,1.0,1.0,1.0,1.0,0.0
11,0.7545731707317074,0.5874845148785531,0.3558139534883721,0.5442176870748299,0.6318681318681318,0.13793103448275856
12,0.7545731707317074,0.5874845148785531,0.3558139534883721,0.5442176870748299,0.6318681318681318,0.13793103448275856
14,0.7388059701492536,0.8970310602382005,0.8511627906976744,0.8571428571428571,0.896103896103896,0.6206896551724143
16,0.9339622641509434,0.612788873986492,0.2930232558139535,0.5714285714285714,0.6571428571428571,0.7586206896551724
17,0.9339622641509434,0.612788873986492,0.2930232558139535,0.5714285714285714,0.6571428571428571,0.7586206896551724
19,0.7091690544412608,0.7964344148546822,0.7046511627906976,0.7373271889400922,0.8013937282229965,1.0
21,0.0,0.0,0.0,0.0,0.0,0.0
22,0.0,0.0,0.0,0.0,0.0,0.0
25,0.7091690544412608,0.7964344148546822,0.7046511627906976,0.7373271889400922,0.8013937282229965,1.0
26,0.7091690544412608,0.7964344148546822,0.7046511627906976,0.7373271889400922,0.8013937282229965,1.0
30,1.0,0.6459361888690732,0.29534883720930233,0.6095238095238095,0.6917293233082706,1.0
31,1.0,0.6459361888690732,0.29534883720930233,0.6095238095238095,0.6917293233082706,1.0
32,1.0,0.6459361888690732,0.29534883720930233,0.6095238095238095,0.6917293233082706,1.0
