2,0,1.0,1.0,1.0,1.0,1.0
4,0,1.0,1.0,1.0,1.0,1.0
5,0,1.0,1.0,1.0,1.0,1.0
6,0,1.0,1.0,1.0,1.0,1.0
8,0,1.0,1.0,1.0,1.0,1.0
9,0,1.0,1.0,1.0,1.0,1.0
11,0,0.4225646754310348,0.2903225806451613,0.013234149295043678,0.2903225806451613,0.2903225806451613
15,0,0.9137021576608287,0.8709677419354839,0.21836346336822074,0.8709677419354839,0.8709677419354839
18,0,1.0,1.0,1.0,1.0,1.0
19,0,0.9357907091653785,0.9032258064516129,0.3019346653980336,0.9032258064516129,0.9032258064516129
21,0,0.0,0.0,0.0,0.0,0.0
22,0,1.0,1.0,1.0,1.0,1.0
