4,0,1.0,1.0,1.0,1.0,1.0
5,0,1.0,1.0,1.0,1.0,1.0
6,0,1.0,1.0,1.0,1.0,1.0
7,0,1.0,1.0,1.0,1.0,1.0
8,0,1.0,1.0,1.0,1.0,1.0
10,0,1.0,1.0,1.0,1.0,1.0
11,0,1.0,1.0,1.0,1.0,1.0
14,0,1.0,1.0,1.0,1.0,1.0
15,0,1.0,1.0,1.0,1.0,1.0
17,0,1.0,1.0,1.0,1.0,1.0
19,0,1.0,1.0,1.0,1.0,1.0
20,0,0.5069484689157014,0.5,0.9047619047619048,0.49999999999999944,0.49999999999999944
21,0,0.5069484689157014,0.5,0.9047619047619048,0.49999999999999944,0.49999999999999944
23,0,1.0,1.0,1.0,1.0,1.0
24,0,1.0,1.0,1.0,1.0,1.0
27,0,0.5069484689157014,0.5,0.9047619047619048,0.49999999999999944,0.49999999999999944
29,0,0.5069484689157014,0.5,0.9047619047619048,0.49999999999999944,0.49999999999999944
30,0,0.5069484689157014,0.5,0.9047619047619048,0.49999999999999944,0.49999999999999944
32,0,0.0,0.0,0.0,0.0,0.0
33,0,0.0,0.0,0.0,0.0,0.0
34,0,0.0,0.0,0.0,0.0,0.0
36,0,0.0,0.0,0.0,0.0,0.0
37,0,0.0,0.0,0.0,0.0,0.0
