7,0.9617834394904456,0.9367769320431429,0.9873150105708244,0.8666666666666667,0.8775510204081632,0.9178082191780822
9,0.9617834394904456,0.9367769320431429,0.9873150105708244,0.8666666666666667,0.8775510204081632,0.9178082191780822
10,0.9617834394904456,0.9367769320431429,0.9873150105708244,0.8666666666666667,0.8775510204081632,0.9178082191780822
13,1.0,1.0,1.0,1.0,1.0,1.0
14,1.0,1.0,1.0,1.0,1.0,1.0
15,1.0,1.0,1.0,1.0,1.0,1.0
17,0.9617834394904456,0.9367769320431429,0.9873150105708244,0.8666666666666667,0.8775510204081632,0.9178082191780822
19,0.6741071428571428,0.608842882172744,0.8456659619450316,0.3482142857142857,0.3706896551724138,0.0
21,0.6741071428571428,0.608842882172744,0.8456659619450316,0.3482142857142857,0.3706896551724138,0.0
22,0.6741071428571428,0.608842882172744,0.8456659619450316,0.3482142857142857,0.3706896551724138,0.0
23,0.6741071428571428,0.608842882172744,0.8456659619450316,0.3482142857142857,0.3706896551724138,0.0
24,0.6741071428571428,0.608842882172744,0.8456659619450316,0.3482142857142857,0.3706896551724138,0.0
25,0.6741071428571428,0.608842882172744,0.8456659619450316,0.3482142857142857,0.3706896551724138,0.0
26,0.6741071428571428,0.608842882172744,0.8456659619450316,0.3482142857142857,0.3706896551724138,0.0
27,0.6958525345622119,0.6280886982298254,0.8604651162790696,0.3714285714285715,0.3944954128440367,0.0958904109589041
28,0.9617834394904456,0.9367769320431429,0.9873150105708244,0.8666666666666667,0.8775510204081632,0.9178082191780822
31,0.0,0.0,0.0,0.0,0.0,0.821917808219178
32,0.0,0.0,0.0,0.0,0.0,0.821917808219178
34,0.0,0.0,0.014799154334038063,0.0,0.0,0.7260273972602739
36,0.0,0.0,0.014799154334038063,0.0,0.0,0.7260273972602739
37,0.0,0.0,0.014799154334038063,0.0,0.0,0.7260273972602739
39,0.0,0.0,0.014799154334038063,0.0,0.0,0.7260273972602739
41,0.0,0.0,0.021141649048625796,0.0,0.0,0.6849315068493151
42,0.0,0.0,0.021141649048625796,0.0,0.0,0.6849315068493151
43,0.0,0.0,0.021141649048625796,0.0,0.0,0.6849315068493151
44,0.0,0.0,0.021141649048625796,0.0,0.0,0.6849315068493151
48,0.6741071428571428,0.608842882172744,0.8456659619450316,0.3482142857142857,0.3706896551724138,0.0
49,0.6741071428571428,0.608842882172744,0.8456659619450316,0.3482142857142857,0.3706896551724138,0.0
