4,0.30907899049491966,0.7863602011492599,0.7432432432432431,0.4320987654320987,0.46666666666666673,0.20370370370370344
5,0.30907899049491966,0.7863602011492599,0.7432432432432431,0.4320987654320987,0.46666666666666673,0.20370370370370344
7,0.30907899049491966,0.7863602011492599,0.7432432432432431,0.4320987654320987,0.46666666666666673,0.20370370370370344
8,0.30907899049491966,0.7863602011492599,0.7432432432432431,0.4320987654320987,0.46666666666666673,0.20370370370370344
11,0.30907899049491966,0.7863602011492599,0.7432432432432431,0.4320987654320987,0.46666666666666673,0.20370370370370344
14,0.30907899049491966,0.7863602011492599,0.7432432432432431,0.4320987654320987,0.46666666666666673,0.20370370370370344
15,0.30907899049491966,0.7863602011492599,0.7432432432432431,0.4320987654320987,0.46666666666666673,0.20370370370370344
16,0.30907899049491966,0.7863602011492599,0.7432432432432431,0.4320987654320987,0.46666666666666673,0.20370370370370344
17,0.30907899049491966,0.7863602011492599,0.7432432432432431,0.4320987654320987,0.46666666666666673,0.20370370370370344
20,0.30907899049491966,0.7863602011492599,0.7432432432432431,0.4320987654320987,0.46666666666666673,0.20370370370370344
21,0.30907899049491966,0.7863602011492599,0.7432432432432431,0.4320987654320987,0.46666666666666673,0.20370370370370344
22,0.30907899049491966,0.7863602011492599,0.7432432432432431,0.4320987654320987,0.46666666666666673,0.20370370370370344
23,0.30907899049491966,0.7863602011492599,0.7432432432432431,0.4320987654320987,0.46666666666666673,0.20370370370370344
25,0.30907899049491966,0.7863602011492599,0.7432432432432431,0.4320987654320987,0.46666666666666673,0.20370370370370344
27,0.32135728542914166,0.8021533327996163,0.7500000000000001,0.45238095238095233,0.48717948717948717,0.11111111111111079
28,0.32135728542914166,0.8021533327996163,0.7500000000000001,0.45238095238095233,0.48717948717948717,0.11111111111111079
32,0.0,0.0,0.0,0.0,0.0,1.0
33,0.0,0.0,0.0,0.0,0.0,1.0
35,0.30907899049491966,0.7863602011492599,0.7432432432432431,0.4320987654320987,0.46666666666666673,0.20370370370370344
39,0.30907899049491966,0.7863602011492599,0.7432432432432431,0.4320987654320987,0.46666666666666673,0.20370370370370344
41,0.0,0.0,0.0,0.0,0.0,1.0
42,0.0,0.0,0.0,0.0,0.0,1.0
43,0.0,0.0,0.0,0.0,0.0,1.0
47,0.30907899049491966,0.7863602011492599,0.7432432432432431,0.4320987654320987,0.46666666666666673,0.20370370370370344
49,0.3340087808172914,0.8185824762973979,0.7567567567567569,0.4738562091503268,0.5087719298245614,0.018518518518518535
50,0.3340087808172914,0.8185824762973979,0.7567567567567569,0.4738562091503268,0.5087719298245614,0.018518518518518535
51,0.3340087808172914,0.8185824762973979,0.7567567567567569,0.4738562091503268,0.5087719298245614,0.018518518518518535
53,0.30907899049491966,0.7863602011492599,0.7432432432432431,0.4320987654320987,0.46666666666666673,0.20370370370370344
57,0.3365853658536585,0.9687486432609335,0.9864864864864865,0.5013550135501355,0.536231884057971,0.0
59,0.3365853658536585,0.9687486432609335,0.9864864864864865,0.5013550135501355,0.536231884057971,0.0
61,0.30907899049491966,0.7863602011492599,0.7432432432432431,0.4320987654320987,0.46666666666666673,0.20370370370370344
62,0.30907899049491966,0.7863602011492599,0.7432432432432431,0.4320987654320987,0.46666666666666673,0.20370370370370344
63,0.30907899049491966,0.7863602011492599,0.7432432432432431,0.4320987654320987,0.46666666666666673,0.20370370370370344
64,0.30907899049491966,0.7863602011492599,0.7432432432432431,0.4320987654320987,0.46666666666666673,0.20370370370370344
66,0.3365853658536585,0.9687486432609335,0.9864864864864865,0.5013550135501355,0.536231884057971,0.0
70,0.3365853658536585,0.9687486432609335,0.9864864864864865,0.5013550135501355,0.536231884057971,0.0
72,0.3365853658536585,0.9687486432609335,0.9864864864864865,0.5013550135501355,0.536231884057971,0.0
74,0.3365853658536585,0.9687486432609335,0.9864864864864865,0.5013550135501355,0.536231884057971,0.0
75,0.3365853658536585,0.9687486432609335,0.9864864864864865,0.5013550135501355,0.536231884057971,0.0
77,0.3577777777777778,1.0,1.0,0.5413105413105412,0.5757575757575757,0.18518518518518534
79,0.3365853658536585,0.9687486432609335,0.9864864864864865,0.5013550135501355,0.536231884057971,0.0
80,0.3365853658536585,0.9687486432609335,0.9864864864864865,0.5013550135501355,0.536231884057971,0.0
81,0.32135728542914166,0.4436765117163447,0.2972972972972973,0.3611111111111111,0.393939393939394,0.05555555555555539
84,0.34705075445816186,0.6672245281784495,0.5337837837837839,0.45940170940170943,0.4942528735632184,0.0555555555555556
86,0.06336088154269971,0.035703211153859264,0.02027027027027026,0.04166666666666669,0.047619047619047616,0.7222222222222222
88,1.0,0.9119689107189439,0.1216216216216216,1.0,1.0,0.6666666666666667
89,1.0,0.9119689107189439,0.1216216216216216,1.0,1.0,0.6666666666666667
93,0.3365853658536585,0.9687486432609335,0.9864864864864865,0.5013550135501355,0.536231884057971,0.0
94,0.19458544839255493,0.33270966292655996,0.25675675675675674,0.2136752136752137,0.23809523809523808,0.6111111111111112
96,0.46791862284820024,0.8130328038612735,0.5743243243243243,0.6805555555555555,0.7101449275362319,0.611111111111111
97,0.3365853658536585,0.9687486432609335,0.9864864864864865,0.5013550135501355,0.536231884057971,0.0
