4,1.0,1.0,1.0,1.0,1.0,0.0
6,1.0,1.0,1.0,1.0,1.0,0.0
7,1.0,1.0,1.0,1.0,1.0,0.0
8,1.0,1.0,1.0,1.0,1.0,0.0
10,1.0,1.0,1.0,1.0,1.0,0.0
12,1.0,1.0,1.0,1.0,1.0,0.0
13,0.5691056910569101,0.5223261430058115,0.5,0.5,0.5312500000000002,0.5000000000000007
15,0.0,0.0,0.0,0.0,0.0,1.0
16,0.0,0.0,0.0,0.0,0.0,1.0
19,1.0,1.0,1.0,1.0,1.0,0.0
20,1.0,1.0,1.0,1.0,1.0,0.0
22,1.0,1.0,1.0,1.0,1.0,0.0
24,1.0,1.0,1.0,1.0,1.0,0.0
25,1.0,1.0,1.0,1.0,1.0,0.0
26,1.0,1.0,1.0,1.0,1.0,0.0
28,1.0,1.0,1.0,1.0,1.0,0.0
29,1.0,1.0,1.0,1.0,1.0,0.0
