7,0.0,0.0,0.0,0.0,0.0,1.0
9,0.0,0.0,0.0,0.0,0.0,1.0
10,0.0,0.0,0.0,0.0,0.0,1.0
12,0.0,0.0,0.0,0.0,0.0,1.0
13,0.0,0.0,0.0749185667752443,0.0,0.0,0.0
14,0.0,0.0,0.0749185667752443,0.0,0.0,0.0
16,0.0,0.0,0.0,0.0,0.0,1.0
17,0.0,0.0,0.0,0.0,0.0,1.0
18,0.0,0.0,0.03257328990228013,0.0,0.0,0.5652173913043478
19,0.0,0.0,0.03257328990228013,0.0,0.0,0.5652173913043478
21,0.0,0.0,0.0,0.0,0.0,1.0
22,0.0,0.0,0.0,0.0,0.0,1.0
23,0.0,0.0,0.0,0.0,0.0,1.0
24,0.0,0.0,0.0,0.0,0.0,1.0
25,0.0,0.0,0.0,0.0,0.0,1.0
26,0.0,0.0,0.042345276872964174,0.0,0.0,0.43478260869565216
27,0.0,0.0,0.0,0.0,0.0,1.0
29,0.0,0.0,0.006514657980456026,0.0,0.0,0.9130434782608695
31,0.0,0.0,0.0,0.0,0.0,1.0
32,0.0,0.0,0.0,0.0,0.0,1.0
36,0.8203124999999999,0.816496580927726,0.9250814332247556,0.640625,0.6666666666666667,0.0
37,0.8203124999999999,0.816496580927726,0.9250814332247556,0.640625,0.6666666666666667,0.0
39,0.8203124999999999,0.816496580927726,0.9250814332247556,0.640625,0.6666666666666667,0.0
41,0.8203124999999999,0.816496580927726,0.9250814332247556,0.640625,0.6666666666666667,0.0
42,0.8203124999999999,0.816496580927726,0.9250814332247556,0.640625,0.6666666666666667,0.0
43,0.8203124999999999,0.816496580927726,0.9250814332247556,0.640625,0.6666666666666667,0.0
44,0.8203124999999999,0.816496580927726,0.9250814332247556,0.640625,0.6666666666666667,0.0
45,0.8203124999999999,0.816496580927726,0.9250814332247556,0.640625,0.6666666666666667,0.0
46,0.8203124999999999,0.816496580927726,0.9250814332247556,0.640625,0.6666666666666667,0.0
47,0.8536585365853658,0.8477912478906586,0.9413680781758956,0.6949152542372882,0.71875,0.21739130434782608
49,0.49065420560747663,0.243628485012893,0.18892508143322473,0.2411764705882353,0.26285714285714284,0.7478260869565218
52,0.8203124999999999,0.816496580927726,0.9250814332247556,0.640625,0.6666666666666667,0.0
53,1.0,1.0,1.0,1.0,1.0,1.0
55,1.0,1.0,1.0,1.0,1.0,1.0
56,1.0,1.0,1.0,1.0,1.0,1.0
57,0.8246073298429318,0.6355331927007355,0.5863192182410423,0.615,0.641860465116279,0.017391304347826025
58,0.8246073298429318,0.6355331927007355,0.5863192182410423,0.615,0.641860465116279,0.017391304347826025
61,1.0,1.0,1.0,1.0,1.0,1.0
62,0.8246073298429318,0.6355331927007355,0.5863192182410423,0.615,0.641860465116279,0.017391304347826025
63,0.8355437665782491,0.6434283176858165,0.5895765472312704,0.6307692307692309,0.6571428571428571,0.060869565217391244
65,0.660377358490566,0.30331501776206204,0.2247557003257329,0.3565217391304348,0.3833333333333333,0.2695652173913043
67,0.0,0.0,0.0,0.0,0.0,1.0
70,0.8203124999999999,0.816496580927726,0.9250814332247556,0.640625,0.6666666666666667,0.0
