2,0.9772727272727272,1.0,1.0,1.0,1.0,0.0
5,0.9772727272727272,1.0,1.0,1.0,1.0,0.0
6,0.9772727272727272,1.0,1.0,1.0,1.0,0.0
8,0.9772727272727272,1.0,1.0,1.0,1.0,0.0
10,0.9772727272727272,1.0,1.0,1.0,1.0,0.0
11,0.9772727272727272,1.0,1.0,1.0,1.0,0.0
12,0.9772727272727272,1.0,1.0,1.0,1.0,0.0
14,1.0,0.8333333333333336,0.7272727272727273,0.9777777777777779,0.9803921568627452,0.08333333333333326
16,0.0,0.0,0.0,0.0,0.0,1.0
19,0.9772727272727272,1.0,1.0,1.0,1.0,0.0
20,0.9772727272727272,1.0,1.0,1.0,1.0,0.0
