3,0,1.0,1.0,1.0,1.0,1.0
5,0,1.0,1.0,1.0,1.0,1.0
7,0,1.0,1.0,1.0,1.0,1.0
8,0,1.0,1.0,1.0,1.0,1.0
9,0,1.0,1.0,1.0,1.0,1.0
11,0,0.8156497582099775,0.7777777777777778,0.4049586776859504,0.7777777777777778,0.7777777777777778
13,0,0.0,0.0,0.0,0.0,0.0
14,0,0.0,0.0,0.0,0.0,0.0
16,0,0.8156497582099775,0.7777777777777778,0.4049586776859504,0.7777777777777778,0.7777777777777778
18,0,1.0,1.0,1.0,1.0,1.0
20,0,0.5073973141644932,0.4444444444444444,0.09256198347107437,0.44444444444444453,0.44444444444444453
24,0,0.0,0.0,0.0,0.0,0.0
27,0,1.0,1.0,1.0,1.0,1.0
