2,0.6911772814998617,0.9707695596123475,0.9959016393442623,0.9301075268817205,0.940217391304348,0.0
3,0.6911772814998617,0.9707695596123475,0.9959016393442623,0.9301075268817205,0.940217391304348,0.0
5,0.6911772814998617,0.9707695596123475,0.9959016393442623,0.9301075268817205,0.940217391304348,0.0
6,0.6911772814998617,0.9707695596123475,0.9959016393442623,0.9301075268817205,0.940217391304348,0.0
7,0.6911772814998617,0.9707695596123475,0.9959016393442623,0.9301075268817205,0.940217391304348,0.0
8,0.6911772814998617,0.9707695596123475,0.9959016393442623,0.9301075268817205,0.940217391304348,0.0
9,0.6911772814998617,0.9707695596123475,0.9959016393442623,0.9301075268817205,0.940217391304348,0.0
10,0.6911772814998617,0.9707695596123475,0.9959016393442623,0.9301075268817205,0.940217391304348,0.0
12,0.6911772814998617,0.9707695596123475,0.9959016393442623,0.9301075268817205,0.940217391304348,0.0
14,0.7952921395544342,1.0,1.0,1.0,1.0,0.28301886792452796
16,1.0,0.320686020362101,0.14344262295081966,0.40909090909090917,0.45,0.4339622641509431
17,1.0,0.320686020362101,0.14344262295081966,0.40909090909090917,0.45,0.4339622641509431
18,1.0,0.320686020362101,0.14344262295081966,0.40909090909090917,0.45,0.4339622641509431
20,1.0,0.320686020362101,0.14344262295081966,0.40909090909090917,0.45,0.4339622641509431
21,1.0,0.320686020362101,0.14344262295081966,0.40909090909090917,0.45,0.4339622641509431
22,1.0,0.320686020362101,0.14344262295081966,0.40909090909090917,0.45,0.4339622641509431
24,0.7952921395544342,1.0,1.0,1.0,1.0,0.28301886792452796
26,0.0,0.0,0.0,0.0,0.0,1.0
27,0.0,0.0,0.0,0.0,0.0,1.0
28,0.0,0.0,0.0,0.0,0.0,1.0
32,0.6911772814998617,0.9707695596123475,0.9959016393442623,0.9301075268817205,0.940217391304348,0.0
33,0.6911772814998617,0.9707695596123475,0.9959016393442623,0.9301075268817205,0.940217391304348,0.0
35,0.6911772814998617,0.9707695596123475,0.9959016393442623,0.9301075268817205,0.940217391304348,0.0
36,0.6911772814998617,0.9707695596123475,0.9959016393442623,0.9301075268817205,0.940217391304348,0.0
38,0.6911772814998617,0.9707695596123475,0.9959016393442623,0.9301075268817205,0.940217391304348,0.0
39,0.6911772814998617,0.9707695596123475,0.9959016393442623,0.9301075268817205,0.940217391304348,0.0
