5,0.8584905660377358,0.9244162777371755,0.891891891891892,0.7547169811320754,0.7636363636363637,0.0
7,0.8584905660377358,0.9244162777371755,0.891891891891892,0.7547169811320754,0.7636363636363637,0.0
9,0.8584905660377358,0.9244162777371755,0.891891891891892,0.7547169811320754,0.7636363636363637,0.0
11,0.8584905660377358,0.9244162777371755,0.891891891891892,0.7547169811320754,0.7636363636363637,0.0
12,0.8584905660377358,0.9244162777371755,0.891891891891892,0.7547169811320754,0.7636363636363637,0.0
15,0.8584905660377358,0.9244162777371755,0.891891891891892,0.7547169811320754,0.7636363636363637,0.0
16,0.8584905660377358,0.9244162777371755,0.891891891891892,0.7547169811320754,0.7636363636363637,0.0
17,0.8584905660377358,0.9244162777371755,0.891891891891892,0.7547169811320754,0.7636363636363637,0.0
19,0.8584905660377358,0.9244162777371755,0.891891891891892,0.7547169811320754,0.7636363636363637,0.0
21,0.8584905660377358,0.9244162777371755,0.891891891891892,0.7547169811320754,0.7636363636363637,0.0
22,0.0,0.0,0.0,0.0,0.0,1.0
24,0.8584905660377358,0.9244162777371755,0.891891891891892,0.7547169811320754,0.7636363636363637,0.0
26,0.8666666666666666,0.9329364235414814,0.9054054054054056,0.7692307692307693,0.7777777777777778,0.09090909090909088
28,0.91,0.9793792286287205,0.9729729729729731,0.8510638297872339,0.8571428571428571,0.5454545454545453
30,0.8666666666666666,0.9329364235414814,0.9054054054054056,0.7692307692307693,0.7777777777777778,0.09090909090909088
34,0.8834951456310679,0.9507082380237136,0.9324324324324325,0.7999999999999999,0.8076923076923078,0.27272727272727265
36,0.8834951456310679,0.9507082380237136,0.9324324324324325,0.7999999999999999,0.8076923076923078,0.27272727272727265
37,0.8834951456310679,0.9507082380237136,0.9324324324324325,0.7999999999999999,0.8076923076923078,0.27272727272727265
39,0.9285714285714286,1.0,1.0,0.8888888888888888,0.8936170212765958,0.7272727272727271
41,0.7520661157024794,0.5794085654478071,0.41891891891891897,0.5714285714285714,0.5833333333333334,0.6818181818181817
42,0.7520661157024794,0.5794085654478071,0.41891891891891897,0.5714285714285714,0.5833333333333334,0.6818181818181817
47,0.8584905660377358,0.9244162777371755,0.891891891891892,0.7547169811320754,0.7636363636363637,0.0
48,0.0,0.0,0.13513513513513514,0.0,0.0,0.0909090909090909
49,0.8666666666666666,0.9329364235414814,0.9054054054054056,0.7692307692307693,0.7777777777777778,0.09090909090909088
50,0.0,0.0,0.14864864864864866,0.0,0.0,0.0
51,0.8666666666666666,0.9329364235414814,0.9054054054054056,0.7692307692307693,0.7777777777777778,0.09090909090909088
52,1.0,0.7664854858377946,0.6216216216216217,1.0,1.0,0.6818181818181819
54,0.7647058823529411,0.5878675320972554,0.43243243243243246,0.588235294117647,0.6,0.5909090909090907
56,0.8584905660377358,0.9244162777371755,0.891891891891892,0.7547169811320754,0.7636363636363637,0.0
