2,0.5526315789473684,0.38729833462074165,0.3461538461538462,0.10526315789473684,0.15000000000000002,0.0
6,0.5526315789473684,0.38729833462074165,0.3461538461538462,0.10526315789473684,0.15000000000000002,0.0
7,0.5526315789473684,0.38729833462074165,0.3461538461538462,0.10526315789473684,0.15000000000000002,0.0
8,0.7241379310344828,0.5222329678670935,0.6923076923076923,0.2,0.27272727272727276,0.5294117647058824
9,1.0,1.0,1.0,1.0,1.0,1.0
10,1.0,1.0,1.0,1.0,1.0,1.0
13,0.0,0.0,0.0,0.0,0.0,0.47058823529411764
14,0.0,0.0,0.0,0.0,0.0,0.47058823529411764
16,0.0,0.0,0.11538461538461539,0.0,0.0,0.2941176470588235
18,0.0,0.0,0.11538461538461539,0.0,0.0,0.2941176470588235
19,0.0,0.0,0.11538461538461539,0.0,0.0,0.2941176470588235
20,0.0,0.0,0.11538461538461539,0.0,0.0,0.2941176470588235
24,0.0,0.0,0.1923076923076923,0.0,0.0,0.1764705882352941
26,0.0,0.0,0.1923076923076923,0.0,0.0,0.1764705882352941
27,0.0,0.0,0.1923076923076923,0.0,0.0,0.1764705882352941
29,0.0,0.0,0.0,0.0,0.0,0.47058823529411764
30,0.0,0.0,0.07692307692307694,0.0,0.0,0.3529411764705882
32,0.5526315789473684,0.38729833462074165,0.3461538461538462,0.10526315789473684,0.15000000000000002,0.0
