2,0.2557471264367815,1.0,1.0,1.0,1.0,0.0
4,0.2557471264367815,1.0,1.0,1.0,1.0,0.0
5,0.2557471264367815,1.0,1.0,1.0,1.0,0.0
6,0.2557471264367815,1.0,1.0,1.0,1.0,0.0
8,1.0,0.0,0.0,0.0,0.0,0.9999999999999999
9,1.0,0.0,0.0,0.0,0.0,0.9999999999999999
13,0.0,0.3329517641209695,0.45953757225433517,0.2641048034934498,0.3918221516474792,1.0
14,0.0,0.3329517641209695,0.45953757225433517,0.2641048034934498,0.3918221516474792,1.0
16,0.2557471264367815,1.0,1.0,1.0,1.0,0.0
18,0.2557471264367815,1.0,1.0,1.0,1.0,0.0
19,0.2557471264367815,1.0,1.0,1.0,1.0,0.0
20,0.2557471264367815,1.0,1.0,1.0,1.0,0.0
22,0.2557471264367815,1.0,1.0,1.0,1.0,0.0
