4,0.888888888888889,1.0,1.0,0.875,0.9000000000000001,0.75
6,0.888888888888889,1.0,1.0,0.875,0.9000000000000001,0.75
7,0.888888888888889,1.0,1.0,0.875,0.9000000000000001,0.75
8,0.888888888888889,1.0,1.0,0.875,0.9000000000000001,0.75
11,0.8,0.9128709291752769,0.9230769230769231,0.7000000000000001,0.75,0.0
15,0.8,0.9128709291752769,0.9230769230769231,0.7000000000000001,0.75,0.0
16,0.8,0.9128709291752769,0.9230769230769231,0.7000000000000001,0.75,0.0
17,0.8,0.9128709291752769,0.9230769230769231,0.7000000000000001,0.75,0.0
18,0.8,0.9128709291752769,0.9230769230769231,0.7000000000000001,0.75,0.0
20,0.8,0.9128709291752769,0.9230769230769231,0.7000000000000001,0.75,0.0
21,0.8,0.9128709291752769,0.9230769230769231,0.7000000000000001,0.75,0.0
22,0.8,0.9128709291752769,0.9230769230769231,0.7000000000000001,0.75,0.0
23,0.888888888888889,0.816496580927726,0.6923076923076923,0.7777777777777778,0.8181818181818182,0.5
24,0.888888888888889,0.816496580927726,0.6923076923076923,0.7777777777777778,0.8181818181818182,0.5
25,0.761904761904762,0.7161148740394329,0.6153846153846154,0.5833333333333334,0.6428571428571429,0.25
26,0.0,0.0,0.0,0.0,0.0,0.7500000000000002
27,0.0,0.0,0.0,0.0,0.0,0.7500000000000002
30,0.8,0.9128709291752769,0.9230769230769231,0.7000000000000001,0.75,0.0
32,0.8,0.9128709291752769,0.9230769230769231,0.7000000000000001,0.75,0.0
33,0.8,0.9128709291752769,0.9230769230769231,0.7000000000000001,0.75,0.0
34,0.888888888888889,0.816496580927726,0.6923076923076923,0.7777777777777778,0.8181818181818182,0.5
35,0.888888888888889,0.816496580927726,0.6923076923076923,0.7777777777777778,0.8181818181818182,0.5
36,0.8571428571428571,0.9682458365518544,0.9743589743589743,0.8076923076923078,0.84375,0.5
37,0.8,0.5270462766947299,0.358974358974359,0.5,0.5625,0.0
38,0.8,0.5270462766947299,0.358974358974359,0.5,0.5625,0.0
41,0.8,0.9128709291752769,0.9230769230769231,0.7000000000000001,0.75,0.0
42,0.8,0.9128709291752769,0.9230769230769231,0.7000000000000001,0.75,0.0
44,0.8,0.9128709291752769,0.9230769230769231,0.7000000000000001,0.75,0.0
45,0.888888888888889,0.816496580927726,0.6923076923076923,0.7777777777777778,0.8181818181818182,0.5
46,1.0,0.912870929175277,0.7435897435897436,1.0,1.0,1.0
47,0.888888888888889,0.5773502691896257,0.38461538461538464,0.5833333333333334,0.6428571428571429,0.25
49,0.6666666666666666,0.4564354645876385,0.3076923076923077,0.3888888888888889,0.45000000000000007,0.5000000000000002
50,0.6666666666666666,0.4564354645876385,0.3076923076923077,0.3888888888888889,0.45000000000000007,0.5000000000000002
51,0.7272727272727272,0.4879500364742666,0.3333333333333333,0.4375,0.5,0.2500000000000002
52,0.0,0.0,0.05128205128205128,0.0,0.0,0.25000000000000006
54,0.8,0.9128709291752769,0.9230769230769231,0.7000000000000001,0.75,0.0
55,0.8,0.9128709291752769,0.9230769230769231,0.7000000000000001,0.75,0.0
