2,0.0,0.5680352909979516,0.7272727272727274,0.18181818181818166,0.1964285714285712,0.0
3,0.0,0.5680352909979516,0.7272727272727274,0.18181818181818166,0.1964285714285712,0.0
4,0.0,0.5680352909979516,0.7272727272727274,0.18181818181818166,0.1964285714285712,0.0
5,0.0,0.5680352909979516,0.7272727272727274,0.18181818181818166,0.1964285714285712,0.0
6,0.0,0.5680352909979516,0.7272727272727274,0.18181818181818166,0.1964285714285712,0.0
7,0.0,0.5680352909979516,0.7272727272727274,0.18181818181818166,0.1964285714285712,0.0
9,0.0,0.5680352909979516,0.7272727272727274,0.18181818181818166,0.1964285714285712,0.0
11,0.0,0.5680352909979516,0.7272727272727274,0.18181818181818166,0.1964285714285712,0.0
13,1.0,1.0,1.0,1.0,1.0,1.0
15,0.14728682170542656,0.0,0.0,0.0,0.0,0.11111111111111102
17,1.0,1.0,1.0,1.0,1.0,1.0
19,0.0,0.5680352909979516,0.7272727272727274,0.18181818181818166,0.1964285714285712,0.0
20,0.0,0.5680352909979516,0.7272727272727274,0.18181818181818166,0.1964285714285712,0.0
