2,0.6936655405405407,1.0,1.0,0.7297297297297298,0.75,0.0
3,0.6936655405405407,1.0,1.0,0.7297297297297298,0.75,0.0
4,0.6936655405405407,1.0,1.0,0.7297297297297298,0.75,0.0
5,0.6936655405405407,1.0,1.0,0.7297297297297298,0.75,0.0
6,0.6936655405405407,1.0,1.0,0.7297297297297298,0.75,0.0
7,0.6936655405405407,1.0,1.0,0.7297297297297298,0.75,0.0
8,0.8526785714285721,0.9456778403680811,0.8015267175572519,0.8901098901098903,0.9,0.5227272727272729
9,0.8526785714285721,0.9456778403680811,0.8015267175572519,0.8901098901098903,0.9,0.5227272727272729
10,0.8526785714285721,0.9456778403680811,0.8015267175572519,0.8901098901098903,0.9,0.5227272727272729
12,0.6936655405405407,1.0,1.0,0.7297297297297298,0.75,0.0
13,0.3814614661654136,0.5141206701984303,0.46564885496183206,0.3506493506493507,0.375,1.0
14,0.0,0.0,0.0,0.0,0.0,0.9772727272727273
15,0.0,0.0,0.0,0.0,0.0,0.9772727272727273
16,0.0,0.0,0.0,0.0,0.0,0.9772727272727273
19,0.6809983221476514,0.4584958019813939,0.29770992366412213,0.5238095238095238,0.5500000000000002,0.022727272727272728
20,0.6809983221476514,0.4584958019813939,0.29770992366412213,0.5238095238095238,0.5500000000000002,0.022727272727272728
21,0.6809983221476514,0.4584958019813939,0.29770992366412213,0.5238095238095238,0.5500000000000002,0.022727272727272728
23,0.6936655405405407,1.0,1.0,0.7297297297297298,0.75,0.0
24,0.8402609223300973,0.7506251271253668,0.5572519083969466,0.7959183673469388,0.8125000000000001,0.36363636363636365
25,0.8402609223300973,0.7506251271253668,0.5572519083969466,0.7959183673469388,0.8125000000000001,0.36363636363636365
26,0.8402609223300973,0.7506251271253668,0.5572519083969466,0.7959183673469388,0.8125000000000001,0.36363636363636365
27,0.8402609223300973,0.7506251271253668,0.5572519083969466,0.7959183673469388,0.8125000000000001,0.36363636363636365
29,0.6936655405405407,1.0,1.0,0.7297297297297298,0.75,0.0
30,0.36679469273743026,0.32986659618965547,0.25190839694656486,0.2857142857142857,0.30769230769230776,0.7045454545454544
32,1.0,0.842585029410397,0.5801526717557253,1.0,1.0,0.7045454545454544
33,0.6936655405405407,1.0,1.0,0.7297297297297298,0.75,0.0
