2,0,1.0,1.0,1.0,1.0,1.0
5,0,1.0,1.0,1.0,1.0,1.0
6,0,1.0,1.0,1.0,1.0,1.0
8,0,1.0,1.0,1.0,1.0,1.0
10,0,1.0,1.0,1.0,1.0,1.0
12,0,1.0,1.0,1.0,1.0,1.0
14,0,1.0,1.0,1.0,1.0,1.0
16,0,0.08956288869899433,0.05555555555555555,0.001092749188843872,0.055555555555555566,0.055555555555555566
18,0,0.9868810443516617,0.9814814814814815,0.9845670191483282,0.9814814814814815,0.9814814814814815
20,0,0.0,0.0,0.0,0.0,0.0
22,0,0.9868810443516617,0.9814814814814815,0.9845670191483282,0.9814814814814815,0.9814814814814815
24,0,0.21962805855870823,0.14814814814814814,0.0032307367322340548,0.14814814814814817,0.14814814814814817
26,0,0.9868810443516617,0.9814814814814815,0.9845670191483282,0.9814814814814815,0.9814814814814815
28,0,0.354720903315331,0.25925925925925924,0.006501857673621035,0.2592592592592593,0.2592592592592593
30,0,1.0,1.0,1.0,1.0,1.0
32,0,0.14400085630322088,0.09259259259259259,0.0018955853275863075,0.0925925925925926,0.0925925925925926
34,0,0.9868810443516617,0.9814814814814815,0.9845670191483282,0.9814814814814815,0.9814814814814815
36,0,0.0,0.0,0.0,0.0,0.0
38,0,0.9868810443516617,0.9814814814814815,0.9845670191483282,0.9814814814814815,0.9814814814814815
40,0,0.24348936693683976,0.16666666666666666,0.003715347242069163,0.16666666666666669,0.16666666666666669
42,0,0.9868810443516617,0.9814814814814815,0.9845670191483282,0.9814814814814815,0.9814814814814815
44,0,0.24348936693683976,0.16666666666666666,0.003715347242069163,0.16666666666666669,0.16666666666666669
48,0,1.0,1.0,1.0,1.0,1.0
49,0,1.0,1.0,1.0,1.0,1.0
51,0,0.3334338557646861,0.24074074074074073,0.005890184652060868,0.24074074074074078,0.24074074074074078
53,0,0.6503873085910119,0.5555555555555556,0.02322092026293227,0.5555555555555556,0.5555555555555556
55,0,0.3755862998747189,0.2777777777777778,0.007144898542440697,0.2777777777777778,0.2777777777777778
57,0,0.1172359010447268,0.07407407407407407,0.0014861388968276652,0.07407407407407408,0.07407407407407408
59,0,0.1172359010447268,0.07407407407407407,0.0014861388968276652,0.07407407407407408,0.07407407407407408
61,0,1.0,1.0,1.0,1.0,1.0
