12,0.25192427709590165,0.9259907855540904,1.0,0.670846394984326,0.8681541582150102,0.0
14,0.25192427709590165,0.9259907855540904,1.0,0.670846394984326,0.8681541582150102,0.0
16,0.25192427709590165,0.9259907855540904,1.0,0.670846394984326,0.8681541582150102,0.0
18,0.25192427709590165,0.9259907855540904,1.0,0.670846394984326,0.8681541582150102,0.0
20,0.25192427709590165,0.9259907855540904,1.0,0.670846394984326,0.8681541582150102,0.0
22,0.25192427709590165,0.9259907855540904,1.0,0.670846394984326,0.8681541582150102,0.0
23,0.25192427709590165,0.9259907855540904,1.0,0.670846394984326,0.8681541582150102,0.0
24,0.25192427709590165,0.9259907855540904,1.0,0.670846394984326,0.8681541582150102,0.0
28,0.25192427709590165,0.9259907855540904,1.0,0.670846394984326,0.8681541582150102,0.0
29,0.25192427709590165,0.9259907855540904,1.0,0.670846394984326,0.8681541582150102,0.0
30,0.25192427709590165,0.9259907855540904,1.0,0.670846394984326,0.8681541582150102,0.0
33,0.25192427709590165,0.9259907855540904,1.0,0.670846394984326,0.8681541582150102,0.0
35,0.20233918128654949,0.8771711148940572,0.9423076923076923,0.5775862068965517,0.8154158215010142,0.09482758620689649
39,0.20233918128654949,0.8771711148940572,0.9423076923076923,0.5775862068965517,0.8154158215010142,0.09482758620689649
40,0.20233918128654949,0.8771711148940572,0.9423076923076923,0.5775862068965517,0.8154158215010142,0.09482758620689649
42,0.20233918128654949,0.8771711148940572,0.9423076923076923,0.5775862068965517,0.8154158215010142,0.09482758620689649
43,0.20233918128654949,0.8771711148940572,0.9423076923076923,0.5775862068965517,0.8154158215010142,0.09482758620689649
45,0.20233918128654949,0.8771711148940572,0.9423076923076923,0.5775862068965517,0.8154158215010142,0.09482758620689649
46,0.20233918128654949,0.8771711148940572,0.9423076923076923,0.5775862068965517,0.8154158215010142,0.09482758620689649
47,0.20233918128654949,0.8771711148940572,0.9423076923076923,0.5775862068965517,0.8154158215010142,0.09482758620689649
48,0.20233918128654949,0.8771711148940572,0.9423076923076923,0.5775862068965517,0.8154158215010142,0.09482758620689649
50,0.20233918128654949,0.8771711148940572,0.9423076923076923,0.5775862068965517,0.8154158215010142,0.09482758620689649
51,0.20233918128654949,0.8771711148940572,0.9423076923076923,0.5775862068965517,0.8154158215010142,0.09482758620689649
53,0.25192427709590165,0.9259907855540904,1.0,0.670846394984326,0.8681541582150102,0.0
55,0.25192427709590165,0.9259907855540904,1.0,0.670846394984326,0.8681541582150102,0.0
57,0.20233918128654949,0.8771711148940572,0.9423076923076923,0.5775862068965517,0.8154158215010142,0.09482758620689649
58,0.20233918128654949,0.8771711148940572,0.9423076923076923,0.5775862068965517,0.8154158215010142,0.09482758620689649
59,0.20233918128654949,0.8771711148940572,0.9423076923076923,0.5775862068965517,0.8154158215010142,0.09482758620689649
60,0.20233918128654949,0.8771711148940572,0.9423076923076923,0.5775862068965517,0.8154158215010142,0.09482758620689649
62,0.25192427709590165,0.9259907855540904,1.0,0.670846394984326,0.8681541582150102,0.0
64,0.25192427709590165,0.9259907855540904,1.0,0.670846394984326,0.8681541582150102,0.0
66,0.25192427709590165,0.9259907855540904,1.0,0.670846394984326,0.8681541582150102,0.0
67,0.25192427709590165,0.9259907855540904,1.0,0.670846394984326,0.8681541582150102,0.0
69,0.25192427709590165,0.9259907855540904,1.0,0.670846394984326,0.8681541582150102,0.0
70,0.25192427709590165,0.9259907855540904,1.0,0.670846394984326,0.8681541582150102,0.0
72,0.25192427709590165,0.9259907855540904,1.0,0.670846394984326,0.8681541582150102,0.0
73,0.25192427709590165,0.9259907855540904,1.0,0.670846394984326,0.8681541582150102,0.0
75,0.25192427709590165,0.9259907855540904,1.0,0.670846394984326,0.8681541582150102,0.0
77,0.25192427709590165,0.9259907855540904,1.0,0.670846394984326,0.8681541582150102,0.0
78,0.25192427709590165,0.9259907855540904,1.0,0.670846394984326,0.8681541582150102,0.0
80,0.25192427709590165,0.9259907855540904,1.0,0.670846394984326,0.8681541582150102,0.0
81,0.25192427709590165,0.9259907855540904,1.0,0.670846394984326,0.8681541582150102,0.0
83,1.0,1.0,0.9134615384615384,1.0,1.0,1.0
86,0.25192427709590165,0.9259907855540904,1.0,0.670846394984326,0.8681541582150102,0.0
88,0.20233918128654949,0.346378390673433,0.2788461538461539,0.1149425287356322,0.29556650246305416,0.043103448275862065
89,0.20233918128654949,0.346378390673433,0.2788461538461539,0.1149425287356322,0.29556650246305416,0.043103448275862065
91,0.20233918128654949,0.346378390673433,0.2788461538461539,0.1149425287356322,0.29556650246305416,0.043103448275862065
92,0.20233918128654949,0.346378390673433,0.2788461538461539,0.1149425287356322,0.29556650246305416,0.043103448275862065
93,0.20233918128654949,0.346378390673433,0.2788461538461539,0.1149425287356322,0.29556650246305416,0.043103448275862065
97,0.2916276456265218,0.5167193240090436,0.44711538461538464,0.20797413793103448,0.4589774078478003,0.043103448275862065
99,0.0,0.0,0.0,0.0,0.0,0.12068965517241377
100,0.0,0.0,0.0,0.0,0.0,0.12068965517241377
102,0.0,0.0,0.0,0.0,0.0,0.12068965517241377
103,0.0,0.0,0.0,0.0,0.0,0.12068965517241377
104,0.0,0.0,0.0,0.0,0.0,0.12068965517241377
108,0.25192427709590165,0.9259907855540904,1.0,0.670846394984326,0.8681541582150102,0.0
110,0.25192427709590165,0.9259907855540904,1.0,0.670846394984326,0.8681541582150102,0.0
112,0.25192427709590165,0.9259907855540904,1.0,0.670846394984326,0.8681541582150102,0.0
113,0.25192427709590165,0.9259907855540904,1.0,0.670846394984326,0.8681541582150102,0.0
115,0.25192427709590165,0.9259907855540904,1.0,0.670846394984326,0.8681541582150102,0.0
