16,0,1.0,1.0,1.0,1.0,1.0
18,0,1.0,1.0,1.0,1.0,1.0
20,0,1.0,1.0,1.0,1.0,1.0
22,0,1.0,1.0,1.0,1.0,1.0
23,0,1.0,1.0,1.0,1.0,1.0
26,0,1.0,1.0,1.0,1.0,1.0
27,0,1.0,1.0,1.0,1.0,1.0
29,0,1.0,1.0,1.0,1.0,1.0
34,0,1.0,1.0,1.0,1.0,1.0
35,0,1.0,1.0,1.0,1.0,1.0
38,0,1.0,1.0,1.0,1.0,1.0
39,0,1.0,1.0,1.0,1.0,1.0
40,0,1.0,1.0,1.0,1.0,1.0
42,0,1.0,1.0,1.0,1.0,1.0
43,0,1.0,1.0,1.0,1.0,1.0
44,0,1.0,1.0,1.0,1.0,1.0
46,0,1.0,1.0,1.0,1.0,1.0
47,0,0.7320508075688772,0.6666666666666666,0.13559322033898302,0.6666666666666666,0.6666666666666666
49,0,1.0,1.0,1.0,1.0,1.0
50,0,1.0,1.0,1.0,1.0,1.0
53,0,1.0,1.0,1.0,1.0,1.0
57,0,1.0,1.0,1.0,1.0,1.0
58,0,0.34164078649987384,0.26666666666666666,0.02465331278890601,0.26666666666666666,0.26666666666666666
61,0,1.0,1.0,1.0,1.0,1.0
62,0,0.0,0.0,0.0,0.0,0.0
63,0,0.0,0.0,0.0,0.0,0.0
67,0,1.0,1.0,1.0,1.0,1.0
68,0,1.0,1.0,1.0,1.0,1.0
69,0,1.0,1.0,1.0,1.0,1.0
71,0,1.0,1.0,1.0,1.0,1.0
