2,0.8999999999999999,1.0,1.0,1.0,1.0,0.0
5,0.8999999999999999,1.0,1.0,1.0,1.0,0.0
8,0.8999999999999999,1.0,1.0,1.0,1.0,0.0
9,0.8999999999999999,1.0,1.0,1.0,1.0,0.0
11,0.8999999999999999,1.0,1.0,1.0,1.0,0.0
12,0.8999999999999999,1.0,1.0,1.0,1.0,0.0
13,0.8999999999999999,1.0,1.0,1.0,1.0,0.0
15,0.8999999999999999,1.0,1.0,1.0,1.0,0.0
17,0.8999999999999999,1.0,1.0,1.0,1.0,0.0
19,0.8999999999999999,1.0,1.0,1.0,1.0,0.0
20,1.0,0.75,0.625,0.625,0.75,0.09999999999999998
21,0.8999999999999999,1.0,1.0,1.0,1.0,0.0
22,0.8999999999999999,1.0,1.0,1.0,1.0,0.0
23,0.0,0.0,0.0,0.0,0.0,1.0
24,0.8999999999999999,1.0,1.0,1.0,1.0,0.0
