4,0.9868421052631581,0.987096233585649,0.9722222222222222,0.9736842105263157,0.9743589743589743,0.0
7,0.9868421052631581,0.987096233585649,0.9722222222222222,0.9736842105263157,0.9743589743589743,0.0
8,0.9868421052631581,0.987096233585649,0.9722222222222222,0.9736842105263157,0.9743589743589743,0.0
9,0.9868421052631581,0.987096233585649,0.9722222222222222,0.9736842105263157,0.9743589743589743,0.0
10,0.9868421052631581,0.987096233585649,0.9722222222222222,0.9736842105263157,0.9743589743589743,0.0
11,0.0,0.0,0.0,0.0,0.0,1.0
12,0.0,0.0,0.0,0.0,0.0,1.0
13,0.0,0.0,0.0,0.0,0.0,1.0
16,1.0,1.0,1.0,1.0,1.0,0.02941176470588232
17,1.0,1.0,1.0,1.0,1.0,0.02941176470588232
18,1.0,1.0,1.0,1.0,1.0,0.02941176470588232
21,0.9868421052631581,0.987096233585649,0.9722222222222222,0.9736842105263157,0.9743589743589743,0.0
24,0.9868421052631581,0.987096233585649,0.9722222222222222,0.9736842105263157,0.9743589743589743,0.0
