2,0.5,0.17149858514250882,0.23255813953488375,0.030303030303030304,0.029411764705882353,0.0
5,0.5,0.17149858514250882,0.23255813953488375,0.030303030303030304,0.029411764705882353,0.0
6,0.5,0.17149858514250882,0.23255813953488375,0.030303030303030304,0.029411764705882353,0.0
8,0.0,0.0,0.18604651162790697,0.0,0.0,0.030303030303030304
9,0.0,0.0,0.18604651162790697,0.0,0.0,0.030303030303030304
10,0.0,0.0,0.18604651162790697,0.0,0.0,0.030303030303030304
11,0.0,0.0,0.18604651162790697,0.0,0.0,0.030303030303030304
12,0.0,0.0,0.18604651162790697,0.0,0.0,0.030303030303030304
13,0.0,0.0,0.18604651162790697,0.0,0.0,0.030303030303030304
15,0.5076923076923077,0.17407765595569785,0.2558139534883721,0.03125,0.030303030303030304,0.030303030303030276
17,0.0,0.0,0.18604651162790697,0.0,0.0,0.030303030303030304
18,0.0,0.0,0.18604651162790697,0.0,0.0,0.030303030303030304
19,0.0,0.0,0.18604651162790697,0.0,0.0,0.030303030303030304
20,0.0,0.0,0.18604651162790697,0.0,0.0,0.030303030303030304
21,0.0,0.0,0.18604651162790697,0.0,0.0,0.030303030303030304
22,0.0,0.0,0.18604651162790697,0.0,0.0,0.030303030303030304
24,0.515625,0.17677669529663687,0.2790697674418605,0.03225806451612903,0.03125,0.06060606060606055
26,0.0,0.0,0.18604651162790697,0.0,0.0,0.030303030303030304
27,0.0,0.0,0.18604651162790697,0.0,0.0,0.030303030303030304
28,0.0,0.0,0.18604651162790697,0.0,0.0,0.030303030303030304
29,0.0,0.0,0.18604651162790697,0.0,0.0,0.030303030303030304
30,0.0,0.0,0.18604651162790697,0.0,0.0,0.030303030303030304
31,0.0,0.0,0.18604651162790697,0.0,0.0,0.030303030303030304
33,0.5238095238095238,0.1796053020267749,0.3023255813953489,0.03333333333333333,0.03225806451612903,0.09090909090909094
35,0.0,0.0,0.18604651162790697,0.0,0.0,0.030303030303030304
36,0.0,0.0,0.18604651162790697,0.0,0.0,0.030303030303030304
37,0.0,0.0,0.18604651162790697,0.0,0.0,0.030303030303030304
38,0.0,0.0,0.18604651162790697,0.0,0.0,0.030303030303030304
39,0.0,0.0,0.18604651162790697,0.0,0.0,0.030303030303030304
40,0.0,0.0,0.18604651162790697,0.0,0.0,0.030303030303030304
42,0.532258064516129,0.18257418583505536,0.32558139534883723,0.034482758620689655,0.03333333333333333,0.12121212121212122
44,0.0,0.0,0.18604651162790697,0.0,0.0,0.030303030303030304
45,0.0,0.0,0.18604651162790697,0.0,0.0,0.030303030303030304
46,0.0,0.0,0.18604651162790697,0.0,0.0,0.030303030303030304
47,0.0,0.0,0.18604651162790697,0.0,0.0,0.030303030303030304
48,0.0,0.0,0.18604651162790697,0.0,0.0,0.030303030303030304
49,0.0,0.0,0.18604651162790697,0.0,0.0,0.030303030303030304
51,0.540983606557377,0.18569533817705186,0.34883720930232565,0.03571428571428571,0.034482758620689655,0.1515151515151515
53,0.0,0.0,0.18604651162790697,0.0,0.0,0.030303030303030304
54,0.0,0.0,0.18604651162790697,0.0,0.0,0.030303030303030304
55,0.0,0.0,0.18604651162790697,0.0,0.0,0.030303030303030304
56,0.0,0.0,0.18604651162790697,0.0,0.0,0.030303030303030304
57,0.0,0.0,0.18604651162790697,0.0,0.0,0.030303030303030304
58,0.0,0.0,0.18604651162790697,0.0,0.0,0.030303030303030304
60,0.5499999999999999,0.1889822365046136,0.372093023255814,0.037037037037037035,0.03571428571428571,0.18181818181818177
62,0.0,0.0,0.18604651162790697,0.0,0.0,0.030303030303030304
63,0.0,0.0,0.18604651162790697,0.0,0.0,0.030303030303030304
64,0.0,0.0,0.18604651162790697,0.0,0.0,0.030303030303030304
65,0.0,0.0,0.18604651162790697,0.0,0.0,0.030303030303030304
66,0.0,0.0,0.18604651162790697,0.0,0.0,0.030303030303030304
67,0.0,0.0,0.18604651162790697,0.0,0.0,0.030303030303030304
69,0.5593220338983051,0.19245008972987526,0.39534883720930236,0.038461538461538464,0.037037037037037035,0.21212121212121215
71,0.0,0.0,0.18604651162790697,0.0,0.0,0.030303030303030304
72,0.0,0.0,0.18604651162790697,0.0,0.0,0.030303030303030304
73,0.0,0.0,0.18604651162790697,0.0,0.0,0.030303030303030304
74,0.0,0.0,0.18604651162790697,0.0,0.0,0.030303030303030304
75,0.0,0.0,0.18604651162790697,0.0,0.0,0.030303030303030304
76,0.0,0.0,0.18604651162790697,0.0,0.0,0.030303030303030304
78,0.5689655172413793,0.19611613513818404,0.4186046511627906,0.04,0.038461538461538464,0.24242424242424243
80,0.0,0.0,0.18604651162790697,0.0,0.0,0.030303030303030304
81,0.0,0.0,0.18604651162790697,0.0,0.0,0.030303030303030304
82,0.0,0.0,0.18604651162790697,0.0,0.0,0.030303030303030304
83,0.0,0.0,0.18604651162790697,0.0,0.0,0.030303030303030304
84,0.0,0.0,0.18604651162790697,0.0,0.0,0.030303030303030304
85,0.0,0.0,0.18604651162790697,0.0,0.0,0.030303030303030304
87,0.5789473684210527,0.2,0.4418604651162791,0.041666666666666664,0.04,0.2727272727272727
89,0.0,0.0,0.20930232558139536,0.0,0.0,0.0
90,0.0,0.0,0.20930232558139536,0.0,0.0,0.0
91,0.0,0.0,0.20930232558139536,0.0,0.0,0.0
92,0.0,0.0,0.20930232558139536,0.0,0.0,0.0
93,0.0,0.0,0.20930232558139536,0.0,0.0,0.0
94,0.0,0.0,0.20930232558139536,0.0,0.0,0.0
96,0.5789473684210527,0.2,0.4418604651162791,0.041666666666666664,0.04,0.2727272727272727
98,0.0,0.0,0.18604651162790697,0.0,0.0,0.030303030303030304
99,0.0,0.0,0.18604651162790697,0.0,0.0,0.030303030303030304
100,0.0,0.0,0.18604651162790697,0.0,0.0,0.030303030303030304
101,0.0,0.0,0.18604651162790697,0.0,0.0,0.030303030303030304
102,0.0,0.0,0.18604651162790697,0.0,0.0,0.030303030303030304
103,0.0,0.0,0.18604651162790697,0.0,0.0,0.030303030303030304
105,0.5892857142857143,0.20412414523193154,0.4651162790697674,0.043478260869565216,0.041666666666666664,0.303030303030303
107,0.0,0.0,0.18604651162790697,0.0,0.0,0.030303030303030304
108,0.0,0.0,0.18604651162790697,0.0,0.0,0.030303030303030304
109,0.0,0.0,0.18604651162790697,0.0,0.0,0.030303030303030304
110,0.0,0.0,0.18604651162790697,0.0,0.0,0.030303030303030304
111,0.0,0.0,0.18604651162790697,0.0,0.0,0.030303030303030304
112,0.0,0.0,0.18604651162790697,0.0,0.0,0.030303030303030304
114,0.6000000000000001,0.20851441405707477,0.48837209302325585,0.045454545454545456,0.043478260869565216,0.33333333333333337
116,0.0,0.0,0.18604651162790697,0.0,0.0,0.030303030303030304
117,0.0,0.0,0.18604651162790697,0.0,0.0,0.030303030303030304
118,0.0,0.0,0.18604651162790697,0.0,0.0,0.030303030303030304
119,0.0,0.0,0.18604651162790697,0.0,0.0,0.030303030303030304
120,0.0,0.0,0.18604651162790697,0.0,0.0,0.030303030303030304
121,0.0,0.0,0.18604651162790697,0.0,0.0,0.030303030303030304
123,0.6111111111111112,0.21320071635561041,0.5116279069767441,0.047619047619047616,0.045454545454545456,0.36363636363636365
125,0.0,0.0,0.18604651162790697,0.0,0.0,0.030303030303030304
126,0.0,0.0,0.18604651162790697,0.0,0.0,0.030303030303030304
127,0.0,0.0,0.18604651162790697,0.0,0.0,0.030303030303030304
128,0.0,0.0,0.18604651162790697,0.0,0.0,0.030303030303030304
129,0.0,0.0,0.18604651162790697,0.0,0.0,0.030303030303030304
130,0.0,0.0,0.18604651162790697,0.0,0.0,0.030303030303030304
132,0.6226415094339623,0.2182178902359924,0.5348837209302326,0.05,0.047619047619047616,0.3939393939393939
134,0.0,0.0,0.18604651162790697,0.0,0.0,0.030303030303030304
135,0.0,0.0,0.18604651162790697,0.0,0.0,0.030303030303030304
136,0.0,0.0,0.18604651162790697,0.0,0.0,0.030303030303030304
137,0.0,0.0,0.18604651162790697,0.0,0.0,0.030303030303030304
138,0.0,0.0,0.18604651162790697,0.0,0.0,0.030303030303030304
139,0.0,0.0,0.18604651162790697,0.0,0.0,0.030303030303030304
141,0.6346153846153847,0.22360679774997896,0.5581395348837209,0.05263157894736842,0.05,0.4242424242424242
143,0.0,0.0,0.18604651162790697,0.0,0.0,0.030303030303030304
144,0.0,0.0,0.18604651162790697,0.0,0.0,0.030303030303030304
145,0.0,0.0,0.18604651162790697,0.0,0.0,0.030303030303030304
146,0.0,0.0,0.18604651162790697,0.0,0.0,0.030303030303030304
147,0.0,0.0,0.18604651162790697,0.0,0.0,0.030303030303030304
148,0.0,0.0,0.18604651162790697,0.0,0.0,0.030303030303030304
150,0.6470588235294118,0.22941573387056174,0.5813953488372093,0.05555555555555555,0.05263157894736842,0.4545454545454546
152,0.0,0.0,0.18604651162790697,0.0,0.0,0.030303030303030304
153,0.0,0.0,0.18604651162790697,0.0,0.0,0.030303030303030304
154,0.0,0.0,0.18604651162790697,0.0,0.0,0.030303030303030304
155,0.0,0.0,0.18604651162790697,0.0,0.0,0.030303030303030304
156,0.0,0.0,0.18604651162790697,0.0,0.0,0.030303030303030304
157,0.0,0.0,0.18604651162790697,0.0,0.0,0.030303030303030304
159,0.66,0.23570226039551587,0.6046511627906976,0.058823529411764705,0.05555555555555555,0.48484848484848486
161,0.0,0.0,0.18604651162790697,0.0,0.0,0.030303030303030304
162,0.0,0.0,0.18604651162790697,0.0,0.0,0.030303030303030304
163,0.0,0.0,0.18604651162790697,0.0,0.0,0.030303030303030304
164,0.0,0.0,0.18604651162790697,0.0,0.0,0.030303030303030304
165,0.0,0.0,0.18604651162790697,0.0,0.0,0.030303030303030304
166,0.0,0.0,0.18604651162790697,0.0,0.0,0.030303030303030304
168,0.673469387755102,0.24253562503633297,0.6279069767441862,0.0625,0.058823529411764705,0.5151515151515151
170,0.0,0.0,0.18604651162790697,0.0,0.0,0.030303030303030304
171,0.0,0.0,0.18604651162790697,0.0,0.0,0.030303030303030304
172,0.0,0.0,0.18604651162790697,0.0,0.0,0.030303030303030304
173,0.0,0.0,0.18604651162790697,0.0,0.0,0.030303030303030304
174,0.0,0.0,0.18604651162790697,0.0,0.0,0.030303030303030304
175,0.0,0.0,0.18604651162790697,0.0,0.0,0.030303030303030304
177,0.6875,0.25,0.6511627906976745,0.06666666666666667,0.0625,0.5454545454545454
179,0.0,0.0,0.18604651162790697,0.0,0.0,0.030303030303030304
180,0.0,0.0,0.18604651162790697,0.0,0.0,0.030303030303030304
181,0.0,0.0,0.18604651162790697,0.0,0.0,0.030303030303030304
182,0.0,0.0,0.18604651162790697,0.0,0.0,0.030303030303030304
183,0.0,0.0,0.18604651162790697,0.0,0.0,0.030303030303030304
184,0.0,0.0,0.18604651162790697,0.0,0.0,0.030303030303030304
186,0.7021276595744681,0.2581988897471611,0.6744186046511629,0.07142857142857142,0.06666666666666667,0.5757575757575757
188,0.0,0.0,0.18604651162790697,0.0,0.0,0.030303030303030304
189,0.0,0.0,0.18604651162790697,0.0,0.0,0.030303030303030304
190,0.0,0.0,0.18604651162790697,0.0,0.0,0.030303030303030304
191,0.0,0.0,0.18604651162790697,0.0,0.0,0.030303030303030304
192,0.0,0.0,0.18604651162790697,0.0,0.0,0.030303030303030304
193,0.0,0.0,0.18604651162790697,0.0,0.0,0.030303030303030304
195,0.717391304347826,0.2672612419124244,0.6976744186046512,0.07692307692307693,0.07142857142857142,0.6060606060606061
197,0.0,0.0,0.18604651162790697,0.0,0.0,0.030303030303030304
198,0.0,0.0,0.18604651162790697,0.0,0.0,0.030303030303030304
199,0.0,0.0,0.18604651162790697,0.0,0.0,0.030303030303030304
200,0.0,0.0,0.18604651162790697,0.0,0.0,0.030303030303030304
201,0.0,0.0,0.18604651162790697,0.0,0.0,0.030303030303030304
202,0.0,0.0,0.18604651162790697,0.0,0.0,0.030303030303030304
204,0.7333333333333333,0.2773500981126146,0.7209302325581395,0.08333333333333333,0.07692307692307693,0.6363636363636364
206,0.0,0.0,0.18604651162790697,0.0,0.0,0.030303030303030304
207,0.0,0.0,0.18604651162790697,0.0,0.0,0.030303030303030304
208,0.0,0.0,0.18604651162790697,0.0,0.0,0.030303030303030304
209,0.0,0.0,0.18604651162790697,0.0,0.0,0.030303030303030304
210,0.0,0.0,0.18604651162790697,0.0,0.0,0.030303030303030304
211,0.0,0.0,0.18604651162790697,0.0,0.0,0.030303030303030304
213,0.75,0.2886751345948129,0.7441860465116279,0.09090909090909091,0.08333333333333333,0.6666666666666667
215,0.0,0.0,0.18604651162790697,0.0,0.0,0.030303030303030304
216,0.0,0.0,0.18604651162790697,0.0,0.0,0.030303030303030304
217,0.0,0.0,0.18604651162790697,0.0,0.0,0.030303030303030304
218,0.0,0.0,0.18604651162790697,0.0,0.0,0.030303030303030304
219,0.0,0.0,0.18604651162790697,0.0,0.0,0.030303030303030304
220,0.0,0.0,0.18604651162790697,0.0,0.0,0.030303030303030304
222,0.7674418604651163,0.30151134457776363,0.7674418604651162,0.1,0.09090909090909091,0.696969696969697
224,0.0,0.0,0.18604651162790697,0.0,0.0,0.030303030303030304
225,0.0,0.0,0.18604651162790697,0.0,0.0,0.030303030303030304
226,0.0,0.0,0.18604651162790697,0.0,0.0,0.030303030303030304
227,0.0,0.0,0.18604651162790697,0.0,0.0,0.030303030303030304
228,0.0,0.0,0.18604651162790697,0.0,0.0,0.030303030303030304
229,0.0,0.0,0.18604651162790697,0.0,0.0,0.030303030303030304
231,0.7857142857142857,0.31622776601683794,0.7906976744186047,0.1111111111111111,0.1,0.7272727272727273
233,1.0,1.0,1.0,1.0,1.0,1.0
234,1.0,1.0,1.0,1.0,1.0,1.0
235,1.0,1.0,1.0,1.0,1.0,1.0
236,1.0,1.0,1.0,1.0,1.0,1.0
237,1.0,1.0,1.0,1.0,1.0,1.0
238,1.0,1.0,1.0,1.0,1.0,1.0
240,0.0,0.0,0.0,0.0,0.0,0.2727272727272727
242,0.0,0.0,0.18604651162790697,0.0,0.0,0.030303030303030304
243,0.0,0.0,0.18604651162790697,0.0,0.0,0.030303030303030304
244,0.0,0.0,0.18604651162790697,0.0,0.0,0.030303030303030304
245,0.0,0.0,0.18604651162790697,0.0,0.0,0.030303030303030304
246,0.0,0.0,0.18604651162790697,0.0,0.0,0.030303030303030304
247,0.0,0.0,0.18604651162790697,0.0,0.0,0.030303030303030304
249,0.0,0.0,0.02325581395348838,0.0,0.0,0.24242424242424243
251,0.0,0.0,0.18604651162790697,0.0,0.0,0.030303030303030304
252,0.0,0.0,0.18604651162790697,0.0,0.0,0.030303030303030304
253,0.0,0.0,0.18604651162790697,0.0,0.0,0.030303030303030304
254,0.0,0.0,0.18604651162790697,0.0,0.0,0.030303030303030304
255,0.0,0.0,0.18604651162790697,0.0,0.0,0.030303030303030304
256,0.0,0.0,0.18604651162790697,0.0,0.0,0.030303030303030304
258,0.0,0.0,0.04651162790697676,0.0,0.0,0.21212121212121213
260,0.0,0.0,0.18604651162790697,0.0,0.0,0.030303030303030304
261,0.0,0.0,0.18604651162790697,0.0,0.0,0.030303030303030304
262,0.0,0.0,0.18604651162790697,0.0,0.0,0.030303030303030304
263,0.0,0.0,0.18604651162790697,0.0,0.0,0.030303030303030304
264,0.0,0.0,0.18604651162790697,0.0,0.0,0.030303030303030304
265,0.0,0.0,0.18604651162790697,0.0,0.0,0.030303030303030304
267,0.0,0.0,0.06976744186046512,0.0,0.0,0.18181818181818182
269,0.0,0.0,0.18604651162790697,0.0,0.0,0.030303030303030304
270,0.0,0.0,0.18604651162790697,0.0,0.0,0.030303030303030304
271,0.0,0.0,0.18604651162790697,0.0,0.0,0.030303030303030304
272,0.0,0.0,0.18604651162790697,0.0,0.0,0.030303030303030304
273,0.0,0.0,0.18604651162790697,0.0,0.0,0.030303030303030304
274,0.0,0.0,0.18604651162790697,0.0,0.0,0.030303030303030304
276,0.0,0.0,0.09302325581395349,0.0,0.0,0.15151515151515152
278,0.0,0.0,0.18604651162790697,0.0,0.0,0.030303030303030304
279,0.0,0.0,0.18604651162790697,0.0,0.0,0.030303030303030304
280,0.0,0.0,0.18604651162790697,0.0,0.0,0.030303030303030304
281,0.0,0.0,0.18604651162790697,0.0,0.0,0.030303030303030304
282,0.0,0.0,0.18604651162790697,0.0,0.0,0.030303030303030304
283,0.0,0.0,0.18604651162790697,0.0,0.0,0.030303030303030304
285,0.0,0.0,0.11627906976744187,0.0,0.0,0.12121212121212122
287,0.0,0.0,0.18604651162790697,0.0,0.0,0.030303030303030304
288,0.0,0.0,0.18604651162790697,0.0,0.0,0.030303030303030304
289,0.0,0.0,0.18604651162790697,0.0,0.0,0.030303030303030304
290,0.0,0.0,0.18604651162790697,0.0,0.0,0.030303030303030304
291,0.0,0.0,0.18604651162790697,0.0,0.0,0.030303030303030304
292,0.0,0.0,0.18604651162790697,0.0,0.0,0.030303030303030304
294,0.0,0.0,0.13953488372093023,0.0,0.0,0.09090909090909091
296,0.0,0.0,0.18604651162790697,0.0,0.0,0.030303030303030304
297,0.0,0.0,0.18604651162790697,0.0,0.0,0.030303030303030304
298,0.0,0.0,0.18604651162790697,0.0,0.0,0.030303030303030304
299,0.0,0.0,0.18604651162790697,0.0,0.0,0.030303030303030304
300,0.0,0.0,0.18604651162790697,0.0,0.0,0.030303030303030304
301,0.0,0.0,0.18604651162790697,0.0,0.0,0.030303030303030304
303,0.0,0.0,0.16279069767441862,0.0,0.0,0.06060606060606061
305,0.0,0.0,0.18604651162790697,0.0,0.0,0.030303030303030304
306,0.0,0.0,0.18604651162790697,0.0,0.0,0.030303030303030304
307,0.0,0.0,0.18604651162790697,0.0,0.0,0.030303030303030304
308,0.0,0.0,0.18604651162790697,0.0,0.0,0.030303030303030304
309,0.0,0.0,0.18604651162790697,0.0,0.0,0.030303030303030304
310,0.0,0.0,0.18604651162790697,0.0,0.0,0.030303030303030304
312,0.0,0.0,0.18604651162790697,0.0,0.0,0.030303030303030304
314,0.0,0.0,0.18604651162790697,0.0,0.0,0.030303030303030304
315,0.0,0.0,0.18604651162790697,0.0,0.0,0.030303030303030304
316,0.0,0.0,0.18604651162790697,0.0,0.0,0.030303030303030304
317,0.0,0.0,0.18604651162790697,0.0,0.0,0.030303030303030304
318,0.0,0.0,0.18604651162790697,0.0,0.0,0.030303030303030304
319,0.0,0.0,0.18604651162790697,0.0,0.0,0.030303030303030304
321,0.5,0.17149858514250882,0.23255813953488375,0.030303030303030304,0.029411764705882353,0.0
