4,0,0.3371982658745994,0.2857142857142857,0.02939297124600639,0.2857142857142856,0.2857142857142856
6,0,0.3371982658745994,0.2857142857142857,0.02939297124600639,0.2857142857142856,0.2857142857142856
9,0,1.0,1.0,1.0,1.0,1.0
12,0,1.0,1.0,1.0,1.0,1.0
13,0,1.0,1.0,1.0,1.0,1.0
14,0,1.0,1.0,1.0,1.0,1.0
15,0,1.0,1.0,1.0,1.0,1.0
17,0,0.0,0.0,0.0,0.0,0.0
18,0,0.0,0.0,0.0,0.0,0.0
20,0,0.41298828823643047,0.35714285714285715,0.04082357117500887,0.35714285714285715,0.35714285714285715
21,0,0.41298828823643047,0.35714285714285715,0.04082357117500887,0.35714285714285715,0.35714285714285715
22,0,0.41298828823643047,0.35714285714285715,0.04082357117500887,0.35714285714285715,0.35714285714285715
