2,0.7666666666666666,0.75,0.6111111111111112,0.5333333333333333,0.5625,0.0
4,0.7666666666666666,0.75,0.6111111111111112,0.5333333333333333,0.5625,0.0
6,0.7666666666666666,0.75,0.6111111111111112,0.5333333333333333,0.5625,0.0
8,0.7666666666666666,0.75,0.6111111111111112,0.5333333333333333,0.5625,0.0
9,0.7666666666666666,0.75,0.6111111111111112,0.5333333333333333,0.5625,0.0
10,0.7666666666666666,0.75,0.6111111111111112,0.5333333333333333,0.5625,0.0
12,0.7666666666666666,0.75,0.6111111111111112,0.5333333333333333,0.5625,0.0
13,0.7666666666666666,0.75,0.6111111111111112,0.5333333333333333,0.5625,0.0
14,0.7666666666666666,0.75,0.6111111111111112,0.5333333333333333,0.5625,0.0
16,0.7666666666666666,0.75,0.6111111111111112,0.5333333333333333,0.5625,0.0
18,0.7666666666666666,0.75,0.6111111111111112,0.5333333333333333,0.5625,0.0
19,0.7666666666666666,0.75,0.6111111111111112,0.5333333333333333,0.5625,0.0
20,0.7666666666666666,0.75,0.6111111111111112,0.5333333333333333,0.5625,0.0
22,0.7666666666666666,0.75,0.6111111111111112,0.5333333333333333,0.5625,0.0
23,1.0,1.0,1.0,1.0,1.0,0.7000000000000001
25,0.7666666666666666,0.75,0.6111111111111112,0.5333333333333333,0.5625,0.0
26,0.0,0.0,0.0,0.0,0.0,1.0
29,0.7666666666666666,0.75,0.6111111111111112,0.5333333333333333,0.5625,0.0
30,0.0,0.0,0.2777777777777778,0.0,0.0,0.5
33,0.9200000000000002,0.9045340337332909,0.8888888888888888,0.8,0.8181818181818182,0.5000000000000001
35,0.7666666666666666,0.75,0.6111111111111112,0.5333333333333333,0.5625,0.0
36,0.7666666666666666,0.75,0.6111111111111112,0.5333333333333333,0.5625,0.0
