2,0.5,0.6172133998483676,0.923076923076923,0.13333333333333333,0.38095238095238093,0.0
3,0.5,0.6172133998483676,0.923076923076923,0.13333333333333333,0.38095238095238093,0.0
4,0.5,0.6172133998483676,0.923076923076923,0.13333333333333333,0.38095238095238093,0.0
5,0.5,0.6172133998483676,0.923076923076923,0.13333333333333333,0.38095238095238093,0.0
6,0.5,0.6172133998483676,0.923076923076923,0.13333333333333333,0.38095238095238093,0.0
7,0.5,0.6172133998483676,0.923076923076923,0.13333333333333333,0.38095238095238093,0.0
9,0.5,0.6172133998483676,0.923076923076923,0.13333333333333333,0.38095238095238093,0.0
11,0.5,0.6172133998483676,0.923076923076923,0.13333333333333333,0.38095238095238093,0.0
12,0.5,0.6172133998483676,0.923076923076923,0.13333333333333333,0.38095238095238093,0.0
13,0.5,0.6172133998483676,0.923076923076923,0.13333333333333333,0.38095238095238093,0.0
14,0.5,0.6172133998483676,0.923076923076923,0.13333333333333333,0.38095238095238093,0.0
16,0.5,0.6172133998483676,0.923076923076923,0.13333333333333333,0.38095238095238093,0.0
18,0.5,0.6172133998483676,0.923076923076923,0.13333333333333333,0.38095238095238093,0.0
19,0.5,0.6172133998483676,0.923076923076923,0.13333333333333333,0.38095238095238093,0.0
20,0.5,0.6172133998483676,0.923076923076923,0.13333333333333333,0.38095238095238093,0.0
21,0.5,0.6172133998483676,0.923076923076923,0.13333333333333333,0.38095238095238093,0.0
22,0.5,0.6172133998483676,0.923076923076923,0.13333333333333333,0.38095238095238093,0.0
26,0.5263157894736842,0.6405126152203485,0.9487179487179487,0.14814814814814814,0.4102564102564103,0.1333333333333333
28,0.6,0.6123724356957945,0.7692307692307692,0.16666666666666666,0.4444444444444444,0.3333333333333333
29,0.6,0.6123724356957945,0.7692307692307692,0.16666666666666666,0.4444444444444444,0.3333333333333333
31,0.5882352941176471,0.6963106238227913,1.0,0.19047619047619047,0.48484848484848486,0.4000000000000001
33,0.5882352941176471,0.6963106238227913,1.0,0.19047619047619047,0.48484848484848486,0.4000000000000001
34,0.5882352941176471,0.6963106238227913,1.0,0.19047619047619047,0.48484848484848486,0.4000000000000001
38,1.0,1.0,0.8974358974358974,1.0,1.0,1.0
43,0.5,0.6172133998483676,0.923076923076923,0.13333333333333333,0.38095238095238093,0.0
45,0.5,0.6172133998483676,0.923076923076923,0.13333333333333333,0.38095238095238093,0.0
47,0.5,0.6172133998483676,0.923076923076923,0.13333333333333333,0.38095238095238093,0.0
49,0.5882352941176471,0.6963106238227913,1.0,0.19047619047619047,0.48484848484848486,0.4000000000000001
52,0.5882352941176471,0.6963106238227913,1.0,0.19047619047619047,0.48484848484848486,0.4000000000000001
53,0.5882352941176471,0.6963106238227913,1.0,0.19047619047619047,0.48484848484848486,0.4000000000000001
54,0.5882352941176471,0.6963106238227913,1.0,0.19047619047619047,0.48484848484848486,0.4000000000000001
56,0.5882352941176471,0.6963106238227913,1.0,0.19047619047619047,0.48484848484848486,0.4000000000000001
57,0.5882352941176471,0.6963106238227913,1.0,0.19047619047619047,0.48484848484848486,0.4000000000000001
58,0.5882352941176471,0.6963106238227913,1.0,0.19047619047619047,0.48484848484848486,0.4000000000000001
59,0.5882352941176471,0.6963106238227913,1.0,0.19047619047619047,0.48484848484848486,0.4000000000000001
60,0.5882352941176471,0.6963106238227913,1.0,0.19047619047619047,0.48484848484848486,0.4000000000000001
61,0.0,0.0,0.0,0.0,0.0,0.26666666666666666
62,0.5882352941176471,0.6963106238227913,1.0,0.19047619047619047,0.48484848484848486,0.4000000000000001
63,0.5882352941176471,0.6963106238227913,1.0,0.19047619047619047,0.48484848484848486,0.4000000000000001
65,0.0,0.0,0.05128205128205129,0.0,0.0,0.0
