6,0,1.0,1.0,1.0,1.0,1.0
8,0,1.0,1.0,1.0,1.0,1.0
9,0,1.0,1.0,1.0,1.0,1.0
11,0,1.0,1.0,1.0,1.0,1.0
12,0,1.0,1.0,1.0,1.0,1.0
13,0,1.0,1.0,1.0,1.0,1.0
14,0,0.4103006158463742,0.375,0.08059701492537313,0.37499999999999994,0.37499999999999994
15,0,0.4103006158463742,0.375,0.08059701492537313,0.37499999999999994,0.37499999999999994
16,0,0.4103006158463742,0.375,0.08059701492537313,0.37499999999999994,0.37499999999999994
17,0,0.0,0.0,0.0,0.0,0.0
18,0,0.4103006158463742,0.375,0.08059701492537313,0.37499999999999994,0.37499999999999994
20,0,1.0,1.0,1.0,1.0,1.0
21,0,0.4103006158463742,0.375,0.08059701492537313,0.37499999999999994,0.37499999999999994
22,0,0.4103006158463742,0.375,0.08059701492537313,0.37499999999999994,0.37499999999999994
23,0,0.4103006158463742,0.375,0.08059701492537313,0.37499999999999994,0.37499999999999994
24,0,0.4103006158463742,0.375,0.08059701492537313,0.37499999999999994,0.37499999999999994
27,0,1.0,1.0,1.0,1.0,1.0
