6,0.6140350877192986,0.6366465271436877,0.3939393939393939,1.0,1.0,0.8333333333333333
7,0.0,1.0,1.0,1.0,1.0,0.0
10,0.0,1.0,1.0,1.0,1.0,0.0
11,0.0,1.0,1.0,1.0,1.0,0.0
12,0.6140350877192986,0.6366465271436877,0.3939393939393939,1.0,1.0,0.8333333333333333
13,0.6140350877192986,0.6366465271436877,0.3939393939393939,1.0,1.0,0.8333333333333333
14,0.6140350877192986,0.6366465271436877,0.3939393939393939,1.0,1.0,0.8333333333333333
15,0.6140350877192986,0.6366465271436877,0.3939393939393939,1.0,1.0,0.8333333333333333
17,0.411764705882353,0.3168060300080711,0.2545454545454545,0.49230769230769245,0.5333333333333335,0.5
18,0.777777777777778,0.5164311449028396,0.2666666666666667,0.7999999999999999,0.8250000000000002,0.8333333333333334
20,0.6140350877192986,0.6366465271436877,0.3939393939393939,1.0,1.0,0.8333333333333333
22,0.6140350877192986,0.6366465271436877,0.3939393939393939,1.0,1.0,0.8333333333333333
23,1.0,0.6403648915055666,0.2727272727272728,1.0,1.0,1.0
25,1.0,0.6403648915055666,0.2727272727272728,1.0,1.0,1.0
26,1.0,0.6403648915055666,0.2727272727272728,1.0,1.0,1.0
29,1.0,0.6403648915055666,0.2727272727272728,1.0,1.0,1.0
30,1.0,0.6403648915055666,0.2727272727272728,1.0,1.0,1.0
33,1.0,0.6403648915055666,0.2727272727272728,1.0,1.0,1.0
34,1.0,0.6403648915055666,0.2727272727272728,1.0,1.0,1.0
36,0.7777777777777776,0.0,0.0,0.0,0.0,0.5
37,0.7777777777777776,0.0,0.0,0.0,0.0,0.5
40,0.7777777777777776,0.0,0.0,0.0,0.0,0.5
41,0.7777777777777776,0.0,0.0,0.0,0.0,0.5
43,0.7777777777777776,0.0,0.0,0.0,0.0,0.5
44,0.7777777777777776,0.0,0.0,0.0,0.0,0.5
47,0.7777777777777776,0.0,0.0,0.0,0.0,0.5
48,0.7777777777777776,0.0,0.0,0.0,0.0,0.5
50,0.7777777777777776,0.0,0.0,0.0,0.0,0.5
51,0.7777777777777776,0.0,0.0,0.0,0.0,0.5
53,1.0,0.6403648915055666,0.2727272727272728,1.0,1.0,1.0
55,0.6140350877192986,0.6366465271436877,0.3939393939393939,1.0,1.0,0.8333333333333333
56,0.6140350877192986,0.6366465271436877,0.3939393939393939,1.0,1.0,0.8333333333333333
58,0.6140350877192986,0.6366465271436877,0.3939393939393939,1.0,1.0,0.8333333333333333
60,1.0,0.6403648915055666,0.2727272727272728,1.0,1.0,1.0
61,1.0,0.6403648915055666,0.2727272727272728,1.0,1.0,1.0
62,1.0,0.6403648915055666,0.2727272727272728,1.0,1.0,1.0
65,0.6140350877192986,0.6366465271436877,0.3939393939393939,1.0,1.0,0.8333333333333333
66,0.6140350877192986,0.6366465271436877,0.3939393939393939,1.0,1.0,0.8333333333333333
