2,0,1.0,1.0,1.0,1.0,1.0
4,0,1.0,1.0,1.0,1.0,1.0
5,0,1.0,1.0,1.0,1.0,1.0
6,0,1.0,1.0,1.0,1.0,1.0
7,0,1.0,1.0,1.0,1.0,1.0
9,0,0.5802498221330482,0.5384615384615384,0.09333333333333334,0.5384615384615385,0.5384615384615385
10,0,0.5802498221330482,0.5384615384615384,0.09333333333333334,0.5384615384615385,0.5384615384615385
12,0,0.2641159111828355,0.23076923076923078,0.024000000000000004,0.23076923076923084,0.23076923076923084
13,0,0.2641159111828355,0.23076923076923078,0.024000000000000004,0.23076923076923084,0.23076923076923084
15,0,0.2641159111828355,0.23076923076923078,0.024000000000000004,0.23076923076923084,0.23076923076923084
20,0,0.0,0.0,0.0,0.0,0.0
21,0,0.0,0.0,0.0,0.0,0.0
22,0,0.0,0.0,0.0,0.0,0.0
25,0,1.0,1.0,1.0,1.0,1.0
26,0,1.0,1.0,1.0,1.0,1.0
