10,0.5,1.0,1.0,1.0,1.0,0.0
12,0.5,1.0,1.0,1.0,1.0,0.0
13,0.5,1.0,1.0,1.0,1.0,0.0
14,0.5,1.0,1.0,1.0,1.0,0.0
18,0.5,1.0,1.0,1.0,1.0,0.0
22,0.5,1.0,1.0,1.0,1.0,0.0
24,0.5,1.0,1.0,1.0,1.0,0.0
26,0.5,1.0,1.0,1.0,1.0,0.0
28,0.5,1.0,1.0,1.0,1.0,0.0
29,0.3784860557768925,0.3889614591134089,0.1892430278884462,0.1353276353276353,0.27043269230769235,0.6224489795918364
30,0.5413839891451832,0.9292075826420066,0.8127490039840638,0.8525641025641026,0.9319526627218936,0.6224489795918366
31,0.4222222222222223,0.2580078435576681,0.07768924302788845,0.05621301775147929,0.12362637362637363,0.14285714285714277
32,0.5579598145285934,0.895005867555392,0.7370517928286853,0.7713675213675214,0.8887733887733889,0.7653061224489791
33,0.59375,0.297921795862109,0.0796812749003984,0.05846153846153846,0.12820512820512822,0.12244897959183675
34,0.5540308747855918,0.8441117549426423,0.6593625498007968,0.6538461538461539,0.8173076923076924,0.6428571428571429
35,0.0,0.0,0.0,0.0,0.0,0.2653061224489795
36,0.5798922800718133,0.8601915189357403,0.6613545816733067,0.6901709401709402,0.8406593406593408,0.9081632653061225
37,0.0,0.0,0.00199203187250996,0.0,0.0,0.0
40,0.5798922800718133,0.8601915189357403,0.6613545816733067,0.6901709401709402,0.8406593406593408,0.9081632653061225
41,0.5798922800718133,0.8601915189357403,0.6613545816733067,0.6901709401709402,0.8406593406593408,0.9081632653061225
42,0.5798922800718133,0.8601915189357403,0.6613545816733067,0.6901709401709402,0.8406593406593408,0.9081632653061225
43,0.59375,0.4213250442347432,0.15737051792828682,0.12179487179487178,0.24725274725274726,0.2448979591836735
46,0.5757575757575757,0.7500000000000001,0.5059760956175299,0.475,0.6818181818181819,0.6632653061224489
47,0.5757575757575757,0.7500000000000001,0.5059760956175299,0.475,0.6818181818181819,0.6632653061224489
49,0.5757575757575757,0.7500000000000001,0.5059760956175299,0.475,0.6818181818181819,0.6632653061224489
50,0.5757575757575757,0.7500000000000001,0.5059760956175299,0.475,0.6818181818181819,0.6632653061224489
51,0.5757575757575757,0.7500000000000001,0.5059760956175299,0.475,0.6818181818181819,0.6632653061224489
52,0.5757575757575757,0.7500000000000001,0.5059760956175299,0.475,0.6818181818181819,0.6632653061224489
53,0.5757575757575757,0.7500000000000001,0.5059760956175299,0.475,0.6818181818181819,0.6632653061224489
55,0.5757575757575757,0.7500000000000001,0.5059760956175299,0.475,0.6818181818181819,0.6632653061224489
56,0.6368715083798883,0.7509131232184253,0.4701195219123506,0.4615384615384615,0.6699751861042184,1.0
58,0.5757575757575757,0.7500000000000001,0.5059760956175299,0.475,0.6818181818181819,0.6632653061224489
59,0.4222222222222223,0.2580078435576681,0.07768924302788845,0.05621301775147929,0.12362637362637363,0.14285714285714277
61,0.5757575757575757,0.7500000000000001,0.5059760956175299,0.475,0.6818181818181819,0.6632653061224489
62,0.4222222222222223,0.2580078435576681,0.07768924302788845,0.05621301775147929,0.12362637362637363,0.14285714285714277
65,0.616519174041298,0.7095215697835872,0.4302788844621514,0.40192307692307694,0.6141439205955336,0.8061224489795917
66,0.616519174041298,0.7095215697835872,0.4302788844621514,0.40192307692307694,0.6141439205955336,0.8061224489795917
67,1.0,0.2580078435576681,0.04183266932270916,0.02923076923076923,0.06656804733727811,0.19387755102040813
68,0.59375,0.6661733875264914,0.3904382470119522,0.34798534798534797,0.5583126550868487,0.6122448979591837
69,0.26760563380281693,0.1489608979310545,0.037848605577689244,0.027065527065527062,0.061813186813186816,0.3367346938775509
70,0.6867469879518073,0.6703240406897452,0.3545816733067729,0.32884615384615384,0.537135278514589,0.9489795918367345
71,0.0,0.0,0.00199203187250996,0.0,0.0,0.0
72,0.6867469879518073,0.6703240406897452,0.3545816733067729,0.32884615384615384,0.537135278514589,0.9489795918367345
73,0.0,0.0,0.00199203187250996,0.0,0.0,0.0
75,0.6867469879518073,0.6703240406897452,0.3545816733067729,0.32884615384615384,0.537135278514589,0.9489795918367345
79,0.5,1.0,1.0,1.0,1.0,0.0
