5,0,1.0,1.0,1.0,1.0,1.0
8,0,1.0,1.0,1.0,1.0,1.0
10,0,1.0,1.0,1.0,1.0,1.0
11,0,0.0668539821265196,0.043478260869565216,0.0019942236281116766,0.04347826086956523,0.04347826086956523
12,0,0.7633426615405791,0.6956521739130435,0.10028095958504431,0.6956521739130435,0.6956521739130435
13,0,0.0668539821265196,0.043478260869565216,0.0019942236281116766,0.04347826086956523,0.04347826086956523
14,0,0.484894810297671,0.391304347826087,0.028204019883293706,0.39130434782608703,0.39130434782608703
15,0,0.0,0.0,0.0,0.0,0.0
17,0,0.18752424745565793,0.13043478260869565,0.006580937972768533,0.13043478260869568,0.13043478260869568
19,0,1.0,1.0,1.0,1.0,1.0
