3,0.5,1.0,1.0,1.0,1.0,0.0
6,0.5,1.0,1.0,1.0,1.0,0.0
7,0.5,1.0,1.0,1.0,1.0,0.0
9,0.56,0.8215419219227854,0.6470588235294118,0.42424242424242425,0.7342657342657343,0.42857142857142855
10,0.56,0.8215419219227854,0.6470588235294118,0.42424242424242425,0.7342657342657343,0.42857142857142855
12,0.4210526315789474,0.5749595745760689,0.35294117647058826,0.1616161616161616,0.41958041958041964,0.42857142857142855
14,0.26666666666666666,0.35208939510976517,0.15686274509803924,0.06611570247933884,0.20979020979020982,1.0
16,0.26666666666666666,0.35208939510976517,0.15686274509803924,0.06611570247933884,0.20979020979020982,1.0
18,0.26666666666666666,0.35208939510976517,0.15686274509803924,0.06611570247933884,0.20979020979020982,1.0
20,1.0,0.49792959773196915,0.19607843137254904,0.0808080808080808,0.2479338842975207,0.5714285714285715
21,1.0,0.49792959773196915,0.19607843137254904,0.0808080808080808,0.2479338842975207,0.5714285714285715
23,1.0,0.49792959773196915,0.19607843137254904,0.0808080808080808,0.2479338842975207,0.5714285714285715
25,1.0,0.49792959773196915,0.19607843137254904,0.0808080808080808,0.2479338842975207,0.5714285714285715
27,0.0,0.0,0.0,0.0,0.0,0.0
29,1.0,0.49792959773196915,0.19607843137254904,0.0808080808080808,0.2479338842975207,0.5714285714285715
30,1.0,0.49792959773196915,0.19607843137254904,0.0808080808080808,0.2479338842975207,0.5714285714285715
