4,0.3478260869565218,1.0,1.0,1.0,1.0,0.0
6,0.3478260869565218,1.0,1.0,1.0,1.0,0.0
7,0.3478260869565218,1.0,1.0,1.0,1.0,0.0
8,0.3478260869565218,1.0,1.0,1.0,1.0,0.0
9,0.3478260869565218,1.0,1.0,1.0,1.0,0.0
11,0.24369747899159666,0.3482362979536904,0.2121212121212121,0.0242289165288662,0.22316107329218865,0.35185185185185186
13,0.24369747899159666,0.3482362979536904,0.2121212121212121,0.0242289165288662,0.22316107329218865,0.35185185185185186
14,0.24369747899159666,0.3482362979536904,0.2121212121212121,0.0242289165288662,0.22316107329218865,0.35185185185185186
17,0.3975903614457832,0.8101008334829778,0.7075098814229248,0.18852541519879215,0.7288353680365675,0.35185185185185186
19,0.23076923076923075,0.04854368932038839,0.01317523056653492,0.0011960093549246572,0.013664085372123111,0.12962962962962962
20,0.23076923076923075,0.04854368932038839,0.01317523056653492,0.0011960093549246572,0.013664085372123111,0.12962962962962962
21,0.23076923076923075,0.04854368932038839,0.01317523056653492,0.0011960093549246572,0.013664085372123111,0.12962962962962962
23,0.4285714285714286,0.7427137819196314,0.613965744400527,0.13259157496701532,0.6387875356483812,0.4814814814814813
25,1.0,0.0970873786407767,0.026350461133069828,0.002449657714905925,0.027625216078422797,0.3333333333333333
26,1.0,0.0970873786407767,0.026350461133069828,0.002449657714905925,0.027625216078422797,0.3333333333333333
27,1.0,0.0970873786407767,0.026350461133069828,0.002449657714905925,0.027625216078422797,0.3333333333333333
29,0.37500000000000006,0.651088083650153,0.5072463768115941,0.08813811513971247,0.5279105854722362,0.14814814814814803
31,0.23076923076923075,0.04854368932038839,0.01317523056653492,0.0011960093549246572,0.013664085372123111,0.12962962962962962
32,0.23076923076923075,0.04854368932038839,0.01317523056653492,0.0011960093549246572,0.013664085372123111,0.12962962962962962
33,0.23076923076923075,0.04854368932038839,0.01317523056653492,0.0011960093549246572,0.013664085372123111,0.12962962962962962
35,0.41176470588235287,0.5719888840290405,0.41370223978919624,0.0623486625328788,0.43479988345297055,0.2777777777777777
37,0.0,0.0,0.0,0.0,0.0,0.5925925925925926
38,0.0,0.0,0.0,0.0,0.0,0.5925925925925926
39,0.0,0.0,0.0,0.0,0.0,0.5925925925925926
41,0.6774193548387096,0.5097087378640776,0.33333333333333326,0.04579768495218922,0.357024963336959,0.8703703703703703
43,0.23076923076923075,0.04854368932038839,0.01317523056653492,0.0011960093549246572,0.013664085372123111,0.12962962962962962
44,0.23076923076923075,0.04854368932038839,0.01317523056653492,0.0011960093549246572,0.013664085372123111,0.12962962962962962
45,0.23076923076923075,0.04854368932038839,0.01317523056653492,0.0011960093549246572,0.013664085372123111,0.12962962962962962
47,1.0,0.41691540136504346,0.2397891963109354,0.029329100692965817,0.2590205903590731,1.0
49,1.0,0.0970873786407767,0.026350461133069828,0.002449657714905925,0.027625216078422797,0.3333333333333333
50,1.0,0.0970873786407767,0.026350461133069828,0.002449657714905925,0.027625216078422797,0.3333333333333333
51,1.0,0.0970873786407767,0.026350461133069828,0.002449657714905925,0.027625216078422797,0.3333333333333333
53,1.0,0.27805446899795416,0.1330698287220026,0.014254818482297092,0.14332290321874794,0.6666666666666666
55,1.0,0.0970873786407767,0.026350461133069828,0.002449657714905925,0.027625216078422797,0.3333333333333333
56,1.0,0.0970873786407767,0.026350461133069828,0.002449657714905925,0.027625216078422797,0.3333333333333333
57,1.0,0.0970873786407767,0.026350461133069828,0.002449657714905925,0.027625216078422797,0.3333333333333333
59,1.0,0.0970873786407767,0.026350461133069828,0.002449657714905925,0.027625216078422797,0.3333333333333333
61,1.0,0.0970873786407767,0.026350461133069828,0.002449657714905925,0.027625216078422797,0.3333333333333333
62,1.0,0.0970873786407767,0.026350461133069828,0.002449657714905925,0.027625216078422797,0.3333333333333333
63,1.0,0.0970873786407767,0.026350461133069828,0.002449657714905925,0.027625216078422797,0.3333333333333333
65,0.3478260869565218,1.0,1.0,1.0,1.0,0.0
