10,0.2255335512401466,0.0,0.0,0.07104660045836513,0.07438016528925598,0.2207792207792204
11,0.2255335512401466,0.0,0.0,0.07104660045836513,0.07438016528925598,0.2207792207792204
13,0.2255335512401466,0.0,0.0,0.07104660045836513,0.07438016528925598,0.2207792207792204
15,0.0,0.269466546124859,0.8292682926829275,0.0,0.0,0.0
18,0.0,0.269466546124859,0.8292682926829275,0.0,0.0,0.0
20,0.0,0.269466546124859,0.8292682926829275,0.0,0.0,0.0
22,0.0,0.269466546124859,0.8292682926829275,0.0,0.0,0.0
23,0.0,0.269466546124859,0.8292682926829275,0.0,0.0,0.0
25,0.0,0.269466546124859,0.8292682926829275,0.0,0.0,0.0
27,0.0,0.269466546124859,0.8292682926829275,0.0,0.0,0.0
28,0.0,0.269466546124859,0.8292682926829275,0.0,0.0,0.0
29,1.0,1.0,1.0,1.0,1.0,1.0
31,0.0,0.269466546124859,0.8292682926829275,0.0,0.0,0.0
33,0.0,0.269466546124859,0.8292682926829275,0.0,0.0,0.0
34,0.0,0.269466546124859,0.8292682926829275,0.0,0.0,0.0
37,0.0,0.269466546124859,0.8292682926829275,0.0,0.0,0.0
38,0.0,0.269466546124859,0.8292682926829275,0.0,0.0,0.0
