3,0.7030864197530866,1.0,1.0,0.913142857142857,0.9400000000000001,0.0
5,0.7030864197530866,1.0,1.0,0.913142857142857,0.9400000000000001,0.0
7,0.7030864197530866,1.0,1.0,0.913142857142857,0.9400000000000001,0.0
8,0.7030864197530866,1.0,1.0,0.913142857142857,0.9400000000000001,0.0
10,0.7030864197530866,1.0,1.0,0.913142857142857,0.9400000000000001,0.0
11,0.7030864197530866,1.0,1.0,0.913142857142857,0.9400000000000001,0.0
13,0.7030864197530866,1.0,1.0,0.913142857142857,0.9400000000000001,0.0
14,0.7030864197530866,1.0,1.0,0.913142857142857,0.9400000000000001,0.0
15,0.8070837828119383,0.9971222003021999,0.914572864321608,1.0,1.0,0.41176470588235264
16,0.7224566338490388,0.7526326800398658,0.6130653266331659,0.6742857142857143,0.7552000000000001,0.0588235294117645
17,0.7224566338490388,0.7526326800398658,0.6130653266331659,0.6742857142857143,0.7552000000000001,0.0588235294117645
18,0.7224566338490388,0.7526326800398658,0.6130653266331659,0.6742857142857143,0.7552000000000001,0.0588235294117645
23,0.7030864197530866,1.0,1.0,0.913142857142857,0.9400000000000001,0.0
24,0.26587301587301587,0.26146211165706773,0.19597989949748745,0.17485714285714288,0.24,0.9411764705882353
25,0.47517730496453914,0.33351675267763514,0.21105527638190955,0.24,0.32,0.41176470588235303
26,0.47517730496453914,0.33351675267763514,0.21105527638190955,0.24,0.32,0.41176470588235303
27,0.47517730496453914,0.33351675267763514,0.21105527638190955,0.24,0.32,0.41176470588235303
28,0.47517730496453914,0.33351675267763514,0.21105527638190955,0.24,0.32,0.41176470588235303
33,0.7030864197530866,1.0,1.0,0.913142857142857,0.9400000000000001,0.0
34,0.6130718954248369,0.7015044910407152,0.6030150753768845,0.5828571428571427,0.6755555555555556,0.29411764705882365
35,0.6130718954248369,0.7015044910407152,0.6030150753768845,0.5828571428571427,0.6755555555555556,0.29411764705882365
36,0.0,0.0,0.0,0.0,0.0,1.0
37,0.0,0.0,0.0,0.0,0.0,1.0
39,1.0,0.8807642607206491,0.6331658291457286,0.9415384615384615,0.96,0.764705882352941
42,0.9216931216931221,0.48100623883557947,0.2311557788944724,0.37362637362637363,0.47058823529411764,0.2941176470588235
43,0.7030864197530866,1.0,1.0,0.913142857142857,0.9400000000000001,0.0
44,0.7030864197530866,1.0,1.0,0.913142857142857,0.9400000000000001,0.0
46,0.7030864197530866,1.0,1.0,0.913142857142857,0.9400000000000001,0.0
