4,0,1.0,1.0,1.0,1.0,1.0
7,0,1.0,1.0,1.0,1.0,1.0
8,0,1.0,1.0,1.0,1.0,1.0
10,0,0.9291477283450473,0.8823529411764706,0.22077375946173255,0.8823529411764706,0.8823529411764706
12,0,0.9291477283450473,0.8823529411764706,0.22077375946173255,0.8823529411764706,0.8823529411764706
14,0,0.9291477283450473,0.8823529411764706,0.22077375946173255,0.8823529411764706,0.8823529411764706
16,0,0.9291477283450473,0.8823529411764706,0.22077375946173255,0.8823529411764706,0.8823529411764706
19,0,1.0,1.0,1.0,1.0,1.0
21,0,0.0,0.0,0.0,0.0,0.0
23,0,1.0,1.0,1.0,1.0,1.0
25,0,0.0,0.0,0.0,0.0,0.0
27,0,1.0,1.0,1.0,1.0,1.0
28,0,0.08425688366512454,0.029411764705882353,0.000892015189744374,0.029411764705882353,0.029411764705882353
29,0,1.0,1.0,1.0,1.0,1.0
