3,0.10526315789473686,1.0,1.0,1.0,1.0,0.0
5,0.10526315789473686,1.0,1.0,1.0,1.0,0.0
7,0.10526315789473686,1.0,1.0,1.0,1.0,0.0
9,0.10526315789473686,1.0,1.0,1.0,1.0,0.0
11,0.10526315789473686,1.0,1.0,1.0,1.0,0.0
12,0.10526315789473686,1.0,1.0,1.0,1.0,0.0
14,0.10526315789473686,1.0,1.0,1.0,1.0,0.0
16,0.10526315789473686,1.0,1.0,1.0,1.0,0.0
18,0.10526315789473686,1.0,1.0,1.0,1.0,0.0
19,0.10526315789473686,1.0,1.0,1.0,1.0,0.0
21,0.0,0.586911851459511,0.7155555555555555,0.5228070175438597,0.6622222222222222,1.0
22,0.0,0.586911851459511,0.7155555555555555,0.5228070175438597,0.6622222222222222,1.0
23,0.0,0.586911851459511,0.7155555555555555,0.5228070175438597,0.6622222222222222,1.0
26,0.10526315789473686,1.0,1.0,1.0,1.0,0.0
27,0.0,0.586911851459511,0.7155555555555555,0.5228070175438597,0.6622222222222222,1.0
29,1.0,0.0,0.0,0.0,0.0,1.0
30,0.10526315789473686,1.0,1.0,1.0,1.0,0.0
