2,0.06831955922864963,1.0,1.0,0.818181818181818,0.8461538461538453,0.0
3,0.06831955922864963,1.0,1.0,0.818181818181818,0.8461538461538453,0.0
5,0.06831955922864963,1.0,1.0,0.818181818181818,0.8461538461538453,0.0
6,0.06831955922864963,1.0,1.0,0.818181818181818,0.8461538461538453,0.0
7,0.06831955922864963,1.0,1.0,0.818181818181818,0.8461538461538453,0.0
9,0.06831955922864963,1.0,1.0,0.818181818181818,0.8461538461538453,0.0
11,0.06831955922864963,1.0,1.0,0.818181818181818,0.8461538461538453,0.0
12,0.06831955922864963,1.0,1.0,0.818181818181818,0.8461538461538453,0.0
13,0.06831955922864963,1.0,1.0,0.818181818181818,0.8461538461538453,0.0
15,0.06831955922864963,1.0,1.0,0.818181818181818,0.8461538461538453,0.0
16,0.06831955922864963,1.0,1.0,0.818181818181818,0.8461538461538453,0.0
17,1.0,0.8921364689673081,0.41176470588235264,1.0,1.0,1.0
20,0.06831955922864963,1.0,1.0,0.818181818181818,0.8461538461538453,0.0
21,0.06831955922864963,1.0,1.0,0.818181818181818,0.8461538461538453,0.0
22,0.06831955922864963,1.0,1.0,0.818181818181818,0.8461538461538453,0.0
24,0.14832535885167505,0.74002821078768,0.6764705882352937,0.6136363636363636,0.6600000000000004,0.10526315789473702
25,0.2432962720732489,0.47348091245719026,0.35294117647058815,0.4090909090909092,0.45833333333333276,0.21052631578947356
27,1.0,0.8921364689673081,0.41176470588235264,1.0,1.0,1.0
28,0.14832535885167505,0.74002821078768,0.6764705882352937,0.6136363636363636,0.6600000000000004,0.10526315789473702
29,0.0,0.0,0.0,0.0,0.0,0.07894736842105264
31,0.06831955922864963,1.0,1.0,0.818181818181818,0.8461538461538453,0.0
32,0.06831955922864963,1.0,1.0,0.818181818181818,0.8461538461538453,0.0
