23,0.06506287588846382,1.0,1.0,1.0,1.0,0.0
24,0.06506287588846382,1.0,1.0,1.0,1.0,0.0
25,0.06506287588846382,1.0,1.0,1.0,1.0,0.0
26,0.06506287588846382,1.0,1.0,1.0,1.0,0.0
27,0.06506287588846382,1.0,1.0,1.0,1.0,0.0
30,0.06506287588846382,1.0,1.0,1.0,1.0,0.0
31,0.06506287588846382,1.0,1.0,1.0,1.0,0.0
32,0.06506287588846382,1.0,1.0,1.0,1.0,0.0
33,0.27986375800827157,0.965291314533416,0.907514450867052,0.9253996447602132,0.9754212471796841,0.8070175438596489
35,0.06506287588846382,1.0,1.0,1.0,1.0,0.0
36,0.06506287588846382,1.0,1.0,1.0,1.0,0.0
37,0.06506287588846382,1.0,1.0,1.0,1.0,0.0
39,0.06506287588846382,1.0,1.0,1.0,1.0,0.0
40,0.06506287588846382,1.0,1.0,1.0,1.0,0.0
41,0.06506287588846382,1.0,1.0,1.0,1.0,0.0
42,0.06506287588846382,1.0,1.0,1.0,1.0,0.0
43,0.0,0.8901889554190807,0.8959537572254335,0.7090586145648312,0.8863232682060392,0.2807017543859651
44,0.0,0.8901889554190807,0.8959537572254335,0.7090586145648312,0.8863232682060392,0.2807017543859651
47,1.0,0.0,0.0,0.0,0.0,1.0
49,0.06506287588846382,1.0,1.0,1.0,1.0,0.0
50,0.06506287588846382,1.0,1.0,1.0,1.0,0.0
51,0.0,0.8901889554190807,0.8959537572254335,0.7090586145648312,0.8863232682060392,0.2807017543859651
52,0.0,0.8901889554190807,0.8959537572254335,0.7090586145648312,0.8863232682060392,0.2807017543859651
53,0.0,0.8901889554190807,0.8959537572254335,0.7090586145648312,0.8863232682060392,0.2807017543859651
54,0.0,0.8901889554190807,0.8959537572254335,0.7090586145648312,0.8863232682060392,0.2807017543859651
59,0.06506287588846382,1.0,1.0,1.0,1.0,0.0
