4,0,0,0.0,0,0,1.0
6,0,0,0.0,0,0,1.0
9,0,0,0.0,0,0,1.0
10,0,0,0.0,0,0,1.0
11,0,0,0.39999999999999986,0,0,0.5999999999999999
13,0,0,0.8,0,0,0.19999999999999993
14,0,0,0.8,0,0,0.19999999999999993
15,0,0,0.8,0,0,0.19999999999999993
18,0,0,1.0,0,0,0.0
19,0,0,1.0,0,0,0.0
20,0,0,1.0,0,0,0.0
22,0,0,0.0,0,0,1.0
23,0,0,0.39999999999999986,0,0,0.5999999999999999
25,0,0,0.8,0,0,0.19999999999999993
26,0,0,0.8,0,0,0.19999999999999993
27,0,0,0.8,0,0,0.19999999999999993
30,0,0,0.8,0,0,0.19999999999999993
31,0,0,0.8,0,0,0.19999999999999993
32,0,0,0.8,0,0,0.19999999999999993
35,0,0,0.0,0,0,1.0
38,0,0,0.0,0,0,1.0
40,0,0,0.0,0,0,1.0
