9,0.5833333333333331,0.46139891137389316,0.3934426229508198,0.36363636363636365,0.4431818181818183,0.6666666666666667
11,0.5833333333333331,0.46139891137389316,0.3934426229508198,0.36363636363636365,0.4431818181818183,0.6666666666666667
12,0.0,0.0,0.0,0.0,0.0,1.0
13,0.28571428571428564,0.22575760875288986,0.18032786885245908,0.1558441558441558,0.20454545454545459,1.0
18,1.0,1.0,1.0,1.0,1.0,0.0
22,1.0,1.0,1.0,1.0,1.0,0.0
24,1.0,1.0,1.0,1.0,1.0,0.0
25,1.0,1.0,1.0,1.0,1.0,0.0
27,1.0,1.0,1.0,1.0,1.0,0.0
29,1.0,1.0,1.0,1.0,1.0,0.0
30,1.0,1.0,1.0,1.0,1.0,0.0
31,1.0,1.0,1.0,1.0,1.0,0.0
33,1.0,1.0,1.0,1.0,1.0,0.0
34,1.0,1.0,1.0,1.0,1.0,0.0
37,1.0,1.0,1.0,1.0,1.0,0.0
39,1.0,1.0,1.0,1.0,1.0,0.0
