4,0.6470588235294118,0.560611910581388,0.35135135135135137,0.2941176470588235,0.3142857142857143,0.0
7,0.6470588235294118,0.560611910581388,0.35135135135135137,0.2941176470588235,0.3142857142857143,0.0
8,0.6470588235294118,0.560611910581388,0.35135135135135137,0.2941176470588235,0.3142857142857143,0.0
9,0.6470588235294118,0.560611910581388,0.35135135135135137,0.2941176470588235,0.3142857142857143,0.0
11,0.6470588235294118,0.560611910581388,0.35135135135135137,0.2941176470588235,0.3142857142857143,0.0
12,0.6470588235294118,0.560611910581388,0.35135135135135137,0.2941176470588235,0.3142857142857143,0.0
13,0.7586206896551724,0.6633249580710799,0.6216216216216216,0.41666666666666663,0.44,0.41666666666666663
14,0.7719298245614035,0.6770032003863301,0.6486486486486487,0.43478260869565216,0.4583333333333333,0.4583333333333333
16,0.8799999999999999,0.8043996665398437,0.8378378378378379,0.625,0.6470588235294117,0.7500000000000001
17,1.0,1.0,1.0,1.0,1.0,1.0
20,0.0,0.0,0.05405405405405407,0.0,0.0,0.41666666666666674
21,0.7857142857142858,0.6915640748081247,0.6756756756756757,0.45454545454545453,0.47826086956521735,0.5
24,0.9361702127659576,0.8864052604279183,0.9189189189189189,0.7692307692307693,0.7857142857142857,0.8750000000000001
26,0.9361702127659576,0.8864052604279183,0.9189189189189189,0.7692307692307693,0.7857142857142857,0.8750000000000001
27,0.9361702127659576,0.8864052604279183,0.9189189189189189,0.7692307692307693,0.7857142857142857,0.8750000000000001
29,0.0,0.0,0.32432432432432434,0.0,0.0,0.0
30,0.0,0.0,0.32432432432432434,0.0,0.0,0.0
32,0.9361702127659576,0.8864052604279183,0.9189189189189189,0.7692307692307693,0.7857142857142857,0.8750000000000001
33,0.0,0.0,0.21621621621621623,0.0,0.0,0.16666666666666669
36,0.9565217391304347,0.9198662110077999,0.9459459459459459,0.8333333333333333,0.8461538461538461,0.9166666666666666
37,0.9565217391304347,0.9198662110077999,0.9459459459459459,0.8333333333333333,0.8461538461538461,0.9166666666666666
41,0.0,0.0,0.0,0.0,0.0,0.5000000000000001
