3,0.0,0.3790214984745317,0.9387755102040816,0.0,0.0,0.0
6,0.0,0.3790214984745317,0.9387755102040816,0.0,0.0,0.0
7,0.0,0.3790214984745317,0.9387755102040816,0.0,0.0,0.0
8,0.0,0.3790214984745317,0.9387755102040816,0.0,0.0,0.0
9,1.0,0.0,0.0,1.0,1.0,1.0
10,0.0,0.3790214984745317,0.9387755102040816,0.0,0.0,0.0
11,0.0723562152133579,1.0,1.0,0.06633906633906643,0.07159090909090907,0.3214285714285713
12,0.0,0.3790214984745317,0.9387755102040816,0.0,0.0,0.0
13,0.0,0.3790214984745317,0.9387755102040816,0.0,0.0,0.0
15,0.0,0.3790214984745317,0.9387755102040816,0.0,0.0,0.0
17,0.0,0.3790214984745317,0.9387755102040816,0.0,0.0,0.0
18,0.0,0.3790214984745317,0.9387755102040816,0.0,0.0,0.0
20,0.0,0.3790214984745317,0.9387755102040816,0.0,0.0,0.0
21,0.0,0.3790214984745317,0.9387755102040816,0.0,0.0,0.0
22,0.0,0.3790214984745317,0.9387755102040816,0.0,0.0,0.0
23,0.0,0.3790214984745317,0.9387755102040816,0.0,0.0,0.0
25,0.0,0.3790214984745317,0.9387755102040816,0.0,0.0,0.0
27,0.0,0.3790214984745317,0.9387755102040816,0.0,0.0,0.0
