9,0.6136363636363638,1.0,1.0,0.9761904761904759,0.9839999999999999,0.0
13,0.6136363636363638,1.0,1.0,0.9761904761904759,0.9839999999999999,0.0
15,0.6136363636363638,1.0,1.0,0.9761904761904759,0.9839999999999999,0.0
16,0.6136363636363638,1.0,1.0,0.9761904761904759,0.9839999999999999,0.0
17,0.6136363636363638,1.0,1.0,0.9761904761904759,0.9839999999999999,0.0
18,0.6136363636363638,1.0,1.0,0.9761904761904759,0.9839999999999999,0.0
21,0.6136363636363638,1.0,1.0,0.9761904761904759,0.9839999999999999,0.0
22,0.6136363636363638,1.0,1.0,0.9761904761904759,0.9839999999999999,0.0
23,1.0,0.892586040118134,0.6637168141592921,1.0,1.0,1.0
24,1.0,0.892586040118134,0.6637168141592921,1.0,1.0,1.0
26,0.0,0.0,0.0,0.0,0.0,1.0
27,0.0,0.0,0.0,0.0,0.0,1.0
28,0.0,0.0,0.0,0.0,0.0,1.0
30,0.0,0.0,0.0,0.0,0.0,1.0
32,0.0,0.0,0.0,0.0,0.0,1.0
