11,0.5714285714285714,0.7071067811865475,1.0,0.2857142857142857,0.375,0.0
13,0.5714285714285714,0.7071067811865475,1.0,0.2857142857142857,0.375,0.0
14,0.5714285714285714,0.7071067811865475,1.0,0.2857142857142857,0.375,0.0
15,0.5714285714285714,0.7071067811865475,1.0,0.2857142857142857,0.375,0.0
16,0.5714285714285714,0.7071067811865475,1.0,0.2857142857142857,0.375,0.0
17,0.0,0.0,0.0,0.0,0.0,1.0
19,0.5714285714285714,0.7071067811865475,1.0,0.2857142857142857,0.375,0.0
22,0.5714285714285714,0.7071067811865475,1.0,0.2857142857142857,0.375,0.0
23,0.5714285714285714,0.7071067811865475,1.0,0.2857142857142857,0.375,0.0
24,0.5714285714285714,0.7071067811865475,1.0,0.2857142857142857,0.375,0.0
25,0.5714285714285714,0.7071067811865475,1.0,0.2857142857142857,0.375,0.0
26,0.5714285714285714,0.7071067811865475,1.0,0.2857142857142857,0.375,0.0
27,0.5714285714285714,0.7071067811865475,1.0,0.2857142857142857,0.375,0.0
28,0.5714285714285714,0.7071067811865475,1.0,0.2857142857142857,0.375,0.0
29,0.5714285714285714,0.7071067811865475,1.0,0.2857142857142857,0.375,0.0
30,0.5714285714285714,0.7071067811865475,1.0,0.2857142857142857,0.375,0.0
33,0.5714285714285714,0.7071067811865475,1.0,0.2857142857142857,0.375,0.0
34,0.5714285714285714,0.7071067811865475,1.0,0.2857142857142857,0.375,0.0
35,0.5714285714285714,0.7071067811865475,1.0,0.2857142857142857,0.375,0.0
37,0.5714285714285714,0.7071067811865475,1.0,0.2857142857142857,0.375,0.0
40,0.5714285714285714,0.7071067811865475,1.0,0.2857142857142857,0.375,0.0
41,0.5714285714285714,0.7071067811865475,1.0,0.2857142857142857,0.375,0.0
42,0.5714285714285714,0.7071067811865475,1.0,0.2857142857142857,0.375,0.0
43,0.5714285714285714,0.7071067811865475,1.0,0.2857142857142857,0.375,0.0
45,0.5714285714285714,0.7071067811865475,1.0,0.2857142857142857,0.375,0.0
46,0.5714285714285714,0.7071067811865475,1.0,0.2857142857142857,0.375,0.0
48,0.5714285714285714,0.7071067811865475,1.0,0.2857142857142857,0.375,0.0
49,0.5714285714285714,0.7071067811865475,1.0,0.2857142857142857,0.375,0.0
51,1.0,1.0,0.9259259259259259,1.0,1.0,0.5454545454545455
52,1.0,1.0,0.9259259259259259,1.0,1.0,0.5454545454545455
53,1.0,1.0,0.9259259259259259,1.0,1.0,0.5454545454545455
54,1.0,1.0,0.9259259259259259,1.0,1.0,0.5454545454545455
55,1.0,1.0,0.9259259259259259,1.0,1.0,0.5454545454545455
56,1.0,1.0,0.9259259259259259,1.0,1.0,0.5454545454545455
57,1.0,1.0,0.9259259259259259,1.0,1.0,0.5454545454545455
58,1.0,1.0,0.9259259259259259,1.0,1.0,0.5454545454545455
63,0.5714285714285714,0.7071067811865475,1.0,0.2857142857142857,0.375,0.0
64,0.5714285714285714,0.7071067811865475,1.0,0.2857142857142857,0.375,0.0
65,1.0,1.0,0.9259259259259259,1.0,1.0,0.5454545454545455
66,0.5714285714285714,0.7071067811865475,1.0,0.2857142857142857,0.375,0.0
