2,0.8012820512820512,0.8975455474365258,0.9285714285714284,0.8000000000000002,0.8124999999999999,0.0
3,0.8012820512820512,0.8975455474365258,0.9285714285714284,0.8000000000000002,0.8124999999999999,0.0
5,0.8012820512820512,0.8975455474365258,0.9285714285714284,0.8000000000000002,0.8124999999999999,0.0
6,0.8012820512820512,0.8975455474365258,0.9285714285714284,0.8000000000000002,0.8124999999999999,0.0
7,0.8012820512820512,0.8975455474365258,0.9285714285714284,0.8000000000000002,0.8124999999999999,0.0
8,0.8012820512820512,0.8975455474365258,0.9285714285714284,0.8000000000000002,0.8124999999999999,0.0
9,0.8012820512820512,0.8975455474365258,0.9285714285714284,0.8000000000000002,0.8124999999999999,0.0
10,0.8012820512820512,0.8975455474365258,0.9285714285714284,0.8000000000000002,0.8124999999999999,0.0
11,0.0,0.0,0.0,0.0,0.0,1.0
12,1.0,1.0,1.0,1.0,1.0,0.2999999999999997
13,0.4464285714285712,0.17839396305959285,0.1428571428571428,0.2909090909090909,0.30769230769230776,0.4000000000000002
14,0.8012820512820512,0.8975455474365258,0.9285714285714284,0.8000000000000002,0.8124999999999999,0.0
17,0.8012820512820512,0.8975455474365258,0.9285714285714284,0.8000000000000002,0.8124999999999999,0.0
18,0.8012820512820512,0.8975455474365258,0.9285714285714284,0.8000000000000002,0.8124999999999999,0.0
19,0.8012820512820512,0.8975455474365258,0.9285714285714284,0.8000000000000002,0.8124999999999999,0.0
