4,0,1.0,1.0,1.0,1.0,1.0
7,0,1.0,1.0,1.0,1.0,1.0
8,0,1.0,1.0,1.0,1.0,1.0
9,0,1.0,1.0,1.0,1.0,1.0
10,0,1.0,1.0,1.0,1.0,1.0
11,0,0.0,0.0,0.0,0.0,0.0
14,0,0.9076662068585115,0.8666666666666667,0.21751968503937005,0.8666666666666666,0.8666666666666666
16,0,0.9076662068585115,0.8666666666666667,0.21751968503937005,0.8666666666666666,0.8666666666666666
17,0,0.9076662068585115,0.8666666666666667,0.21751968503937005,0.8666666666666666,0.8666666666666666
19,0,0.8342971956936299,0.7666666666666667,0.10995500562429697,0.7666666666666666,0.7666666666666666
20,0,0.78309518948453,0.7,0.07808398950131233,0.7000000000000001,0.7000000000000001
21,0,0.8342971956936299,0.7666666666666667,0.10995500562429697,0.7666666666666666,0.7666666666666666
22,0,0.8342971956936299,0.7666666666666667,0.10995500562429697,0.7666666666666666,0.7666666666666666
26,0,0.3436808465611306,0.23333333333333334,0.010184868195823349,0.23333333333333336,0.23333333333333336
27,0,0.3436808465611306,0.23333333333333334,0.010184868195823349,0.23333333333333336,0.23333333333333336
28,0,0.3436808465611306,0.23333333333333334,0.010184868195823349,0.23333333333333336,0.23333333333333336
29,0,0.2610317298281768,0.16666666666666666,0.0066929133858267716,0.16666666666666669,0.16666666666666669
32,0,0.9076662068585115,0.8666666666666667,0.21751968503937005,0.8666666666666666,0.8666666666666666
34,0,0.2610317298281768,0.16666666666666666,0.0066929133858267716,0.16666666666666669,0.16666666666666669
38,0,0.6741342010665284,0.5666666666666667,0.043761356753482736,0.5666666666666667,0.5666666666666667
41,0,1.0,1.0,1.0,1.0,1.0
