9,0.5,0.6666666666666669,0.7058823529411765,0.2857142857142857,0.4444444444444444,0.0
11,0.5,0.6666666666666669,0.7058823529411765,0.2857142857142857,0.4444444444444444,0.0
15,0.5,0.6666666666666669,0.7058823529411765,0.2857142857142857,0.4444444444444444,0.0
17,0.5,0.6666666666666669,0.7058823529411765,0.2857142857142857,0.4444444444444444,0.0
18,0.5,0.6666666666666669,0.7058823529411765,0.2857142857142857,0.4444444444444444,0.0
20,0.5,0.6666666666666669,0.7058823529411765,0.2857142857142857,0.4444444444444444,0.0
21,0.5384615384615384,0.7071067811865476,0.7647058823529411,0.3333333333333333,0.5,0.20000000000000007
24,0.5384615384615384,0.7071067811865476,0.7647058823529411,0.3333333333333333,0.5,0.20000000000000007
26,0.5384615384615384,0.7071067811865476,0.7647058823529411,0.3333333333333333,0.5,0.20000000000000007
27,0.5384615384615384,0.7071067811865476,0.7647058823529411,0.3333333333333333,0.5,0.20000000000000007
28,0.5384615384615384,0.7071067811865476,0.7647058823529411,0.3333333333333333,0.5,0.20000000000000007
29,0.5384615384615384,0.7071067811865476,0.7647058823529411,0.3333333333333333,0.5,0.20000000000000007
30,0.5384615384615384,0.7071067811865476,0.7647058823529411,0.3333333333333333,0.5,0.20000000000000007
31,0.5833333333333333,0.7559289460184545,0.8235294117647058,0.4,0.5714285714285714,0.39999999999999997
34,0.5384615384615384,0.7071067811865476,0.7647058823529411,0.3333333333333333,0.5,0.20000000000000007
35,0.5384615384615384,0.7071067811865476,0.7647058823529411,0.3333333333333333,0.5,0.20000000000000007
36,0.7,0.894427190999916,0.9411764705882353,0.6666666666666666,0.8,0.7999999999999999
37,0.0,0.0,0.0,0.0,0.0,0.6
38,0.0,0.0,0.0,0.0,0.0,0.6
41,0.5384615384615384,0.7071067811865476,0.7647058823529411,0.3333333333333333,0.5,0.20000000000000007
42,0.5384615384615384,0.7071067811865476,0.7647058823529411,0.3333333333333333,0.5,0.20000000000000007
43,0.5384615384615384,0.7071067811865476,0.7647058823529411,0.3333333333333333,0.5,0.20000000000000007
45,0.5833333333333333,0.7559289460184545,0.8235294117647058,0.4,0.5714285714285714,0.39999999999999997
46,0.7777777777777779,0.7071067811865476,0.5882352941176471,0.5,0.6666666666666666,0.5
47,0.0,0.0,0.11764705882352941,0.0,0.0,0.19999999999999998
48,0.0,0.0,0.17647058823529413,0.0,0.0,0.0
49,0.0,0.0,0.17647058823529413,0.0,0.0,0.0
52,0.7777777777777779,0.7071067811865476,0.5882352941176471,0.5,0.6666666666666666,0.5
53,0.7777777777777779,0.7071067811865476,0.5882352941176471,0.5,0.6666666666666666,0.5
54,0.7777777777777779,0.7071067811865476,0.5882352941176471,0.5,0.6666666666666666,0.5
57,0.5833333333333333,0.7559289460184545,0.8235294117647058,0.4,0.5714285714285714,0.39999999999999997
58,0.5833333333333333,0.7559289460184545,0.8235294117647058,0.4,0.5714285714285714,0.39999999999999997
61,0.5833333333333333,0.7559289460184545,0.8235294117647058,0.4,0.5714285714285714,0.39999999999999997
62,0.5833333333333333,0.7559289460184545,0.8235294117647058,0.4,0.5714285714285714,0.39999999999999997
65,0.5833333333333333,0.7559289460184545,0.8235294117647058,0.4,0.5714285714285714,0.39999999999999997
66,0.5384615384615384,0.5,0.47058823529411764,0.25,0.4,0.10000000000000003
68,0.7,0.894427190999916,0.9411764705882353,0.6666666666666666,0.8,0.7999999999999999
71,0.5833333333333333,0.7559289460184545,0.8235294117647058,0.4,0.5714285714285714,0.39999999999999997
74,0.5,0.6666666666666669,0.7058823529411765,0.2857142857142857,0.4444444444444444,0.0
77,0.5,0.6666666666666669,0.7058823529411765,0.2857142857142857,0.4444444444444444,0.0
79,0.5,0.6666666666666669,0.7058823529411765,0.2857142857142857,0.4444444444444444,0.0
80,0.5,0.6666666666666669,0.7058823529411765,0.2857142857142857,0.4444444444444444,0.0
81,0.5,0.6666666666666669,0.7058823529411765,0.2857142857142857,0.4444444444444444,0.0
82,0.5,0.6666666666666669,0.7058823529411765,0.2857142857142857,0.4444444444444444,0.0
83,0.5,0.6666666666666669,0.7058823529411765,0.2857142857142857,0.4444444444444444,0.0
84,0.7777777777777779,1.0,1.0,1.0,1.0,1.0
87,0.5,0.6666666666666669,0.7058823529411765,0.2857142857142857,0.4444444444444444,0.0
88,1.0,1.0,0.6470588235294118,1.0,1.0,0.7
89,1.0,1.0,0.6470588235294118,1.0,1.0,0.7
90,1.0,1.0,0.6470588235294118,1.0,1.0,0.7
91,0.0,0.0,0.17647058823529413,0.0,0.0,0.0
93,1.0,1.0,0.6470588235294118,1.0,1.0,0.7
95,0.0,0.0,0.17647058823529413,0.0,0.0,0.0
97,0.5,0.6666666666666669,0.7058823529411765,0.2857142857142857,0.4444444444444444,0.0
98,0.0,0.0,0.17647058823529413,0.0,0.0,0.0
100,0.5,0.6666666666666669,0.7058823529411765,0.2857142857142857,0.4444444444444444,0.0
101,0.5384615384615384,0.7071067811865476,0.7647058823529411,0.3333333333333333,0.5,0.20000000000000007
104,0.5,0.6666666666666669,0.7058823529411765,0.2857142857142857,0.4444444444444444,0.0
105,0.5833333333333333,0.7559289460184545,0.8235294117647058,0.4,0.5714285714285714,0.39999999999999997
107,0.5384615384615384,0.7071067811865476,0.7647058823529411,0.3333333333333333,0.5,0.20000000000000007
108,0.5384615384615384,0.7071067811865476,0.7647058823529411,0.3333333333333333,0.5,0.20000000000000007
109,0.5833333333333333,0.7559289460184545,0.8235294117647058,0.4,0.5714285714285714,0.39999999999999997
111,0.5384615384615384,0.7071067811865476,0.7647058823529411,0.3333333333333333,0.5,0.20000000000000007
117,0.5,0.6666666666666669,0.7058823529411765,0.2857142857142857,0.4444444444444444,0.0
