4,0.7857142857142857,0.7745966692414833,0.7966101694915254,0.5714285714285714,0.6,0.0
6,0.7857142857142857,0.7745966692414833,0.7966101694915254,0.5714285714285714,0.6,0.0
7,0.7857142857142857,0.7745966692414833,0.7966101694915254,0.5714285714285714,0.6,0.0
8,0.7857142857142857,0.7745966692414833,0.7966101694915254,0.5714285714285714,0.6,0.0
10,0.7857142857142857,0.7745966692414833,0.7966101694915254,0.5714285714285714,0.6,0.0
12,0.7857142857142857,0.7745966692414833,0.7966101694915254,0.5714285714285714,0.6,0.0
13,0.7857142857142857,0.7745966692414833,0.7966101694915254,0.5714285714285714,0.6,0.0
14,0.7857142857142857,0.7745966692414833,0.7966101694915254,0.5714285714285714,0.6,0.0
15,0.8301886792452831,0.816496580927726,0.847457627118644,0.64,0.6666666666666666,0.17647058823529405
17,0.5365853658536585,0.4008918628686366,0.3220338983050848,0.2857142857142857,0.3103448275862069,0.7647058823529412
20,0.7857142857142857,0.7745966692414833,0.7966101694915254,0.5714285714285714,0.6,0.0
21,1.0,1.0,1.0,1.0,1.0,0.7058823529411766
22,1.0,1.0,1.0,1.0,1.0,0.7058823529411766
25,0.0,0.0,0.0,0.0,0.0,1.0
26,0.0,0.0,0.0,0.0,0.0,1.0
28,0.0,0.0,0.0,0.0,0.0,1.0
31,0.0,0.0,0.0,0.0,0.0,1.0
33,0.0,0.0,0.0,0.0,0.0,1.0
34,0.0,0.0,0.05084745762711861,0.0,0.0,0.823529411764706
35,0.0,0.0,0.05084745762711861,0.0,0.0,0.823529411764706
36,0.0,0.0,0.05084745762711861,0.0,0.0,0.823529411764706
38,0.0,0.0,0.0,0.0,0.0,1.0
39,0.0,0.0,0.08474576271186439,0.0,0.0,0.7058823529411765
40,0.0,0.0,0.08474576271186439,0.0,0.0,0.7058823529411765
42,0.0,0.0,0.0,0.0,0.0,1.0
43,0.7857142857142857,0.7745966692414833,0.7966101694915254,0.5714285714285714,0.6,0.0
44,0.0,0.0,0.08474576271186439,0.0,0.0,0.7058823529411765
47,0.7857142857142857,0.7745966692414833,0.7966101694915254,0.5714285714285714,0.6,0.0
