20,0.8526806526806526,1.0,1.0,1.0,1.0,0.0
22,0.8526806526806526,1.0,1.0,1.0,1.0,0.0
23,0.8526806526806526,1.0,1.0,1.0,1.0,0.0
24,0.8526806526806526,1.0,1.0,1.0,1.0,0.0
25,0.8526806526806526,1.0,1.0,1.0,1.0,0.0
27,0.5965186574942671,0.5903624502902385,0.5070821529745042,0.27073822034628303,0.5458966565349543,0.8018433179723505
28,0.6353846153846153,0.5790434293212648,0.4872521246458923,0.26048755276078905,0.5328399629972248,0.6451612903225807
30,0.6136769386012575,0.40206997223022317,0.3040604343720491,0.14376972411686856,0.35220949263502455,0.5023041474654376
32,0.6136769386012575,0.40206997223022317,0.3040604343720491,0.14376972411686856,0.35220949263502455,0.5023041474654376
33,0.0,0.0,0.03682719546742209,0.012193604578822941,0.038435140700068635,1.0
34,0.6136769386012575,0.40206997223022317,0.3040604343720491,0.14376972411686856,0.35220949263502455,0.5023041474654376
35,0.49291900152827306,0.250303935470137,0.18130311614730876,0.07789753639417693,0.21479229989868284,0.5760368663594471
36,0.6136769386012575,0.40206997223022317,0.3040604343720491,0.14376972411686856,0.35220949263502455,0.5023041474654376
38,0.6136769386012575,0.40206997223022317,0.3040604343720491,0.14376972411686856,0.35220949263502455,0.5023041474654376
39,0.49291900152827306,0.250303935470137,0.18130311614730876,0.07789753639417693,0.21479229989868284,0.5760368663594471
41,1.0,0.013133334837384774,0.0,0.0,0.0,0.07373271889400922
43,0.8526806526806526,1.0,1.0,1.0,1.0,0.0
