2,0,1.0,1.0,1.0,1.0,1.0
5,0,1.0,1.0,1.0,1.0,1.0
6,0,1.0,1.0,1.0,1.0,1.0
8,0,1.0,1.0,1.0,1.0,1.0
9,0,1.0,1.0,1.0,1.0,1.0
11,0,1.0,1.0,1.0,1.0,1.0
13,0,1.0,1.0,1.0,1.0,1.0
15,0,1.0,1.0,1.0,1.0,1.0
16,0,1.0,1.0,1.0,1.0,1.0
19,0,1.0,1.0,1.0,1.0,1.0
21,0,1.0,1.0,1.0,1.0,1.0
22,0,1.0,1.0,1.0,1.0,1.0
24,0,1.0,1.0,1.0,1.0,1.0
27,0,1.0,1.0,1.0,1.0,1.0
29,0,1.0,1.0,1.0,1.0,1.0
31,0,1.0,1.0,1.0,1.0,1.0
32,0,0.8807841870810043,0.8571428571428571,0.2912621359223301,0.8571428571428571,0.8571428571428571
33,0,1.0,1.0,1.0,1.0,1.0
34,0,1.0,1.0,1.0,1.0,1.0
37,0,1.0,1.0,1.0,1.0,1.0
38,0,0.3867318096074053,0.3333333333333333,0.024271844660194174,0.33333333333333326,0.33333333333333326
40,0,0.0,0.0,0.0,0.0,0.0
41,0,1.0,1.0,1.0,1.0,1.0
