3,0,1.0,1.0,1.0,1.0,1.0
4,0,1.0,1.0,1.0,1.0,1.0
5,0,1.0,1.0,1.0,1.0,1.0
6,0,1.0,1.0,1.0,1.0,1.0
8,0,1.0,1.0,1.0,1.0,1.0
9,0,1.0,1.0,1.0,1.0,1.0
11,0,1.0,1.0,1.0,1.0,1.0
12,0,1.0,1.0,1.0,1.0,1.0
15,0,1.0,1.0,1.0,1.0,1.0
16,0,0.5658262487936979,0.5,0.17647058823529413,0.49999999999999994,0.49999999999999994
17,0,0.5658262487936979,0.5,0.17647058823529413,0.49999999999999994,0.49999999999999994
19,0,0.0,0.0,0.0,0.0,0.0
20,0,0.0,0.0,0.0,0.0,0.0
21,0,0.0,0.0,0.0,0.0,0.0
22,0,0.0,0.0,0.0,0.0,0.0
23,0,0.0,0.0,0.0,0.0,0.0
26,0,0.0,0.0,0.0,0.0,0.0
