2,0.28409090909090906,0.9411533842457841,0.9797297297297298,0.6060606060606061,0.6410256410256411,0.0
4,0.28409090909090906,0.9411533842457841,0.9797297297297298,0.6060606060606061,0.6410256410256411,0.0
5,0.28409090909090906,0.9411533842457841,0.9797297297297298,0.6060606060606061,0.6410256410256411,0.0
6,0.28409090909090906,0.9411533842457841,0.9797297297297298,0.6060606060606061,0.6410256410256411,0.0
7,0.28409090909090906,0.9411533842457841,0.9797297297297298,0.6060606060606061,0.6410256410256411,0.0
8,0.28409090909090906,0.9411533842457841,0.9797297297297298,0.6060606060606061,0.6410256410256411,0.0
9,0.16806722689075615,0.7329924047901797,0.7567567567567568,0.430976430976431,0.46783625730994144,0.6428571428571427
11,0.28409090909090906,0.9411533842457841,0.9797297297297298,0.6060606060606061,0.6410256410256411,0.0
12,0.33203125,0.9795908857482156,0.9932432432432433,0.6738351254480286,0.7057057057057057,0.2857142857142854
14,0.28409090909090906,0.9411533842457841,0.9797297297297298,0.6060606060606061,0.6410256410256411,0.0
15,0.3571428571428572,1.0,1.0,0.7111111111111111,0.7407407407407406,0.42857142857142866
17,0.28409090909090906,0.9411533842457841,0.9797297297297298,0.6060606060606061,0.6410256410256411,0.0
18,0.3076923076923076,0.9599927901768628,0.9864864864864865,0.6388888888888888,0.6725146198830408,0.1428571428571427
23,0.28409090909090906,0.9411533842457841,0.9797297297297298,0.6060606060606061,0.6410256410256411,0.0
24,1.0,0.7247448713915889,0.2567567567567568,1.0,1.0,0.9999999999999998
25,1.0,0.7247448713915889,0.2567567567567568,1.0,1.0,0.9999999999999998
28,0.07352941176470569,0.5444659357341871,0.5472972972972974,0.30107526881720426,0.3333333333333333,1.0
29,0.07352941176470569,0.5444659357341871,0.5472972972972974,0.30107526881720426,0.3333333333333333,1.0
30,0.07352941176470569,0.5444659357341871,0.5472972972972974,0.30107526881720426,0.3333333333333333,1.0
31,0.07352941176470569,0.5444659357341871,0.5472972972972974,0.30107526881720426,0.3333333333333333,1.0
32,0.12755102040816302,0.5776318121606495,0.5608108108108109,0.3524904214559387,0.3872053872053872,0.7142857142857146
35,0.07352941176470569,0.5444659357341871,0.5472972972972974,0.30107526881720426,0.3333333333333333,1.0
36,0.07352941176470569,0.5444659357341871,0.5472972972972974,0.30107526881720426,0.3333333333333333,1.0
37,0.07352941176470569,0.5444659357341871,0.5472972972972974,0.30107526881720426,0.3333333333333333,1.0
38,0.07352941176470569,0.5444659357341871,0.5472972972972974,0.30107526881720426,0.3333333333333333,1.0
46,0.07352941176470569,0.5444659357341871,0.5472972972972974,0.30107526881720426,0.3333333333333333,1.0
47,0.1000000000000001,0.41855865354369176,0.37162162162162166,0.27777777777777773,0.3086419753086419,0.6428571428571427
50,0.0,0.0,0.0,0.0,0.0,0.35714285714285715
52,0.07352941176470569,0.5444659357341871,0.5472972972972974,0.30107526881720426,0.3333333333333333,1.0
