2,0.0,0.0,0.0,0.0,0.0,0.0
4,0.0,0.0,0.0,0.0,0.0,0.0
5,0.0,0.0,0.0,0.0,0.0,0.0
6,0.0,0.0,0.0,0.0,0.0,0.0
7,0.0,0.0,0.0,0.0,0.0,0.0
8,0.0,0.0,0.0,0.0,0.0,0.0
9,0.7317073170731702,0.7256999022161814,0.7499999999999987,0.7105263157894736,0.7173913043478257,0.7500000000000001
12,0.0,0.0,0.0,0.0,0.0,0.0
14,0.7317073170731702,0.7256999022161814,0.7499999999999987,0.7105263157894736,0.7173913043478257,0.7500000000000001
15,0.7317073170731702,0.7256999022161814,0.7499999999999987,0.7105263157894736,0.7173913043478257,0.7500000000000001
16,0.7317073170731702,0.7256999022161814,0.7499999999999987,0.7105263157894736,0.7173913043478257,0.7500000000000001
17,0.7317073170731702,0.7256999022161814,0.7499999999999987,0.7105263157894736,0.7173913043478257,0.7500000000000001
20,0.7317073170731702,0.7256999022161814,0.7499999999999987,0.7105263157894736,0.7173913043478257,0.7500000000000001
21,0.7317073170731702,0.7256999022161814,0.7499999999999987,0.7105263157894736,0.7173913043478257,0.7500000000000001
22,0.7317073170731702,0.7256999022161814,0.7499999999999987,0.7105263157894736,0.7173913043478257,0.7500000000000001
23,1.0,1.0,1.0,1.0,1.0,1.0
24,1.0,1.0,1.0,1.0,1.0,1.0
27,0.7317073170731702,0.7256999022161814,0.7499999999999987,0.7105263157894736,0.7173913043478257,0.7500000000000001
28,1.0,1.0,1.0,1.0,1.0,1.0
30,0.0,0.0,0.0,0.0,0.0,0.0
