2,0.8194444444444444,0.8164965809277259,0.8712871287128713,0.6388888888888888,0.6666666666666666,0.0
4,0.8194444444444444,0.8164965809277259,0.8712871287128713,0.6388888888888888,0.6666666666666666,0.0
6,0.8194444444444444,0.8164965809277259,0.8712871287128713,0.6388888888888888,0.6666666666666666,0.0
8,0.8194444444444444,0.8164965809277259,0.8712871287128713,0.6388888888888888,0.6666666666666666,0.0
10,0.8194444444444444,0.8164965809277259,0.8712871287128713,0.6388888888888888,0.6666666666666666,0.0
12,0.8194444444444444,0.8164965809277259,0.8712871287128713,0.6388888888888888,0.6666666666666666,0.0
14,0.8194444444444444,0.8164965809277259,0.8712871287128713,0.6388888888888888,0.6666666666666666,0.0
16,0.8194444444444444,0.8164965809277259,0.8712871287128713,0.6388888888888888,0.6666666666666666,0.0
17,0.8194444444444444,0.8164965809277259,0.8712871287128713,0.6388888888888888,0.6666666666666666,0.0
20,0.8194444444444444,0.8164965809277259,0.8712871287128713,0.6388888888888888,0.6666666666666666,0.0
22,0.8194444444444444,0.8164965809277259,0.8712871287128713,0.6388888888888888,0.6666666666666666,0.0
24,0.8194444444444444,0.8164965809277259,0.8712871287128713,0.6388888888888888,0.6666666666666666,0.0
25,0.8194444444444444,0.8164965809277259,0.8712871287128713,0.6388888888888888,0.6666666666666666,0.0
26,0.8194444444444444,0.8164965809277259,0.8712871287128713,0.6388888888888888,0.6666666666666666,0.0
29,0.8194444444444444,0.8164965809277259,0.8712871287128713,0.6388888888888888,0.6666666666666666,0.0
30,0.8194444444444444,0.8164965809277259,0.8712871287128713,0.6388888888888888,0.6666666666666666,0.0
31,1.0,1.0,1.0,1.0,1.0,1.0
33,0.0,0.0,0.0,0.0,0.0,0.9999999999999999
34,0.8194444444444444,0.8164965809277259,0.8712871287128713,0.6388888888888888,0.6666666666666666,0.0
