4,0,1.0,1.0,1.0,1.0,1.0
7,0,1.0,1.0,1.0,1.0,1.0
8,0,1.0,1.0,1.0,1.0,1.0
10,0,0.9291477283450473,0.8823529411764706,0.22077375946173255,0.8823529411764706,0.8823529411764706
11,0,0.9291477283450473,0.8823529411764706,0.22077375946173255,0.8823529411764706,0.8823529411764706
13,0,0.9291477283450473,0.8823529411764706,0.22077375946173255,0.8823529411764706,0.8823529411764706
15,0,0.9291477283450473,0.8823529411764706,0.22077375946173255,0.8823529411764706,0.8823529411764706
17,0,0.9291477283450473,0.8823529411764706,0.22077375946173255,0.8823529411764706,0.8823529411764706
20,0,1.0,1.0,1.0,1.0,1.0
22,0,0.0,0.0,0.0,0.0,0.0
24,0,1.0,1.0,1.0,1.0,1.0
26,0,0.0,0.0,0.0,0.0,0.0
28,0,1.0,1.0,1.0,1.0,1.0
29,0,0.08425688366512454,0.029411764705882353,0.000892015189744374,0.029411764705882353,0.029411764705882353
30,0,1.0,1.0,1.0,1.0,1.0
