3,0.49090909090909096,1.0,1.0,1.0,1.0,0.0
5,0.49090909090909096,1.0,1.0,1.0,1.0,0.0
7,0.49090909090909096,1.0,1.0,1.0,1.0,0.0
8,0.49090909090909096,1.0,1.0,1.0,1.0,0.0
9,0.49090909090909096,1.0,1.0,1.0,1.0,0.0
10,0.49090909090909096,1.0,1.0,1.0,1.0,0.0
11,0.49090909090909096,1.0,1.0,1.0,1.0,0.0
12,0.574468085106383,0.1186609736533819,0.012500000000000004,0.04464285714285713,0.05934065934065935,0.05084745762711865
13,0.49090909090909096,1.0,1.0,1.0,1.0,0.0
15,0.31034482758620685,0.32122792643926823,0.2,0.29411764705882354,0.35999999999999993,0.4067796610169492
16,0.31034482758620685,0.32122792643926823,0.2,0.29411764705882354,0.35999999999999993,0.4067796610169492
18,0.31034482758620685,0.32122792643926823,0.2,0.29411764705882354,0.35999999999999993,0.4067796610169492
19,0.31034482758620685,0.32122792643926823,0.2,0.29411764705882354,0.35999999999999993,0.4067796610169492
20,0.31034482758620685,0.32122792643926823,0.2,0.29411764705882354,0.35999999999999993,0.4067796610169492
21,0.31034482758620685,0.32122792643926823,0.2,0.29411764705882354,0.35999999999999993,0.4067796610169492
23,0.38650306748466245,0.34824991375261016,0.20416666666666672,0.32366071428571425,0.3924812030075187,0.2203389830508476
24,0.38650306748466245,0.34824991375261016,0.20416666666666672,0.32366071428571425,0.3924812030075187,0.2203389830508476
25,0.38650306748466245,0.34824991375261016,0.20416666666666672,0.32366071428571425,0.3924812030075187,0.2203389830508476
26,0.38650306748466245,0.34824991375261016,0.20416666666666672,0.32366071428571425,0.3924812030075187,0.2203389830508476
30,0.31034482758620685,0.32122792643926823,0.2,0.29411764705882354,0.35999999999999993,0.4067796610169492
32,0.31034482758620685,0.32122792643926823,0.2,0.29411764705882354,0.35999999999999993,0.4067796610169492
33,0.0,0.0,0.0,0.0,0.0,0.5084745762711865
35,0.574468085106383,0.2864729319183909,0.11250000000000002,0.23351648351648352,0.29142857142857137,0.1016949152542373
37,0.49090909090909096,1.0,1.0,1.0,1.0,0.0
39,0.574468085106383,0.7854106299048449,0.6125,0.8630952380952381,0.8948571428571429,0.3559322033898302
40,0.574468085106383,0.7854106299048449,0.6125,0.8630952380952381,0.8948571428571429,0.3559322033898302
42,0.574468085106383,0.7854106299048449,0.6125,0.8630952380952381,0.8948571428571429,0.3559322033898302
43,0.574468085106383,0.7854106299048449,0.6125,0.8630952380952381,0.8948571428571429,0.3559322033898302
44,0.574468085106383,0.7854106299048449,0.6125,0.8630952380952381,0.8948571428571429,0.3559322033898302
46,0.6226415094339622,0.81188087656602,0.6166666666666667,0.9243697478991596,0.9428571428571428,0.5423728813559321
47,0.6226415094339622,0.81188087656602,0.6166666666666667,0.9243697478991596,0.9428571428571428,0.5423728813559321
49,0.574468085106383,0.7854106299048449,0.6125,0.8630952380952381,0.8948571428571429,0.3559322033898302
51,0.574468085106383,0.7854106299048449,0.6125,0.8630952380952381,0.8948571428571429,0.3559322033898302
52,0.574468085106383,0.7854106299048449,0.6125,0.8630952380952381,0.8948571428571429,0.3559322033898302
53,0.574468085106383,0.7854106299048449,0.6125,0.8630952380952381,0.8948571428571429,0.3559322033898302
55,0.21259842519685032,0.181335406961024,0.10000000000000002,0.15625,0.19999999999999996,0.4576271186440679
59,0.8019801980198017,0.7263618320110411,0.42500000000000004,0.8516483516483517,0.8857142857142857,0.8135593220338981
60,0.8019801980198017,0.7263618320110411,0.42500000000000004,0.8516483516483517,0.8857142857142857,0.8135593220338981
61,0.8019801980198017,0.7263618320110411,0.42500000000000004,0.8516483516483517,0.8857142857142857,0.8135593220338981
63,0.8019801980198017,0.7263618320110411,0.42500000000000004,0.8516483516483517,0.8857142857142857,0.8135593220338981
64,0.8019801980198017,0.7263618320110411,0.42500000000000004,0.8516483516483517,0.8857142857142857,0.8135593220338981
66,0.8019801980198017,0.7263618320110411,0.42500000000000004,0.8516483516483517,0.8857142857142857,0.8135593220338981
67,0.8019801980198017,0.7263618320110411,0.42500000000000004,0.8516483516483517,0.8857142857142857,0.8135593220338981
69,0.8952879581151832,0.7713984775332776,0.4291666666666667,0.9375,0.9529411764705882,1.0
70,0.8952879581151832,0.7713984775332776,0.4291666666666667,0.9375,0.9529411764705882,1.0
71,0.8952879581151832,0.7713984775332776,0.4291666666666667,0.9375,0.9529411764705882,1.0
74,0.8019801980198017,0.7263618320110411,0.42500000000000004,0.8516483516483517,0.8857142857142857,0.8135593220338981
76,0.8019801980198017,0.7263618320110411,0.42500000000000004,0.8516483516483517,0.8857142857142857,0.8135593220338981
77,0.7590361445783135,0.6011309836489205,0.32083333333333336,0.6456043956043956,0.7109243697478991,0.5762711864406781
79,1.0,0.20971274115748206,0.01666666666666667,0.06493506493506494,0.08571428571428569,0.23728813559322035
82,0.49090909090909096,1.0,1.0,1.0,1.0,0.0
