3,0.5,1.0,1.0,1.0,1.0,0.0
5,0.5,1.0,1.0,1.0,1.0,0.0
7,0.5,1.0,1.0,1.0,1.0,0.0
9,0.5,1.0,1.0,1.0,1.0,0.0
10,0.5,1.0,1.0,1.0,1.0,0.0
11,0.5,1.0,1.0,1.0,1.0,0.0
12,0.37931034482758624,0.7202013512085207,0.5912408759124088,0.3055555555555555,0.6111111111111112,0.5833333333333331
13,0.37931034482758624,0.7202013512085207,0.5912408759124088,0.3055555555555555,0.6111111111111112,0.5833333333333331
14,0.37931034482758624,0.7202013512085207,0.5912408759124088,0.3055555555555555,0.6111111111111112,0.5833333333333331
17,0.5,1.0,1.0,1.0,1.0,0.0
18,1.0,0.734930919740164,0.40875912408759124,0.24747474747474746,0.5401234567901235,0.5833333333333333
19,1.0,0.734930919740164,0.40875912408759124,0.24747474747474746,0.5401234567901235,0.5833333333333333
21,0.37931034482758624,0.7202013512085207,0.5912408759124088,0.3055555555555555,0.6111111111111112,0.5833333333333331
22,0.37931034482758624,0.7202013512085207,0.5912408759124088,0.3055555555555555,0.6111111111111112,0.5833333333333331
23,0.37931034482758624,0.7202013512085207,0.5912408759124088,0.3055555555555555,0.6111111111111112,0.5833333333333331
24,0.25,0.4622501635210242,0.29927007299270075,0.12280701754385963,0.3333333333333333,1.0
25,0.25,0.4622501635210242,0.29927007299270075,0.12280701754385963,0.3333333333333333,1.0
26,0.25,0.4622501635210242,0.29927007299270075,0.12280701754385963,0.3333333333333333,1.0
27,0.25,0.4622501635210242,0.29927007299270075,0.12280701754385963,0.3333333333333333,1.0
29,0.25,0.4622501635210242,0.29927007299270075,0.12280701754385963,0.3333333333333333,1.0
30,0.25,0.4622501635210242,0.29927007299270075,0.12280701754385963,0.3333333333333333,1.0
31,0.0,0.0,0.0,0.0,0.0,0.0
32,0.0,0.0,0.0,0.0,0.0,0.0
36,0.37931034482758624,0.7202013512085207,0.5912408759124088,0.3055555555555555,0.6111111111111112,0.5833333333333331
37,0.37931034482758624,0.7202013512085207,0.5912408759124088,0.3055555555555555,0.6111111111111112,0.5833333333333331
41,0.37931034482758624,0.7202013512085207,0.5912408759124088,0.3055555555555555,0.6111111111111112,0.5833333333333331
42,0.3333333333333333,0.6250000000000001,0.4744525547445255,0.21874999999999997,0.5,0.7499999999999999
44,0.37931034482758624,0.7202013512085207,0.5912408759124088,0.3055555555555555,0.6111111111111112,0.5833333333333331
45,0.30769230769230765,0.5737753105492469,0.41605839416058393,0.1830065359477124,0.4444444444444445,0.8333333333333333
48,0.37931034482758624,0.7202013512085207,0.5912408759124088,0.3055555555555555,0.6111111111111112,0.5833333333333331
