3,1.0,1.0,1.0,1.0,1.0,0.0
6,1.0,1.0,1.0,1.0,1.0,0.0
7,1.0,1.0,1.0,1.0,1.0,0.0
8,1.0,1.0,1.0,1.0,1.0,0.0
9,1.0,1.0,1.0,1.0,1.0,0.0
10,1.0,1.0,1.0,1.0,1.0,0.0
11,1.0,1.0,1.0,1.0,1.0,0.0
13,1.0,1.0,1.0,1.0,1.0,0.0
14,1.0,1.0,1.0,1.0,1.0,0.0
15,1.0,1.0,1.0,1.0,1.0,0.0
16,0.0,0.0,0.0,0.0,0.0,1.0
18,0.8007736943907166,0.23018982347429906,0.15000000000000005,0.5798319327731092,0.5864661654135334,0.18181818181818188
20,0.8007736943907166,0.23018982347429906,0.15000000000000005,0.5798319327731092,0.5864661654135334,0.18181818181818188
23,1.0,1.0,1.0,1.0,1.0,0.0
25,1.0,1.0,1.0,1.0,1.0,0.0
27,1.0,1.0,1.0,1.0,1.0,0.0
28,1.0,1.0,1.0,1.0,1.0,0.0
