3,0.16105303910181967,0.9283388931187503,0.9918699186991872,0.7499322309568989,0.9023977919613594,0.0
5,0.16105303910181967,0.9283388931187503,0.9918699186991872,0.7499322309568989,0.9023977919613594,0.0
6,0.16105303910181967,0.9283388931187503,0.9918699186991872,0.7499322309568989,0.9023977919613594,0.0
7,0.16105303910181967,0.9283388931187503,0.9918699186991872,0.7499322309568989,0.9023977919613594,0.0
8,0.16105303910181967,0.9283388931187503,0.9918699186991872,0.7499322309568989,0.9023977919613594,0.0
9,0.16105303910181967,0.9283388931187503,0.9918699186991872,0.7499322309568989,0.9023977919613594,0.0
10,0.16105303910181967,0.9283388931187503,0.9918699186991872,0.7499322309568989,0.9023977919613594,0.0
11,0.16105303910181967,0.9283388931187503,0.9918699186991872,0.7499322309568989,0.9023977919613594,0.0
12,0.16105303910181967,0.9283388931187503,0.9918699186991872,0.7499322309568989,0.9023977919613594,0.0
13,0.16105303910181967,0.9283388931187503,0.9918699186991872,0.7499322309568989,0.9023977919613594,0.0
14,0.6369647696476971,1.0,1.0,1.0,1.0,1.0
16,0.0,0.4317247285357754,0.4336043360433604,0.18524667931688804,0.41209956468355846,0.2601626016260162
17,1.0,0.1577468357568173,0.08401084010840114,0.041745730550284625,0.11840607210626193,0.7154471544715447
21,0.16105303910181967,0.9283388931187503,0.9918699186991872,0.7499322309568989,0.9023977919613594,0.0
24,0.16105303910181967,0.9283388931187503,0.9918699186991872,0.7499322309568989,0.9023977919613594,0.0
25,0.06190476190476188,0.850234071634874,0.9105691056910571,0.5961812144212524,0.819872347766086,0.2276422764227644
26,0.4564835716077253,0.7447878453538949,0.7181571815718159,0.45920303605313095,0.7235926628716002,0.5365853658536582
27,0.4564835716077253,0.7447878453538949,0.7181571815718159,0.45920303605313095,0.7235926628716002,0.5365853658536582
29,0.06190476190476188,0.850234071634874,0.9105691056910571,0.5961812144212524,0.819872347766086,0.2276422764227644
30,0.09550045913682306,0.024272636628710292,0.03794037940379412,0.010436432637571156,0.031490976624005886,0.06504065040650404
32,0.06190476190476188,0.850234071634874,0.9105691056910571,0.5961812144212524,0.819872347766086,0.2276422764227644
35,0.16105303910181967,0.9283388931187503,0.9918699186991872,0.7499322309568989,0.9023977919613594,0.0
36,0.06190476190476188,0.850234071634874,0.9105691056910571,0.5961812144212524,0.819872347766086,0.2276422764227644
37,0.4564835716077253,0.7447878453538949,0.7181571815718159,0.45920303605313095,0.7235926628716002,0.5365853658536582
38,0.4564835716077253,0.7447878453538949,0.7181571815718159,0.45920303605313095,0.7235926628716002,0.5365853658536582
40,0.381151832460733,0.8019601012755084,0.7967479674796748,0.5374762808349146,0.7817836812144212,0.4308943089430895
41,0.3367003367003375,0.0,0.0,0.0,0.0,0.15447154471544716
43,0.06190476190476188,0.850234071634874,0.9105691056910571,0.5961812144212524,0.819872347766086,0.2276422764227644
47,0.16105303910181967,0.9283388931187503,0.9918699186991872,0.7499322309568989,0.9023977919613594,0.0
49,0.16105303910181967,0.9283388931187503,0.9918699186991872,0.7499322309568989,0.9023977919613594,0.0
