15,0.5645604395604396,0.7490611694746059,0.5575221238938053,0.5723270440251573,0.5868055555555554,0.29268292682926816
16,0.5645604395604396,0.7490611694746059,0.5575221238938053,0.5723270440251573,0.5868055555555554,0.29268292682926816
19,0.4825601374570447,1.0,1.0,0.49140893470790376,0.5062636165577341,0.0
21,0.4825601374570447,1.0,1.0,0.49140893470790376,0.5062636165577341,0.0
22,0.4825601374570447,1.0,1.0,0.49140893470790376,0.5062636165577341,0.0
23,0.4825601374570447,1.0,1.0,0.49140893470790376,0.5062636165577341,0.0
24,0.3769654088050315,0.40347658368288164,0.28318584070796454,0.31972789115646255,0.3327886710239651,0.29268292682926816
25,0.3769654088050315,0.40347658368288164,0.28318584070796454,0.31972789115646255,0.3327886710239651,0.29268292682926816
27,0.5645604395604396,0.7490611694746059,0.5575221238938053,0.5723270440251573,0.5868055555555554,0.29268292682926816
28,0.5645604395604396,0.7490611694746059,0.5575221238938053,0.5723270440251573,0.5868055555555554,0.29268292682926816
29,0.5645604395604396,0.7490611694746059,0.5575221238938053,0.5723270440251573,0.5868055555555554,0.29268292682926816
30,0.5645604395604396,0.7490611694746059,0.5575221238938053,0.5723270440251573,0.5868055555555554,0.29268292682926816
31,1.0,0.5325455624272217,0.10619469026548674,1.0,1.0,0.46341463414634154
32,1.0,0.5325455624272217,0.10619469026548674,1.0,1.0,0.46341463414634154
33,1.0,0.5325455624272217,0.10619469026548674,1.0,1.0,0.46341463414634154
34,1.0,0.5325455624272217,0.10619469026548674,1.0,1.0,0.46341463414634154
36,0.5645604395604396,0.7490611694746059,0.5575221238938053,0.5723270440251573,0.5868055555555554,0.29268292682926816
37,0.5645604395604396,0.7490611694746059,0.5575221238938053,0.5723270440251573,0.5868055555555554,0.29268292682926816
38,0.5645604395604396,0.7490611694746059,0.5575221238938053,0.5723270440251573,0.5868055555555554,0.29268292682926816
39,0.5645604395604396,0.7490611694746059,0.5575221238938053,0.5723270440251573,0.5868055555555554,0.29268292682926816
40,0.5645604395604396,0.7490611694746059,0.5575221238938053,0.5723270440251573,0.5868055555555554,0.29268292682926816
41,0.5645604395604396,0.7490611694746059,0.5575221238938053,0.5723270440251573,0.5868055555555554,0.29268292682926816
42,0.5645604395604396,0.7490611694746059,0.5575221238938053,0.5723270440251573,0.5868055555555554,0.29268292682926816
43,0.5645604395604396,0.7490611694746059,0.5575221238938053,0.5723270440251573,0.5868055555555554,0.29268292682926816
45,0.5645604395604396,0.7490611694746059,0.5575221238938053,0.5723270440251573,0.5868055555555554,0.29268292682926816
46,0.0,0.0,0.0,0.0,0.0,1.0
47,0.0,0.0,0.0,0.0,0.0,1.0
50,0.5645604395604396,0.7490611694746059,0.5575221238938053,0.5723270440251573,0.5868055555555554,0.29268292682926816
51,0.5645604395604396,0.7490611694746059,0.5575221238938053,0.5723270440251573,0.5868055555555554,0.29268292682926816
52,0.5645604395604396,0.7490611694746059,0.5575221238938053,0.5723270440251573,0.5868055555555554,0.29268292682926816
53,0.5645604395604396,0.7490611694746059,0.5575221238938053,0.5723270440251573,0.5868055555555554,0.29268292682926816
55,0.5645604395604396,0.7490611694746059,0.5575221238938053,0.5723270440251573,0.5868055555555554,0.29268292682926816
58,0.5645604395604396,0.7490611694746059,0.5575221238938053,0.5723270440251573,0.5868055555555554,0.29268292682926816
