4,0.75,0.7200822998230956,0.5517241379310345,0.5,0.5185185185185185,0.0
8,0.75,0.7200822998230956,0.5517241379310345,0.5,0.5185185185185185,0.0
9,0.75,0.7200822998230956,0.5517241379310345,0.5,0.5185185185185185,0.0
11,0.75,0.7200822998230956,0.5517241379310345,0.5,0.5185185185185185,0.0
12,0.75,0.7200822998230956,0.5517241379310345,0.5,0.5185185185185185,0.0
13,0.75,0.7200822998230956,0.5517241379310345,0.5,0.5185185185185185,0.0
14,0.75,0.7200822998230956,0.5517241379310345,0.5,0.5185185185185185,0.0
16,0.7647058823529411,0.7337993857053429,0.5862068965517241,0.52,0.5384615384615385,0.06666666666666662
17,0.7647058823529411,0.7337993857053429,0.5862068965517241,0.52,0.5384615384615385,0.06666666666666662
19,0.8125,0.7801894976054939,0.6896551724137931,0.5909090909090909,0.6086956521739131,0.2666666666666667
21,0.8666666666666666,0.8366600265340755,0.793103448275862,0.6842105263157894,0.7000000000000001,0.4666666666666668
23,1.0,1.0,1.0,1.0,1.0,0.8666666666666667
24,0.0,0.0,0.0,0.0,0.0,1.0
26,0.8125,0.7801894976054939,0.6896551724137931,0.5909090909090909,0.6086956521739131,0.2666666666666667
28,0.0,0.0,0.103448275862069,0.0,0.0,0.8000000000000002
30,0.0,0.0,0.13793103448275865,0.0,0.0,0.7333333333333334
32,0.0,0.0,0.41379310344827586,0.0,0.0,0.20000000000000004
33,0.0,0.0,0.41379310344827586,0.0,0.0,0.20000000000000004
35,0.0,0.0,0.13793103448275865,0.0,0.0,0.7333333333333334
37,0.0,0.0,0.1724137931034483,0.0,0.0,0.6666666666666667
41,0.75,0.7200822998230956,0.5517241379310345,0.5,0.5185185185185185,0.0
42,0.75,0.7200822998230956,0.5517241379310345,0.5,0.5185185185185185,0.0
43,0.75,0.7200822998230956,0.5517241379310345,0.5,0.5185185185185185,0.0
44,0.75,0.7200822998230956,0.5517241379310345,0.5,0.5185185185185185,0.0
