4,0.12539682539682528,0.8911882503123956,1.0,0.21980676328502427,0.24574669187145562,0.0
6,0.12539682539682528,0.8911882503123956,1.0,0.21980676328502427,0.24574669187145562,0.0
7,0.12539682539682528,0.8911882503123956,1.0,0.21980676328502427,0.24574669187145562,0.0
9,0.12539682539682528,0.8911882503123956,1.0,0.21980676328502427,0.24574669187145562,0.0
10,0.12539682539682528,0.8911882503123956,1.0,0.21980676328502427,0.24574669187145562,0.0
11,0.12539682539682528,0.8911882503123956,1.0,0.21980676328502427,0.24574669187145562,0.0
13,0.12539682539682528,0.8911882503123956,1.0,0.21980676328502427,0.24574669187145562,0.0
14,0.12539682539682528,0.8911882503123956,1.0,0.21980676328502427,0.24574669187145562,0.0
16,0.12539682539682528,0.8911882503123956,1.0,0.21980676328502427,0.24574669187145562,0.0
18,0.12539682539682528,0.8911882503123956,1.0,0.21980676328502427,0.24574669187145562,0.0
20,0.12539682539682528,0.8911882503123956,1.0,0.21980676328502427,0.24574669187145562,0.0
23,0.0,0.0,0.32000000000000006,0.0,0.0,0.27586206896551696
25,0.12539682539682528,0.8911882503123956,1.0,0.21980676328502427,0.24574669187145562,0.0
27,0.12539682539682528,0.8911882503123956,1.0,0.21980676328502427,0.24574669187145562,0.0
28,0.0,0.0,0.32000000000000006,0.0,0.0,0.27586206896551696
29,0.12539682539682528,0.8911882503123956,1.0,0.21980676328502427,0.24574669187145562,0.0
31,0.12539682539682528,0.8911882503123956,1.0,0.21980676328502427,0.24574669187145562,0.0
32,1.0,1.0,0.0,1.0,1.0,1.0
33,0.12539682539682528,0.8911882503123956,1.0,0.21980676328502427,0.24574669187145562,0.0
36,0.12539682539682528,0.8911882503123956,1.0,0.21980676328502427,0.24574669187145562,0.0
38,0.12539682539682528,0.8911882503123956,1.0,0.21980676328502427,0.24574669187145562,0.0
