3,0,1.0,1.0,1.0,1.0,1.0
7,0,1.0,1.0,1.0,1.0,1.0
9,0,1.0,1.0,1.0,1.0,1.0
10,0,0.2970098210970557,0.25,0.028735632183908056,0.25000000000000006,0.25000000000000006
11,0,0.2970098210970557,0.25,0.028735632183908056,0.25000000000000006,0.25000000000000006
12,0,0.2970098210970557,0.25,0.028735632183908056,0.25000000000000006,0.25000000000000006
13,0,0.2970098210970557,0.25,0.028735632183908056,0.25000000000000006,0.25000000000000006
14,0,0.2970098210970557,0.25,0.028735632183908056,0.25000000000000006,0.25000000000000006
15,0,0.2970098210970557,0.25,0.028735632183908056,0.25000000000000006,0.25000000000000006
16,0,0.2970098210970557,0.25,0.028735632183908056,0.25000000000000006,0.25000000000000006
17,0,0.2970098210970557,0.25,0.028735632183908056,0.25000000000000006,0.25000000000000006
19,0,0.2970098210970557,0.25,0.028735632183908056,0.25000000000000006,0.25000000000000006
21,0,0.2970098210970557,0.25,0.028735632183908056,0.25000000000000006,0.25000000000000006
22,0,0.2970098210970557,0.25,0.028735632183908056,0.25000000000000006,0.25000000000000006
23,0,0.0,0.0,0.0,0.0,0.0
24,0,0.0,0.0,0.0,0.0,0.0
26,0,0.2970098210970557,0.25,0.028735632183908056,0.25000000000000006,0.25000000000000006
29,0,0.10438154988031592,0.08333333333333333,0.00783699059561129,0.08333333333333331,0.08333333333333331
30,0,1.0,1.0,1.0,1.0,1.0
