5,0.8018867924528302,0.7817359599705715,0.4324324324324324,0.6037735849056604,0.611111111111111,0.0
8,0.8018867924528302,0.7817359599705715,0.4324324324324324,0.6037735849056604,0.611111111111111,0.0
10,0.8018867924528302,0.7817359599705715,0.4324324324324324,0.6037735849056604,0.611111111111111,0.0
12,0.0,0.0,0.24324324324324326,0.0,0.0,0.2857142857142857
13,0.0,0.0,0.24324324324324326,0.0,0.0,0.2857142857142857
16,0.8500000000000001,0.82915619758885,0.5945945945945946,0.6808510638297872,0.6874999999999999,0.28571428571428564
18,0.0,0.0,0.0,0.0,0.0,0.7142857142857142
23,1.0,1.0,1.0,1.0,1.0,1.0
26,0.8500000000000001,0.82915619758885,0.5945945945945946,0.6808510638297872,0.6874999999999999,0.28571428571428564
28,0.8500000000000001,0.82915619758885,0.5945945945945946,0.6808510638297872,0.6874999999999999,0.28571428571428564
29,0.8500000000000001,0.82915619758885,0.5945945945945946,0.6808510638297872,0.6874999999999999,0.28571428571428564
30,0.8500000000000001,0.82915619758885,0.5945945945945946,0.6808510638297872,0.6874999999999999,0.28571428571428564
