6,0.7857142857142857,0.7745966692414833,0.5384615384615384,0.5714285714285714,0.6,0.0
9,0.7857142857142857,0.7745966692414833,0.5384615384615384,0.5714285714285714,0.6,0.0
11,0.7857142857142857,0.7745966692414833,0.5384615384615384,0.5714285714285714,0.6,0.0
12,0.7857142857142857,0.7745966692414833,0.5384615384615384,0.5714285714285714,0.6,0.0
13,0.7857142857142857,0.7745966692414833,0.5384615384615384,0.5714285714285714,0.6,0.0
15,0.8800000000000001,0.8660254037844388,0.7692307692307693,0.7272727272727273,0.75,0.5
16,0.8800000000000001,0.8660254037844388,0.7692307692307693,0.7272727272727273,0.75,0.5
17,0.8800000000000001,0.8660254037844388,0.7692307692307693,0.7272727272727273,0.75,0.5
18,0.8800000000000001,0.8660254037844388,0.7692307692307693,0.7272727272727273,0.75,0.5
19,0.8800000000000001,0.8660254037844388,0.7692307692307693,0.7272727272727273,0.75,0.5
22,0.7857142857142857,0.7745966692414833,0.5384615384615384,0.5714285714285714,0.6,0.0
23,0.7857142857142857,0.7745966692414833,0.5384615384615384,0.5714285714285714,0.6,0.0
24,0.7857142857142857,0.7745966692414833,0.5384615384615384,0.5714285714285714,0.6,0.0
25,0.7857142857142857,0.7745966692414833,0.5384615384615384,0.5714285714285714,0.6,0.0
27,0.7857142857142857,0.7745966692414833,0.5384615384615384,0.5714285714285714,0.6,0.0
29,0.7857142857142857,0.7745966692414833,0.5384615384615384,0.5714285714285714,0.6,0.0
31,0.8800000000000001,0.8660254037844388,0.7692307692307693,0.7272727272727273,0.75,0.5
33,0.8800000000000001,0.8660254037844388,0.7692307692307693,0.7272727272727273,0.75,0.5
35,0.9565217391304348,0.9486832980505139,0.9230769230769231,0.8888888888888888,0.9000000000000001,0.8333333333333331
36,0.9565217391304348,0.9486832980505139,0.9230769230769231,0.8888888888888888,0.9000000000000001,0.8333333333333331
38,1.0,1.0,1.0,1.0,1.0,1.0
39,1.0,1.0,1.0,1.0,1.0,1.0
48,0.7857142857142857,0.7745966692414833,0.5384615384615384,0.5714285714285714,0.6,0.0
49,0.0,0.0,0.0,0.0,0.0,0.9999999999999999
51,1.0,1.0,1.0,1.0,1.0,1.0
53,0.7857142857142857,0.7745966692414833,0.5384615384615384,0.5714285714285714,0.6,0.0
