2,0.3038793103448285,1.0,1.0,1.0,1.0,0.0
3,0.3038793103448285,1.0,1.0,1.0,1.0,0.0
4,0.3038793103448285,1.0,1.0,1.0,1.0,0.0
5,0.3038793103448285,1.0,1.0,1.0,1.0,0.0
6,0.3038793103448285,1.0,1.0,1.0,1.0,0.0
7,0.3038793103448285,1.0,1.0,1.0,1.0,0.0
8,0.3038793103448285,1.0,1.0,1.0,1.0,0.0
10,0.3038793103448285,1.0,1.0,1.0,1.0,0.0
12,0.3038793103448285,1.0,1.0,1.0,1.0,0.0
13,0.3038793103448285,1.0,1.0,1.0,1.0,0.0
14,0.3038793103448285,1.0,1.0,1.0,1.0,0.0
15,0.3038793103448285,1.0,1.0,1.0,1.0,0.0
16,1.0,0.0,0.0,0.0,0.0,1.0
17,1.0,0.0,0.0,0.0,0.0,1.0
18,1.0,0.0,0.0,0.0,0.0,1.0
20,0.0,0.8182070005353056,0.8513513513513513,0.7331378299120235,0.8064516129032256,0.5882352941176463
22,0.3038793103448285,1.0,1.0,1.0,1.0,0.0
25,0.3038793103448285,1.0,1.0,1.0,1.0,0.0
26,0.3038793103448285,1.0,1.0,1.0,1.0,0.0
29,0.3038793103448285,1.0,1.0,1.0,1.0,0.0
30,0.3038793103448285,1.0,1.0,1.0,1.0,0.0
