2,0.6847826086956521,1.0,1.0,1.0,1.0,0.0
4,0.6847826086956521,1.0,1.0,1.0,1.0,0.0
5,0.5735294117647056,0.8535935208012436,0.7966101694915255,0.2662473794549266,0.7987421383647798,0.47058823529411764
7,0.6588235294117645,0.5404601550138521,0.4067796610169492,0.06192549588776003,0.4192872117400419,0.05882352941176467
12,0.6847826086956521,1.0,1.0,1.0,1.0,0.0
14,0.6847826086956521,1.0,1.0,1.0,1.0,0.0
16,0.6847826086956521,1.0,1.0,1.0,1.0,0.0
17,0.6847826086956521,1.0,1.0,1.0,1.0,0.0
18,0.6847826086956521,1.0,1.0,1.0,1.0,0.0
20,0.6847826086956521,1.0,1.0,1.0,1.0,0.0
21,0.6847826086956521,1.0,1.0,1.0,1.0,0.0
22,0.6847826086956521,1.0,1.0,1.0,1.0,0.0
23,0.6847826086956521,1.0,1.0,1.0,1.0,0.0
24,0.6847826086956521,1.0,1.0,1.0,1.0,0.0
26,1.0,0.9239863886193056,0.8644067796610171,0.42767295597484273,0.8909853249475891,1.0
27,1.0,0.9239863886193056,0.8644067796610171,0.42767295597484273,0.8909853249475891,1.0
28,1.0,0.9239863886193056,0.8644067796610171,0.42767295597484273,0.8909853249475891,1.0
32,0.47511312217194557,0.3763440860215054,0.25423728813559326,0.031446540880503145,0.26205450733752617,0.411764705882353
33,0.47511312217194557,0.3763440860215054,0.25423728813559326,0.031446540880503145,0.26205450733752617,0.411764705882353
36,0.0,0.0,0.0,0.0,0.0,1.0
37,0.0,0.0,0.0,0.0,0.0,1.0
38,0.0,0.0,0.0,0.0,0.0,1.0
