4,0.706896551724138,1.0,1.0,0.6206896551724138,0.65625,0.0
6,0.706896551724138,1.0,1.0,0.6206896551724138,0.65625,0.0
7,0.706896551724138,1.0,1.0,0.6206896551724138,0.65625,0.0
8,0.706896551724138,1.0,1.0,0.6206896551724138,0.65625,0.0
9,1.0,0.8432740427115677,0.4696969696969698,1.0,1.0,0.6799999999999998
10,1.0,0.8432740427115677,0.4696969696969698,1.0,1.0,0.6799999999999998
12,0.6165413533834586,0.725774738602423,0.6060606060606061,0.46153846153846156,0.5,0.6799999999999998
13,0.0,0.0,0.0,0.0,0.0,0.6
15,0.6949152542372882,0.8040302522073696,0.681818181818182,0.5714285714285714,0.6086956521739131,0.08000000000000028
16,0.0,0.0,0.045454545454545456,0.0,0.0,0.23999999999999996
18,0.7321428571428571,0.8432740427115677,0.7121212121212122,0.631578947368421,0.6666666666666666,0.15999999999999978
19,0.0,0.0,0.045454545454545456,0.0,0.0,0.23999999999999996
22,0.7735849056603774,0.8888888888888888,0.7424242424242427,0.7058823529411765,0.7368421052631579,0.39999999999999986
23,0.7735849056603774,0.8888888888888888,0.7424242424242427,0.7058823529411765,0.7368421052631579,0.39999999999999986
24,0.7735849056603774,0.8888888888888888,0.7424242424242427,0.7058823529411765,0.7368421052631579,0.39999999999999986
25,0.7735849056603774,0.8888888888888888,0.7424242424242427,0.7058823529411765,0.7368421052631579,0.39999999999999986
26,0.7735849056603774,0.8888888888888888,0.7424242424242427,0.7058823529411765,0.7368421052631579,0.39999999999999986
27,0.7735849056603774,0.8888888888888888,0.7424242424242427,0.7058823529411765,0.7368421052631579,0.39999999999999986
28,0.5774647887323944,0.4868644955601476,0.3181818181818182,0.375,0.411764705882353,0.52
29,0.5774647887323944,0.4868644955601476,0.3181818181818182,0.375,0.411764705882353,0.52
30,0.5774647887323944,0.4868644955601476,0.3181818181818182,0.375,0.411764705882353,0.52
31,0.5774647887323944,0.4868644955601476,0.3181818181818182,0.375,0.411764705882353,0.52
34,0.7735849056603774,0.8888888888888888,0.7424242424242427,0.7058823529411765,0.7368421052631579,0.39999999999999986
35,0.7735849056603774,0.8888888888888888,0.7424242424242427,0.7058823529411765,0.7368421052631579,0.39999999999999986
36,0.7735849056603774,0.8888888888888888,0.7424242424242427,0.7058823529411765,0.7368421052631579,0.39999999999999986
37,0.7735849056603774,0.8888888888888888,0.7424242424242427,0.7058823529411765,0.7368421052631579,0.39999999999999986
38,0.82,0.6666666666666667,0.42424242424242425,0.6666666666666666,0.7000000000000001,0.31999999999999984
39,0.82,0.6666666666666667,0.42424242424242425,0.6666666666666666,0.7000000000000001,0.31999999999999984
42,0.7321428571428571,0.5962847939999438,0.3939393939393939,0.5454545454545455,0.5833333333333334,0.07999999999999989
43,0.7321428571428571,0.5962847939999438,0.3939393939393939,0.5454545454545455,0.5833333333333334,0.07999999999999989
44,0.7321428571428571,0.5962847939999438,0.3939393939393939,0.5454545454545455,0.5833333333333334,0.07999999999999989
45,0.7321428571428571,0.5962847939999438,0.3939393939393939,0.5454545454545455,0.5833333333333334,0.07999999999999989
46,0.7321428571428571,0.5962847939999438,0.3939393939393939,0.5454545454545455,0.5833333333333334,0.07999999999999989
47,0.7321428571428571,0.5962847939999438,0.3939393939393939,0.5454545454545455,0.5833333333333334,0.07999999999999989
48,0.0,0.0,0.01515151515151515,0.0,0.0,0.4799999999999999
51,0.7321428571428571,0.5962847939999438,0.3939393939393939,0.5454545454545455,0.5833333333333334,0.07999999999999989
52,0.9318181818181817,0.769800358919501,0.4545454545454546,0.8571428571428571,0.875,0.5599999999999998
55,0.0,0.0,0.01515151515151515,0.0,0.0,0.4799999999999999
58,0.0,0.0,0.07575757575757576,0.0,0.0,0.0
59,0.0,0.0,0.07575757575757576,0.0,0.0,0.0
60,0.0,0.0,0.07575757575757576,0.0,0.0,0.0
61,0.0,0.0,0.07575757575757576,0.0,0.0,0.0
62,0.0,0.0,0.07575757575757576,0.0,0.0,0.0
63,0.0,0.0,0.07575757575757576,0.0,0.0,0.0
64,0.0,0.0,0.07575757575757576,0.0,0.0,0.0
67,0.0,0.0,0.07575757575757576,0.0,0.0,0.0
68,0.0,0.0,0.07575757575757576,0.0,0.0,0.0
71,0.0,0.0,0.07575757575757576,0.0,0.0,0.0
74,0.0,0.0,0.07575757575757576,0.0,0.0,0.0
75,0.0,0.0,0.07575757575757576,0.0,0.0,0.0
76,0.0,0.0,0.07575757575757576,0.0,0.0,0.0
77,0.0,0.0,0.07575757575757576,0.0,0.0,0.0
78,0.0,0.0,0.07575757575757576,0.0,0.0,0.0
79,0.0,0.0,0.07575757575757576,0.0,0.0,0.0
80,0.0,0.0,0.07575757575757576,0.0,0.0,0.0
83,0.0,0.0,0.07575757575757576,0.0,0.0,0.0
84,0.0,0.0,0.07575757575757576,0.0,0.0,0.0
87,0.0,0.0,0.07575757575757576,0.0,0.0,0.0
95,0.4939759036144578,0.4325904563487001,0.2575757575757576,0.30000000000000004,0.3333333333333333,1.0
