3,0,1.0,1.0,1.0,1.0,1.0
5,0,1.0,1.0,1.0,1.0,1.0
6,0,1.0,1.0,1.0,1.0,1.0
7,0,1.0,1.0,1.0,1.0,1.0
8,0,1.0,1.0,1.0,1.0,1.0
9,0,0.2252071272225261,0.2,0.017311608961303463,0.20000000000000004,0.20000000000000004
10,0,0.2252071272225261,0.2,0.017311608961303463,0.20000000000000004,0.20000000000000004
11,0,0.2252071272225261,0.2,0.017311608961303463,0.20000000000000004,0.20000000000000004
13,0,0.0,0.0,0.0,0.0,0.0
17,0,1.0,1.0,1.0,1.0,1.0
18,0,0.2252071272225261,0.2,0.017311608961303463,0.20000000000000004,0.20000000000000004
21,0,1.0,1.0,1.0,1.0,1.0
