2,0,1.0,1.0,1.0,1.0,1.0
6,0,1.0,1.0,1.0,1.0,1.0
7,0,1.0,1.0,1.0,1.0,1.0
8,0,0.6324555320336759,0.4,0.019047619047619046,0.4,0.4
10,0,0.7745966692414834,0.6,0.04285714285714286,0.6,0.6
12,0,1.0,1.0,1.0,1.0,1.0
13,0,1.0,1.0,1.0,1.0,1.0
14,0,1.0,1.0,1.0,1.0,1.0
15,0,1.0,1.0,1.0,1.0,1.0
19,0,1.0,1.0,1.0,1.0,1.0
20,0,0.6546536707079772,0.42857142857142855,0.02142857142857143,0.42857142857142855,0.42857142857142855
21,0,0.7559289460184545,0.5714285714285714,0.03809523809523809,0.5714285714285714,0.5714285714285714
22,0,0.6969320524371696,0.4857142857142857,0.026984126984126982,0.4857142857142857,0.4857142857142857
23,0,0.29277002188455997,0.08571428571428572,0.0026785714285714286,0.08571428571428572,0.08571428571428572
24,0,0.29277002188455997,0.08571428571428572,0.0026785714285714286,0.08571428571428572,0.08571428571428572
25,0,0.0,0.0,0.0,0.0,0.0
26,0,0.0,0.0,0.0,0.0,0.0
28,0,1.0,1.0,1.0,1.0,1.0
