7,0,1.0,1.0,1.0,1.0,1.0
11,0,1.0,1.0,1.0,1.0,1.0
13,0,1.0,1.0,1.0,1.0,1.0
14,0,1.0,1.0,1.0,1.0,1.0
15,0,1.0,1.0,1.0,1.0,1.0
17,0,1.0,1.0,1.0,1.0,1.0
18,0,1.0,1.0,1.0,1.0,1.0
19,0,1.0,1.0,1.0,1.0,1.0
22,0,1.0,1.0,1.0,1.0,1.0
23,0,1.0,1.0,1.0,1.0,1.0
24,0,0.5182629865069234,0.42857142857142855,0.05443548387096774,0.4285714285714286,0.4285714285714286
28,0,1.0,1.0,1.0,1.0,1.0
29,0,1.0,1.0,1.0,1.0,1.0
30,0,1.0,1.0,1.0,1.0,1.0
31,0,1.0,1.0,1.0,1.0,1.0
33,0,1.0,1.0,1.0,1.0,1.0
34,0,1.0,1.0,1.0,1.0,1.0
35,0,1.0,1.0,1.0,1.0,1.0
36,0,0.7159199798191258,0.6428571428571429,0.13064516129032258,0.6428571428571428,0.6428571428571428
37,0,0.7159199798191258,0.6428571428571429,0.13064516129032258,0.6428571428571428,0.6428571428571428
38,0,0.7159199798191258,0.6428571428571429,0.13064516129032258,0.6428571428571428,0.6428571428571428
42,0,1.0,1.0,1.0,1.0,1.0
43,0,1.0,1.0,1.0,1.0,1.0
44,0,0.44590290622280615,0.35714285714285715,0.04032258064516129,0.35714285714285715,0.35714285714285715
45,0,0.0,0.0,0.0,0.0,0.0
46,0,0.0,0.0,0.0,0.0,0.0
48,0,0.10526339723329621,0.07142857142857142,0.005583126550868488,0.07142857142857145,0.07142857142857145
49,0,0.10526339723329621,0.07142857142857142,0.005583126550868488,0.07142857142857145,0.07142857142857145
50,0,0.10526339723329621,0.07142857142857142,0.005583126550868488,0.07142857142857145,0.07142857142857145
52,0,0.44590290622280615,0.35714285714285715,0.04032258064516129,0.35714285714285715,0.35714285714285715
53,0,0.44590290622280615,0.35714285714285715,0.04032258064516129,0.35714285714285715,0.35714285714285715
54,0,0.44590290622280615,0.35714285714285715,0.04032258064516129,0.35714285714285715,0.35714285714285715
55,0,0.10526339723329621,0.07142857142857142,0.005583126550868488,0.07142857142857145,0.07142857142857145
56,0,0.10526339723329621,0.07142857142857142,0.005583126550868488,0.07142857142857145,0.07142857142857145
57,0,0.10526339723329621,0.07142857142857142,0.005583126550868488,0.07142857142857145,0.07142857142857145
61,0,0.44590290622280615,0.35714285714285715,0.04032258064516129,0.35714285714285715,0.35714285714285715
62,0,0.44590290622280615,0.35714285714285715,0.04032258064516129,0.35714285714285715,0.35714285714285715
64,0,1.0,1.0,1.0,1.0,1.0
65,0,1.0,1.0,1.0,1.0,1.0
