3,0.41685945633314053,0.8784841925232966,0.9636363636363635,0.5236686390532543,0.6240384615384614,0.0
5,0.41685945633314053,0.8784841925232966,0.9636363636363635,0.5236686390532543,0.6240384615384614,0.0
6,0.41685945633314053,0.8784841925232966,0.9636363636363635,0.5236686390532543,0.6240384615384614,0.0
7,0.41685945633314053,0.8784841925232966,0.9636363636363635,0.5236686390532543,0.6240384615384614,0.0
8,0.41685945633314053,0.8784841925232966,0.9636363636363635,0.5236686390532543,0.6240384615384614,0.0
10,0.41685945633314053,0.8784841925232966,0.9636363636363635,0.5236686390532543,0.6240384615384614,0.0
11,0.41685945633314053,0.8784841925232966,0.9636363636363635,0.5236686390532543,0.6240384615384614,0.0
13,0.41685945633314053,0.8784841925232966,0.9636363636363635,0.5236686390532543,0.6240384615384614,0.0
14,0.41685945633314053,0.8784841925232966,0.9636363636363635,0.5236686390532543,0.6240384615384614,0.0
17,0.41685945633314053,0.8784841925232966,0.9636363636363635,0.5236686390532543,0.6240384615384614,0.0
18,0.41685945633314053,0.8784841925232966,0.9636363636363635,0.5236686390532543,0.6240384615384614,0.0
19,0.41685945633314053,0.8784841925232966,0.9636363636363635,0.5236686390532543,0.6240384615384614,0.0
20,0.4263157894736841,0.7466465750502194,0.7454545454545455,0.4615384615384615,0.564102564102564,0.02702702702702693
21,0.41685945633314053,0.8784841925232966,0.9636363636363635,0.5236686390532543,0.6240384615384614,0.0
23,0.41685945633314053,0.8784841925232966,0.9636363636363635,0.5236686390532543,0.6240384615384614,0.0
24,0.41685945633314053,0.8784841925232966,0.9636363636363635,0.5236686390532543,0.6240384615384614,0.0
25,0.41685945633314053,0.8784841925232966,0.9636363636363635,0.5236686390532543,0.6240384615384614,0.0
27,0.3041108688881968,0.6523285750630184,0.709090909090909,0.34615384615384615,0.44423076923076915,0.3513513513513515
28,0.3041108688881968,0.6523285750630184,0.709090909090909,0.34615384615384615,0.44423076923076915,0.3513513513513515
29,0.3041108688881968,0.6523285750630184,0.709090909090909,0.34615384615384615,0.44423076923076915,0.3513513513513515
30,0.3041108688881968,0.6523285750630184,0.709090909090909,0.34615384615384615,0.44423076923076915,0.3513513513513515
31,0.3041108688881968,0.6523285750630184,0.709090909090909,0.34615384615384615,0.44423076923076915,0.3513513513513515
32,0.3041108688881968,0.6523285750630184,0.709090909090909,0.34615384615384615,0.44423076923076915,0.3513513513513515
35,0.5390037593984961,0.9799298882056242,1.0,0.6818181818181818,0.7638888888888888,0.3783783783783784
36,1.0,1.0,0.6181818181818182,1.0,1.0,1.0
37,0.4263157894736841,0.7466465750502194,0.7454545454545455,0.4615384615384615,0.564102564102564,0.02702702702702693
38,0.41685945633314053,0.8784841925232966,0.9636363636363635,0.5236686390532543,0.6240384615384614,0.0
39,1.0,1.0,0.6181818181818182,1.0,1.0,1.0
42,0.0,0.0,0.0,0.0,0.0,0.837837837837838
43,0.0,0.0,0.0,0.0,0.0,0.837837837837838
46,0.41685945633314053,0.8784841925232966,0.9636363636363635,0.5236686390532543,0.6240384615384614,0.0
