2,0.6724137931034483,0.8230548917531015,0.8039215686274509,0.41379310344827586,0.45161290322580644,0.0
4,0.6724137931034483,0.8230548917531015,0.8039215686274509,0.41379310344827586,0.45161290322580644,0.0
5,0.6724137931034483,0.8230548917531015,0.8039215686274509,0.41379310344827586,0.45161290322580644,0.0
6,0.6724137931034483,0.8230548917531015,0.8039215686274509,0.41379310344827586,0.45161290322580644,0.0
7,0.6724137931034483,0.8230548917531015,0.8039215686274509,0.41379310344827586,0.45161290322580644,0.0
9,0.6724137931034483,0.8230548917531015,0.8039215686274509,0.41379310344827586,0.45161290322580644,0.0
10,0.6724137931034483,0.8230548917531015,0.8039215686274509,0.41379310344827586,0.45161290322580644,0.0
12,0.6724137931034483,0.8230548917531015,0.8039215686274509,0.41379310344827586,0.45161290322580644,0.0
13,0.0,0.0,0.0,0.0,0.0,1.0
14,0.0,0.0,0.11764705882352941,0.0,0.0,0.39999999999999997
16,0.8124999999999999,1.0,1.0,0.631578947368421,0.6666666666666666,1.0
18,0.7959183673469388,0.6908492797077573,0.5882352941176471,0.5454545454545455,0.5833333333333334,0.4499999999999999
20,0.7959183673469388,0.6908492797077573,0.5882352941176471,0.5454545454545455,0.5833333333333334,0.4499999999999999
21,1.0,0.9354143466934854,0.6862745098039217,1.0,1.0,0.95
23,0.7959183673469388,0.6908492797077573,0.5882352941176471,0.5454545454545455,0.5833333333333334,0.4499999999999999
26,0.0,0.0,0.07843137254901959,0.0,0.0,0.6
28,0.0,0.0,0.07843137254901959,0.0,0.0,0.6
29,0.0,0.0,0.11764705882352941,0.0,0.0,0.39999999999999997
31,0.0,0.0,0.11764705882352941,0.0,0.0,0.39999999999999997
32,0.0,0.0,0.19607843137254902,0.0,0.0,0.0
35,0.8297872340425532,0.7245688373094719,0.6078431372549019,0.6000000000000001,0.6363636363636365,0.5499999999999999
