4,0.5344827586206896,0.508000508000762,1.0,0.13793103448275862,0.1935483870967742,0.0
6,0.5344827586206896,0.508000508000762,1.0,0.13793103448275862,0.1935483870967742,0.0
7,0.5344827586206896,0.508000508000762,1.0,0.13793103448275862,0.1935483870967742,0.0
8,0.5344827586206896,0.508000508000762,1.0,0.13793103448275862,0.1935483870967742,0.0
10,0.5344827586206896,0.508000508000762,1.0,0.13793103448275862,0.1935483870967742,0.0
11,0.5344827586206896,0.508000508000762,1.0,0.13793103448275862,0.1935483870967742,0.0
12,0.5344827586206896,0.508000508000762,1.0,0.13793103448275862,0.1935483870967742,0.0
13,0.5344827586206896,0.508000508000762,1.0,0.13793103448275862,0.1935483870967742,0.0
14,0.5344827586206896,0.508000508000762,1.0,0.13793103448275862,0.1935483870967742,0.0
16,0.5344827586206896,0.508000508000762,1.0,0.13793103448275862,0.1935483870967742,0.0
18,0.4246575342465754,0.29488391230979427,0.36111111111111116,0.08695652173913043,0.125,0.5555555555555555
20,0.4246575342465754,0.29488391230979427,0.36111111111111116,0.08695652173913043,0.125,0.5555555555555555
22,0.0,0.0,0.0,0.0,0.0,0.3703703703703704
23,0.0,0.0,0.0,0.0,0.0,0.3703703703703704
25,0.7209302325581395,0.5,0.7777777777777777,0.25,0.3333333333333333,0.5555555555555555
27,0.0,0.0,0.027777777777777773,0.0,0.0,0.2962962962962963
29,0.0,0.0,0.027777777777777773,0.0,0.0,0.2962962962962963
31,0.0,0.0,0.027777777777777773,0.0,0.0,0.2962962962962963
32,0.0,0.0,0.027777777777777773,0.0,0.0,0.2962962962962963
34,0.8857142857142857,0.7071067811865475,0.888888888888889,0.5,0.6000000000000001,0.8518518518518519
35,0.8857142857142857,0.7071067811865475,0.888888888888889,0.5,0.6000000000000001,0.8518518518518519
37,0.8857142857142857,0.7071067811865475,0.888888888888889,0.5,0.6000000000000001,0.8518518518518519
38,0.8857142857142857,0.7071067811865475,0.888888888888889,0.5,0.6000000000000001,0.8518518518518519
40,0.8857142857142857,0.7071067811865475,0.888888888888889,0.5,0.6000000000000001,0.8518518518518519
41,1.0,1.0,0.9444444444444444,1.0,1.0,1.0
42,1.0,1.0,0.9444444444444444,1.0,1.0,1.0
