5,1.0,1.0,1.0,1.0,1.0,0.0
7,1.0,1.0,1.0,1.0,1.0,0.0
8,1.0,1.0,1.0,1.0,1.0,0.0
9,1.0,1.0,1.0,1.0,1.0,0.0
10,1.0,1.0,1.0,1.0,1.0,0.0
11,1.0,1.0,1.0,1.0,1.0,0.0
12,1.0,1.0,1.0,1.0,1.0,0.0
13,1.0,1.0,1.0,1.0,1.0,0.0
14,1.0,1.0,1.0,1.0,1.0,0.0
16,1.0,1.0,1.0,1.0,1.0,0.0
17,0.0,0.43907669469983157,0.42857142857142855,0.30000000000000004,0.4,1.0
18,1.0,1.0,1.0,1.0,1.0,0.0
20,1.0,1.0,1.0,1.0,1.0,0.0
21,7.771561172376093e-16,0.0,0.0,0.0,0.0,0.6666666666666665
22,1.0,1.0,1.0,1.0,1.0,0.0
23,1.0,1.0,1.0,1.0,1.0,0.0
