3,0.62,0.7770286898858113,0.8551724137931034,0.36,0.39622641509433965,0.0
4,0.62,0.7770286898858113,0.8551724137931034,0.36,0.39622641509433965,0.0
5,0.62,0.7770286898858113,0.8551724137931034,0.36,0.39622641509433965,0.0
6,0.62,0.7770286898858113,0.8551724137931034,0.36,0.39622641509433965,0.0
7,0.62,0.7770286898858113,0.8551724137931034,0.36,0.39622641509433965,0.0
8,0.62,0.7770286898858113,0.8551724137931034,0.36,0.39622641509433965,0.0
9,0.62,0.7770286898858113,0.8551724137931034,0.36,0.39622641509433965,0.0
10,0.6391752577319588,0.7999999999999999,0.8758620689655172,0.3829787234042553,0.42,0.14285714285714296
12,0.7209302325581396,0.9058216273156764,0.9517241379310344,0.5,0.5384615384615385,0.6666666666666666
13,0.62,0.7770286898858113,0.8551724137931034,0.36,0.39622641509433965,0.0
16,0.62,0.7770286898858113,0.8551724137931034,0.36,0.39622641509433965,0.0
17,0.0,0.0,0.0,0.0,0.0,0.9999999999999999
18,0.7848101265822784,1.0,1.0,0.6206896551724138,0.65625,1.0
19,0.8051948051948052,0.5962847939999438,0.43448275862068964,0.5454545454545455,0.5833333333333334,0.365079365079365
21,0.775,0.8040302522073696,0.7103448275862069,0.5714285714285714,0.6086956521739131,0.6349206349206348
22,0.775,0.8040302522073696,0.7103448275862069,0.5714285714285714,0.6086956521739131,0.6349206349206348
23,0.6966292134831462,0.5039526306789696,0.40689655172413786,0.4,0.4375,0.1746031746031745
24,0.6966292134831462,0.5039526306789696,0.40689655172413786,0.4,0.4375,0.1746031746031745
26,0.7469879518072289,0.5443310539518172,0.42068965517241375,0.46153846153846156,0.5,0.26984126984126977
27,0.0,0.0,0.14482758620689654,0.0,0.0,0.0
28,0.0,0.0,0.14482758620689654,0.0,0.0,0.0
31,0.775,0.8040302522073696,0.7103448275862069,0.5714285714285714,0.6086956521739131,0.6349206349206348
32,0.8732394366197183,0.6666666666666667,0.44827586206896547,0.6666666666666666,0.7000000000000001,0.4603174603174602
33,0.0,0.0,0.12413793103448274,0.0,0.0,0.14285714285714285
35,1.0,0.8432740427115677,0.46896551724137936,1.0,1.0,0.603174603174603
37,0.775,0.8040302522073696,0.7103448275862069,0.5714285714285714,0.6086956521739131,0.6349206349206348
39,0.44285714285714284,0.3386670053338413,0.28965517241379307,0.1875,0.21212121212121213,0.6349206349206349
