7,0,1.0,1.0,1.0,1.0,1.0
14,0,1.0,1.0,1.0,1.0,1.0
15,0,0.0,0.0,0.0,0.0,0.0
16,0,0.0,0.0,0.0,0.0,0.0
22,0,0.940149860753973,0.9090909090909091,0.3037974683544304,0.9090909090909091,0.9090909090909091
27,0,0.940149860753973,0.9090909090909091,0.3037974683544304,0.9090909090909091,0.9090909090909091
28,0,0.940149860753973,0.9090909090909091,0.3037974683544304,0.9090909090909091,0.9090909090909091
29,0,0.940149860753973,0.9090909090909091,0.3037974683544304,0.9090909090909091,0.9090909090909091
31,0,0.8987252149260551,0.8484848484848485,0.17012658227848104,0.8484848484848485,0.8484848484848485
32,0,0.8987252149260551,0.8484848484848485,0.17012658227848104,0.8484848484848485,0.8484848484848485
33,0,0.8987252149260551,0.8484848484848485,0.17012658227848104,0.8484848484848485,0.8484848484848485
38,0,0.940149860753973,0.9090909090909091,0.3037974683544304,0.9090909090909091,0.9090909090909091
39,0,0.1680992211637906,0.09090909090909091,0.003037974683544304,0.09090909090909091,0.09090909090909091
40,0,0.1680992211637906,0.09090909090909091,0.003037974683544304,0.09090909090909091,0.09090909090909091
44,0,0.8116548391159553,0.7272727272727273,0.0810126582278481,0.7272727272727273,0.7272727272727273
46,0,0.8116548391159553,0.7272727272727273,0.0810126582278481,0.7272727272727273,0.7272727272727273
47,0,0.8116548391159553,0.7272727272727273,0.0810126582278481,0.7272727272727273,0.7272727272727273
48,0,0.8116548391159553,0.7272727272727273,0.0810126582278481,0.7272727272727273,0.7272727272727273
50,0,0.7656954300736705,0.6666666666666666,0.06075949367088609,0.6666666666666666,0.6666666666666666
51,0,0.7656954300736705,0.6666666666666666,0.06075949367088609,0.6666666666666666,0.6666666666666666
52,0,0.6154825227606523,0.48484848484848486,0.028592702903946395,0.4848484848484849,0.4848484848484849
54,0,0.7656954300736705,0.6666666666666666,0.06075949367088609,0.6666666666666666,0.6666666666666666
55,0,0.7656954300736705,0.6666666666666666,0.06075949367088609,0.6666666666666666,0.6666666666666666
63,0,0.8116548391159553,0.7272727272727273,0.0810126582278481,0.7272727272727273,0.7272727272727273
64,0,0.2568859814736435,0.15151515151515152,0.0054249547920434,0.15151515151515152,0.15151515151515152
65,0,0.2568859814736435,0.15151515151515152,0.0054249547920434,0.15151515151515152,0.15151515151515152
67,0,0.6154825227606523,0.48484848484848486,0.028592702903946395,0.4848484848484849,0.4848484848484849
68,0,0.2970862902210112,0.18181818181818182,0.006751054852320675,0.18181818181818185,0.18181818181818185
69,0,0.2970862902210112,0.18181818181818182,0.006751054852320675,0.18181818181818185,0.18181818181818185
72,0,0.3351086875954144,0.21212121212121213,0.008179162609542358,0.21212121212121215,0.21212121212121215
77,0,1.0,1.0,1.0,1.0,1.0
82,0,1.0,1.0,1.0,1.0,1.0
83,0,1.0,1.0,1.0,1.0,1.0
85,0,1.0,1.0,1.0,1.0,1.0
88,0,1.0,1.0,1.0,1.0,1.0
