4,0.5482241885854353,0.9598270924008464,1.0,0.7313169502205419,0.9010869565217391,0.0
7,0.5482241885854353,0.9598270924008464,1.0,0.7313169502205419,0.9010869565217391,0.0
9,0.5482241885854353,0.9598270924008464,1.0,0.7313169502205419,0.9010869565217391,0.0
10,0.5482241885854353,0.9598270924008464,1.0,0.7313169502205419,0.9010869565217391,0.0
11,0.7965722801788375,0.6446352457299993,0.4296375266524521,0.24802598700649678,0.5246993524514338,0.33939393939393947
12,0.5482241885854353,0.9598270924008464,1.0,0.7313169502205419,0.9010869565217391,0.0
14,0.27382172131147553,0.0,0.0,0.0,0.0,0.03636363636363636
15,0.27382172131147553,0.0,0.0,0.0,0.0,0.03636363636363636
17,0.5578629141098774,0.9500515407770131,0.9754797441364607,0.7132325141776938,0.8927536231884057,0.03636363636363627
19,0.5578629141098774,0.9500515407770131,0.9754797441364607,0.7132325141776938,0.8927536231884057,0.03636363636363627
20,0.5578629141098774,0.9500515407770131,0.9754797441364607,0.7132325141776938,0.8927536231884057,0.03636363636363627
21,0.5578629141098774,0.9500515407770131,0.9754797441364607,0.7132325141776938,0.8927536231884057,0.03636363636363627
23,0.0,0.12685485467279714,0.09275053304904052,0.035066162570888466,0.10843989769820972,0.595959595959596
24,0.0,0.12685485467279714,0.09275053304904052,0.035066162570888466,0.10843989769820972,0.595959595959596
27,0.783674810723359,0.9555415938432371,0.8582089552238806,0.7986312399355878,0.9299425758818702,0.6323232323232324
29,0.5578629141098774,0.9500515407770131,0.9754797441364607,0.7132325141776938,0.8927536231884057,0.03636363636363627
30,0.5578629141098774,0.9500515407770131,0.9754797441364607,0.7132325141776938,0.8927536231884057,0.03636363636363627
31,0.5578629141098774,0.9500515407770131,0.9754797441364607,0.7132325141776938,0.8927536231884057,0.03636363636363627
32,0.5578629141098774,0.9500515407770131,0.9754797441364607,0.7132325141776938,0.8927536231884057,0.03636363636363627
34,0.9105621805792161,0.9927306496180428,0.861407249466951,0.9603864734299519,0.9878260869565216,0.8808080808080808
35,0.865411859947379,0.7244165050843444,0.5063965884861408,0.32580824972129324,0.6179463459759481,0.4787878787878789
38,1.0,1.0,0.8379530916844351,1.0,1.0,1.0
39,1.0,1.0,0.8379530916844351,1.0,1.0,1.0
40,1.0,1.0,0.8379530916844351,1.0,1.0,1.0
43,0.5578629141098774,0.9500515407770131,0.9754797441364607,0.7132325141776938,0.8927536231884057,0.03636363636363627
44,0.5578629141098774,0.9500515407770131,0.9754797441364607,0.7132325141776938,0.8927536231884057,0.03636363636363627
