6,1.0,1.0,1.0,1.0,1.0,0.0
8,1.0,1.0,1.0,1.0,1.0,0.0
9,1.0,1.0,1.0,1.0,1.0,0.0
10,1.0,1.0,1.0,1.0,1.0,0.0
12,1.0,1.0,1.0,1.0,1.0,0.0
13,1.0,1.0,1.0,1.0,1.0,0.0
14,1.0,1.0,1.0,1.0,1.0,0.0
15,1.0,1.0,1.0,1.0,1.0,0.0
16,1.0,1.0,1.0,1.0,1.0,0.0
17,1.0,1.0,1.0,1.0,1.0,0.0
18,1.0,1.0,1.0,1.0,1.0,0.0
19,0.3571428571428571,0.34362273018256256,0.3333333333333333,0.29166666666666663,0.3333333333333333,0.6666666666666666
21,1.0,1.0,1.0,1.0,1.0,0.0
25,1.0,1.0,1.0,1.0,1.0,0.0
26,1.0,1.0,1.0,1.0,1.0,0.0
27,0.0,0.0,0.0,0.0,0.0,1.0
28,0.0,0.0,0.0,0.0,0.0,1.0
30,1.0,1.0,1.0,1.0,1.0,0.0
31,1.0,1.0,1.0,1.0,1.0,0.0
