8,0.4107744107744113,0.4393678195151826,0.39603960396039606,0.4102564102564102,0.46153846153846156,0.8999999999999994
10,0.4107744107744113,0.4393678195151826,0.39603960396039606,0.4102564102564102,0.46153846153846156,0.8999999999999994
11,0.4107744107744113,0.4393678195151826,0.39603960396039606,0.4102564102564102,0.46153846153846156,0.8999999999999994
12,0.4107744107744113,0.4393678195151826,0.39603960396039606,0.4102564102564102,0.46153846153846156,0.8999999999999994
13,0.4107744107744113,0.4393678195151826,0.39603960396039606,0.4102564102564102,0.46153846153846156,0.8999999999999994
14,0.8745519713261648,0.9768914179807288,0.9966996699669967,0.9429280397022333,0.9531772575250838,0.0
17,0.8745519713261648,0.9768914179807288,0.9966996699669967,0.9429280397022333,0.9531772575250838,0.0
19,0.8745519713261648,0.9768914179807288,0.9966996699669967,0.9429280397022333,0.9531772575250838,0.0
21,1.0,1.0,1.0,1.0,1.0,0.3749999999999995
22,0.4107744107744113,0.4393678195151826,0.39603960396039606,0.4102564102564102,0.46153846153846156,0.8999999999999994
26,0.8745519713261648,0.9768914179807288,0.9966996699669967,0.9429280397022333,0.9531772575250838,0.0
27,0.8745519713261648,0.9768914179807288,0.9966996699669967,0.9429280397022333,0.9531772575250838,0.0
31,0.8745519713261648,0.9768914179807288,0.9966996699669967,0.9429280397022333,0.9531772575250838,0.0
32,0.8745519713261648,0.9768914179807288,0.9966996699669967,0.9429280397022333,0.9531772575250838,0.0
34,0.8745519713261648,0.9768914179807288,0.9966996699669967,0.9429280397022333,0.9531772575250838,0.0
36,0.8745519713261648,0.9768914179807288,0.9966996699669967,0.9429280397022333,0.9531772575250838,0.0
37,0.8745519713261648,0.9768914179807288,0.9966996699669967,0.9429280397022333,0.9531772575250838,0.0
38,0.8745519713261648,0.9768914179807288,0.9966996699669967,0.9429280397022333,0.9531772575250838,0.0
39,0.8745519713261648,0.9768914179807288,0.9966996699669967,0.9429280397022333,0.9531772575250838,0.0
41,0.8745519713261648,0.9768914179807288,0.9966996699669967,0.9429280397022333,0.9531772575250838,0.0
43,0.8745519713261648,0.9768914179807288,0.9966996699669967,0.9429280397022333,0.9531772575250838,0.0
45,0.8745519713261648,0.9768914179807288,0.9966996699669967,0.9429280397022333,0.9531772575250838,0.0
47,0.0,0.0,0.0,0.0,0.0,1.0
50,0.8745519713261648,0.9768914179807288,0.9966996699669967,0.9429280397022333,0.9531772575250838,0.0
51,0.8745519713261648,0.9768914179807288,0.9966996699669967,0.9429280397022333,0.9531772575250838,0.0
