3,0.7639175257731958,0.9360504666899516,0.9817927170868347,0.577319587628866,0.6095238095238096,0.0
6,0.7639175257731958,0.9360504666899516,0.9817927170868347,0.577319587628866,0.6095238095238096,0.0
7,0.7639175257731958,0.9360504666899516,0.9817927170868347,0.577319587628866,0.6095238095238096,0.0
8,0.8187845303867402,1.0,1.0,0.6666666666666666,0.6956521739130435,0.4541484716157204
9,0.8769230769230769,0.9287087810503354,0.7675070028011204,0.75,0.7741935483870968,0.6550218340611352
10,0.8769230769230769,0.9287087810503354,0.7675070028011204,0.75,0.7741935483870968,0.6550218340611352
11,0.8769230769230769,0.9287087810503354,0.7675070028011204,0.75,0.7741935483870968,0.6550218340611352
12,1.0,0.9855373071496502,0.6610644257703081,1.0,1.0,1.0
14,0.6829493087557603,0.42389562394532926,0.2521008403361344,0.3888888888888889,0.42105263157894735,0.20087336244541487
15,0.0,0.0,0.005602240896358542,0.0,0.0,0.34934497816593885
16,0.0,0.0,0.005602240896358542,0.0,0.0,0.34934497816593885
17,0.0,0.0,0.005602240896358542,0.0,0.0,0.34934497816593885
18,0.0,0.0,0.005602240896358542,0.0,0.0,0.34934497816593885
19,0.0,0.0,0.005602240896358542,0.0,0.0,0.34934497816593885
20,0.0,0.0,0.019607843137254898,0.0,0.0,0.0
22,0.8372881355932204,0.5112373581455452,0.26610644257703076,0.5384615384615385,0.5714285714285714,0.14847161572052406
23,0.0,0.0,0.0,0.0,0.0,0.48908296943231433
24,0.0,0.0,0.0,0.0,0.0,0.48908296943231433
25,0.0,0.0,0.0,0.0,0.0,0.48908296943231433
26,0.0,0.0,0.0,0.0,0.0,0.48908296943231433
27,0.0,0.0,0.0,0.0,0.0,0.48908296943231433
28,0.0,0.0,0.019607843137254898,0.0,0.0,0.0
30,0.7639175257731958,0.9360504666899516,0.9817927170868347,0.577319587628866,0.6095238095238096,0.0
