4,0,1.0,1.0,1.0,1.0,1.0
5,0,1.0,1.0,1.0,1.0,1.0
8,0,1.0,1.0,1.0,1.0,1.0
9,0,1.0,1.0,1.0,1.0,1.0
10,0,1.0,1.0,1.0,1.0,1.0
11,0,1.0,1.0,1.0,1.0,1.0
12,0,1.0,1.0,1.0,1.0,1.0
13,0,1.0,1.0,1.0,1.0,1.0
14,0,1.0,1.0,1.0,1.0,1.0
15,0,1.0,1.0,1.0,1.0,1.0
16,0,1.0,1.0,1.0,1.0,1.0
17,0,1.0,1.0,1.0,1.0,1.0
18,0,1.0,1.0,1.0,1.0,1.0
19,0,1.0,1.0,1.0,1.0,1.0
20,0,1.0,1.0,1.0,1.0,1.0
21,0,1.0,1.0,1.0,1.0,1.0
22,0,1.0,1.0,1.0,1.0,1.0
23,0,1.0,1.0,1.0,1.0,1.0
24,0,1.0,1.0,1.0,1.0,1.0
25,0,1.0,1.0,1.0,1.0,1.0
26,0,0.9198662110077999,0.8461538461538461,0.4230769230769231,0.8461538461538461,0.8461538461538461
27,0,0.9198662110077999,0.8461538461538461,0.4230769230769231,0.8461538461538461,0.8461538461538461
30,0,1.0,1.0,1.0,1.0,1.0
31,0,1.0,1.0,1.0,1.0,1.0
35,0,1.0,1.0,1.0,1.0,1.0
36,0,1.0,1.0,1.0,1.0,1.0
37,0,1.0,1.0,1.0,1.0,1.0
38,0,0.8770580193070293,0.7692307692307693,0.25641025641025644,0.7692307692307693,0.7692307692307693
39,0,1.0,1.0,1.0,1.0,1.0
40,0,1.0,1.0,1.0,1.0,1.0
44,0,1.0,1.0,1.0,1.0,1.0
45,0,1.0,1.0,1.0,1.0,1.0
46,0,1.0,1.0,1.0,1.0,1.0
47,0,1.0,1.0,1.0,1.0,1.0
48,0,0.8770580193070293,0.7692307692307693,0.25641025641025644,0.7692307692307693,0.7692307692307693
49,0,1.0,1.0,1.0,1.0,1.0
50,0,1.0,1.0,1.0,1.0,1.0
52,0,1.0,1.0,1.0,1.0,1.0
53,0,1.0,1.0,1.0,1.0,1.0
54,0,1.0,1.0,1.0,1.0,1.0
55,0,1.0,1.0,1.0,1.0,1.0
57,0,1.0,1.0,1.0,1.0,1.0
59,0,1.0,1.0,1.0,1.0,1.0
61,0,0.0,0.0,0.0,0.0,0.0
63,0,1.0,1.0,1.0,1.0,1.0
64,0,1.0,1.0,1.0,1.0,1.0
67,0,1.0,1.0,1.0,1.0,1.0
68,0,1.0,1.0,1.0,1.0,1.0
69,0,1.0,1.0,1.0,1.0,1.0
70,0,1.0,1.0,1.0,1.0,1.0
72,0,1.0,1.0,1.0,1.0,1.0
74,0,1.0,1.0,1.0,1.0,1.0
76,0,0.8320502943378436,0.6923076923076923,0.17307692307692307,0.6923076923076923,0.6923076923076923
78,0,1.0,1.0,1.0,1.0,1.0
79,0,1.0,1.0,1.0,1.0,1.0
82,0,1.0,1.0,1.0,1.0,1.0
83,0,1.0,1.0,1.0,1.0,1.0
84,0,1.0,1.0,1.0,1.0,1.0
85,0,1.0,1.0,1.0,1.0,1.0
87,0,1.0,1.0,1.0,1.0,1.0
89,0,1.0,1.0,1.0,1.0,1.0
91,0,0.3922322702763681,0.15384615384615385,0.013986013986013986,0.15384615384615385,0.15384615384615385
93,0,1.0,1.0,1.0,1.0,1.0
94,0,1.0,1.0,1.0,1.0,1.0
97,0,1.0,1.0,1.0,1.0,1.0
99,0,1.0,1.0,1.0,1.0,1.0
