3,0,1.0,1.0,1.0,1.0,1.0
6,0,1.0,1.0,1.0,1.0,1.0
8,0,1.0,1.0,1.0,1.0,1.0
9,0,1.0,1.0,1.0,1.0,1.0
11,0,1.0,1.0,1.0,1.0,1.0
12,0,1.0,1.0,1.0,1.0,1.0
13,0,0.779490786546171,0.75,0.4,0.75,0.75
14,0,0.779490786546171,0.75,0.4,0.75,0.75
15,0,0.779490786546171,0.75,0.4,0.75,0.75
16,0,0.779490786546171,0.75,0.4,0.75,0.75
17,0,0.779490786546171,0.75,0.4,0.75,0.75
18,0,0.0,0.0,0.0,0.0,0.0
21,0,0.6633169537570961,0.625,0.2222222222222222,0.625,0.625
23,0,0.779490786546171,0.75,0.4,0.75,0.75
24,0,0.2849592564609894,0.25,0.044444444444444446,0.25,0.25
27,0,0.6633169537570961,0.625,0.2222222222222222,0.625,0.625
30,0,1.0,1.0,1.0,1.0,1.0
31,0,1.0,1.0,1.0,1.0,1.0
