5,0,1.0,1.0,1.0,1.0,1.0
8,0,1.0,1.0,1.0,1.0,1.0
9,0,1.0,1.0,1.0,1.0,1.0
10,0,1.0,1.0,1.0,1.0,1.0
12,0,1.0,1.0,1.0,1.0,1.0
14,0,1.0,1.0,1.0,1.0,1.0
15,0,1.0,1.0,1.0,1.0,1.0
17,0,1.0,1.0,1.0,1.0,1.0
18,0,1.0,1.0,1.0,1.0,1.0
19,0,0.9191674091086675,0.8846153846153846,0.2963917525773196,0.8846153846153847,0.8846153846153847
21,0,0.8627567971213455,0.8076923076923077,0.16237113402061853,0.8076923076923077,0.8076923076923077
23,0,1.0,1.0,1.0,1.0,1.0
25,0,0.0,0.0,0.0,0.0,0.0
29,0,0.8912333832546204,0.8461538461538461,0.21262886597938144,0.8461538461538461,0.8461538461538461
30,0,0.3342543171508542,0.23076923076923078,0.011597938144329896,0.23076923076923075,0.23076923076923075
32,0,0.5751711980808969,0.46153846153846156,0.03313696612665685,0.46153846153846156,0.46153846153846156
34,0,1.0,1.0,1.0,1.0,1.0
