5,0,1.0,1.0,1.0,1.0,1.0
9,0,1.0,1.0,1.0,1.0,1.0
10,0,1.0,1.0,1.0,1.0,1.0
11,0,1.0,1.0,1.0,1.0,1.0
12,0,0.282842712474619,0.08,0.003478260869565217,0.08,0.08
14,0,0.9591663046625439,0.92,0.46,0.92,0.92
15,0,0.282842712474619,0.08,0.003478260869565217,0.08,0.08
17,0,0.9165151389911681,0.84,0.21,0.84,0.84
18,0,0.2,0.04,0.0016666666666666666,0.04,0.04
20,0,0.8944271909999159,0.8,0.16,0.8,0.8
21,0,0.2,0.04,0.0016666666666666666,0.04,0.04
23,0,0.8717797887081347,0.76,0.12666666666666665,0.76,0.76
24,0,0.3464101615137754,0.12,0.005454545454545454,0.12,0.12
26,0,0.8,0.64,0.07111111111111111,0.64,0.64
27,0,0.3464101615137754,0.12,0.005454545454545454,0.12,0.12
29,0,0.7211102550927979,0.52,0.04333333333333333,0.52,0.52
30,0,0.4,0.16,0.007619047619047619,0.16,0.16
32,0,0.6,0.36,0.0225,0.36,0.36
33,0,0.282842712474619,0.08,0.003478260869565217,0.08,0.08
35,0,0.5291502622129182,0.28,0.015555555555555555,0.28,0.28
36,0,0.282842712474619,0.08,0.003478260869565217,0.08,0.08
38,0,0.4472135954999579,0.2,0.01,0.2,0.2
39,0,0.0,0.0,0.0,0.0,0.0
41,0,0.4472135954999579,0.2,0.01,0.2,0.2
42,0,0.282842712474619,0.08,0.003478260869565217,0.08,0.08
45,0,0.3464101615137754,0.12,0.005454545454545454,0.12,0.12
47,0,1.0,1.0,1.0,1.0,1.0
48,0,1.0,1.0,1.0,1.0,1.0
49,0,1.0,1.0,1.0,1.0,1.0
50,0,0.3464101615137754,0.12,0.005454545454545454,0.12,0.12
52,0,0.9380831519646858,0.88,0.29333333333333333,0.88,0.88
53,0,0.4472135954999579,0.2,0.01,0.2,0.2
55,0,0.824621125123532,0.68,0.085,0.68,0.68
56,0,0.2,0.04,0.0016666666666666666,0.04,0.04
58,0,0.8,0.64,0.07111111111111111,0.64,0.64
59,0,0.0,0.0,0.0,0.0,0.0
61,0,0.8,0.64,0.07111111111111111,0.64,0.64
62,0,0.282842712474619,0.08,0.003478260869565217,0.08,0.08
64,0,0.7483314773547882,0.56,0.05090909090909091,0.56,0.56
65,0,0.282842712474619,0.08,0.003478260869565217,0.08,0.08
67,0,0.6928203230275508,0.48,0.036923076923076927,0.48,0.48
68,0,0.0,0.0,0.0,0.0,0.0
70,0,0.6928203230275508,0.48,0.036923076923076927,0.48,0.48
71,0,0.3464101615137754,0.12,0.005454545454545454,0.12,0.12
73,0,0.6,0.36,0.0225,0.36,0.36
74,0,0.282842712474619,0.08,0.003478260869565217,0.08,0.08
76,0,0.5291502622129182,0.28,0.015555555555555555,0.28,0.28
77,0,0.3464101615137754,0.12,0.005454545454545454,0.12,0.12
79,0,0.4,0.16,0.007619047619047619,0.16,0.16
80,0,0.2,0.04,0.0016666666666666666,0.04,0.04
82,0,0.3464101615137754,0.12,0.005454545454545454,0.12,0.12
83,0,0.2,0.04,0.0016666666666666666,0.04,0.04
85,0,0.282842712474619,0.08,0.003478260869565217,0.08,0.08
86,0,0.0,0.0,0.0,0.0,0.0
89,0,0.282842712474619,0.08,0.003478260869565217,0.08,0.08
91,0,1.0,1.0,1.0,1.0,1.0
