3,0.9210526315789475,0.9672041516493517,0.9955849889624724,0.894736842105263,0.9354838709677419,0.0
6,0.9210526315789475,0.9672041516493517,0.9955849889624724,0.894736842105263,0.9354838709677419,0.0
8,0.9210526315789475,0.9672041516493517,0.9955849889624724,0.894736842105263,0.9354838709677419,0.0
10,0.0,0.0,0.0,0.0,0.0,1.0
11,0.0,0.0,0.0,0.0,0.0,1.0
12,0.0,0.0,0.0,0.0,0.0,1.0
13,0.0,0.0,0.0,0.0,0.0,1.0
14,0.0,0.0,0.0,0.0,0.0,1.0
16,0.9722222222222223,1.0,1.0,1.0,1.0,1.0
18,1.0,0.3598114585644623,0.1291390728476821,0.16999999999999998,0.2589285714285714,0.18750000000000006
19,1.0,0.3598114585644623,0.1291390728476821,0.16999999999999998,0.2589285714285714,0.18750000000000006
20,1.0,0.3598114585644623,0.1291390728476821,0.16999999999999998,0.2589285714285714,0.18750000000000006
21,1.0,0.3598114585644623,0.1291390728476821,0.16999999999999998,0.2589285714285714,0.18750000000000006
22,1.0,0.3598114585644623,0.1291390728476821,0.16999999999999998,0.2589285714285714,0.18750000000000006
24,0.9683794466403162,0.9331188479040201,0.8752759381898455,0.9015151515151515,0.9398148148148149,0.8124999999999999
26,0.9162303664921466,0.4400490454405763,0.2108167770419426,0.2623456790123456,0.3776041666666667,0.020833333333333134
27,0.9162303664921466,0.4400490454405763,0.2108167770419426,0.2623456790123456,0.3776041666666667,0.020833333333333134
28,0.9162303664921466,0.4400490454405763,0.2108167770419426,0.2623456790123456,0.3776041666666667,0.020833333333333134
29,0.9162303664921466,0.4400490454405763,0.2108167770419426,0.2623456790123456,0.3776041666666667,0.020833333333333134
30,0.9162303664921466,0.4400490454405763,0.2108167770419426,0.2623456790123456,0.3776041666666667,0.020833333333333134
32,0.9859154929577467,0.8236276908284564,0.6688741721854304,0.7555555555555555,0.8405797101449275,0.8333333333333328
33,0.9210526315789475,0.9672041516493517,0.9955849889624724,0.894736842105263,0.9354838709677419,0.0
