2,0.7380952380952381,0.7483314773547883,0.8764044943820226,0.47619047619047616,0.56,0.0
5,0.7380952380952381,0.7483314773547883,0.8764044943820226,0.47619047619047616,0.56,0.0
6,0.7380952380952381,0.7483314773547883,0.8764044943820226,0.47619047619047616,0.56,0.0
7,0.7380952380952381,0.7483314773547883,0.8764044943820226,0.47619047619047616,0.56,0.0
8,0.7380952380952381,0.7483314773547883,0.8764044943820226,0.47619047619047616,0.56,0.0
9,0.7380952380952381,0.7483314773547883,0.8764044943820226,0.47619047619047616,0.56,0.0
10,0.44927536231884063,0.2594372608313854,0.23595505617977533,0.16666666666666666,0.21875,0.6136363636363635
12,0.7380952380952381,0.7483314773547883,0.8764044943820226,0.47619047619047616,0.56,0.0
13,0.0,0.0,0.0,0.0,0.0,1.0
16,1.0,1.0,1.0,1.0,1.0,1.0
17,1.0,1.0,1.0,1.0,1.0,1.0
19,0.7380952380952381,0.7483314773547883,0.8764044943820226,0.47619047619047616,0.56,0.0
