4,0.6124999999999999,0.8846517369293827,1.0,0.45,0.5217391304347826,0.0
7,0.6124999999999999,0.8846517369293827,1.0,0.45,0.5217391304347826,0.0
9,0.6124999999999999,0.8846517369293827,1.0,0.45,0.5217391304347826,0.0
11,0.8909090909090909,0.7559289460184545,0.39436619718309857,0.6666666666666666,0.7272727272727273,0.3731343283582089
12,0.8909090909090909,0.7559289460184545,0.39436619718309857,0.6666666666666666,0.7272727272727273,0.3731343283582089
13,0.8909090909090909,0.7559289460184545,0.39436619718309857,0.6666666666666666,0.7272727272727273,0.3731343283582089
15,0.5297297297297298,0.6405126152203485,0.6384976525821596,0.32432432432432434,0.3902439024390244,0.37313432835820903
16,0.0,0.0,0.0,0.0,0.0,0.3134328358208955
18,0.7424242424242424,0.7500000000000001,0.5492957746478874,0.5625,0.631578947368421,0.3134328358208955
20,0.9423076923076922,1.0,0.5821596244131455,1.0,1.0,0.626865671641791
21,0.9423076923076922,1.0,0.5821596244131455,1.0,1.0,0.626865671641791
22,0.9423076923076922,1.0,0.5821596244131455,1.0,1.0,0.626865671641791
24,0.8448275862068966,0.5000000000000001,0.2112676056338028,0.375,0.4444444444444444,0.16417910447761191
25,0.8448275862068966,0.5000000000000001,0.2112676056338028,0.375,0.4444444444444444,0.16417910447761191
29,1.0,0.8944271909999159,0.40375586854460094,0.8571428571428571,0.8888888888888888,0.46268656716417905
30,1.0,0.8944271909999159,0.40375586854460094,0.8571428571428571,0.8888888888888888,0.46268656716417905
33,0.0,0.0,0.0,0.0,0.0,0.3134328358208955
34,0.0,0.0,0.0,0.0,0.0,0.3134328358208955
35,0.0,0.0,0.0,0.0,0.0,0.3134328358208955
36,0.0,0.0,0.004694835680751178,0.0,0.0,0.26865671641791045
38,0.0,0.0,0.028169014084507046,0.0,0.0,0.04477611940298508
42,0.28488372093023256,0.20851441405707477,0.12206572769953052,0.1111111111111111,0.14285714285714285,0.6865671641791046
43,0.22897196261682243,0.18257418583505539,0.08920187793427231,0.08823529411764706,0.11428571428571428,1.0
