14,0.8437500000000002,1.0,1.0,0.9492187500000001,0.9562500000000002,0.0
16,0.8437500000000002,1.0,1.0,0.9492187500000001,0.9562500000000002,0.0
17,0.8437500000000002,1.0,1.0,0.9492187500000001,0.9562500000000002,0.0
18,0.8437500000000002,1.0,1.0,0.9492187500000001,0.9562500000000002,0.0
19,0.8437500000000002,1.0,1.0,0.9492187500000001,0.9562500000000002,0.0
20,0.8437500000000002,1.0,1.0,0.9492187500000001,0.9562500000000002,0.0
21,0.8437500000000002,1.0,1.0,0.9492187500000001,0.9562500000000002,0.0
22,1.0,0.9477223624906764,0.8682926829268293,1.0,1.0,1.0
24,0.0,0.0,0.0,0.0,0.0,1.0
25,0.8437500000000002,1.0,1.0,0.9492187500000001,0.9562500000000002,0.0
