2,0.32692307692307704,0.932949667613665,1.0,0.4444444444444445,0.5098039215686275,0.0
4,0.32692307692307704,0.932949667613665,1.0,0.4444444444444445,0.5098039215686275,0.0
5,0.32692307692307704,0.932949667613665,1.0,0.4444444444444445,0.5098039215686275,0.0
6,0.32692307692307704,0.932949667613665,1.0,0.4444444444444445,0.5098039215686275,0.0
9,0.32692307692307704,0.932949667613665,1.0,0.4444444444444445,0.5098039215686275,0.0
11,0.32692307692307704,0.932949667613665,1.0,0.4444444444444445,0.5098039215686275,0.0
12,0.32692307692307704,0.932949667613665,1.0,0.4444444444444445,0.5098039215686275,0.0
13,0.32692307692307704,0.932949667613665,1.0,0.4444444444444445,0.5098039215686275,0.0
15,0.32692307692307704,0.932949667613665,1.0,0.4444444444444445,0.5098039215686275,0.0
16,1.0,1.0,0.3461538461538462,1.0,1.0,1.0
17,0.0,0.0,0.0,0.0,0.0,1.0
18,0.32692307692307704,0.932949667613665,1.0,0.4444444444444445,0.5098039215686275,0.0
