6,0.0,0.0,0.0,0.0,0.0,0.5000000000000001
7,0.0,0.0,0.0,0.0,0.0,0.5000000000000001
8,0.0,0.0,0.0,0.0,0.0,0.5000000000000001
9,0.0,0.0,0.0,0.0,0.0,0.5000000000000001
10,1.0,0.7515593067413282,0.25,0.5,0.6666666666666665,1.0
11,1.0,0.7515593067413282,0.25,0.5,0.6666666666666665,1.0
12,1.0,0.7515593067413282,0.25,0.5,0.6666666666666665,1.0
13,1.0,0.7515593067413282,0.25,0.5,0.6666666666666665,1.0
14,1.0,0.7515593067413282,0.25,0.5,0.6666666666666665,1.0
15,1.0,0.7515593067413282,0.25,0.5,0.6666666666666665,1.0
16,1.0,0.7515593067413282,0.25,0.5,0.6666666666666665,1.0
17,1.0,0.7515593067413282,0.25,0.5,0.6666666666666665,1.0
18,1.0,0.7515593067413282,0.25,0.5,0.6666666666666665,1.0
19,1.0,0.7515593067413282,0.25,0.5,0.6666666666666665,1.0
21,0.0,0.0,0.0,0.0,0.0,0.5000000000000001
23,0.16666666666666663,1.0,1.0,1.0,1.0,0.0
26,0.16666666666666663,1.0,1.0,1.0,1.0,0.0
27,0.16666666666666663,1.0,1.0,1.0,1.0,0.0
28,0.16666666666666663,1.0,1.0,1.0,1.0,0.0
29,0.16666666666666663,1.0,1.0,1.0,1.0,0.0
32,0.0,0.0,0.0,0.0,0.0,0.5000000000000001
49,0.0,0.0,0.0,0.0,0.0,0.5000000000000001
50,0.0,0.0,0.0,0.0,0.0,0.5000000000000001
52,0.16666666666666663,1.0,1.0,1.0,1.0,0.0
53,0.16666666666666663,1.0,1.0,1.0,1.0,0.0
