2,0.0,0.0,0.545454545454545,0.0,0.0,0.0
5,0.0,0.0,0.545454545454545,0.0,0.0,0.0
6,0.0,0.0,0.545454545454545,0.0,0.0,0.0
7,0.34693877551020386,0.6350894299360723,0.9090909090909087,0.33333333333333326,0.375,0.5714285714285714
8,0.34693877551020386,0.6350894299360723,0.9090909090909087,0.33333333333333326,0.375,0.5714285714285714
9,0.34693877551020386,0.6350894299360723,0.9090909090909087,0.33333333333333326,0.375,0.5714285714285714
10,0.34693877551020386,0.6350894299360723,0.9090909090909087,0.33333333333333326,0.375,0.5714285714285714
11,0.34693877551020386,0.6350894299360723,0.9090909090909087,0.33333333333333326,0.375,0.5714285714285714
12,1.0,1.0,0.0,1.0,1.0,1.0
13,1.0,1.0,0.0,1.0,1.0,1.0
14,1.0,1.0,0.0,1.0,1.0,1.0
16,0.34693877551020386,0.6350894299360723,0.9090909090909087,0.33333333333333326,0.375,0.5714285714285714
17,0.34693877551020386,0.6350894299360723,0.9090909090909087,0.33333333333333326,0.375,0.5714285714285714
18,0.4497354497354495,0.8323761466560603,1.0,0.4545454545454546,0.5,0.7142857142857143
20,0.34693877551020386,0.6350894299360723,0.9090909090909087,0.33333333333333326,0.375,0.5714285714285714
22,0.0,0.0,0.545454545454545,0.0,0.0,0.0
