22,0,1.0,1.0,1.0,1.0,1.0
23,0,1.0,1.0,1.0,1.0,1.0
25,0,1.0,1.0,1.0,1.0,1.0
26,0,1.0,1.0,1.0,1.0,1.0
27,0,1.0,1.0,1.0,1.0,1.0
28,0,1.0,1.0,1.0,1.0,1.0
29,0,1.0,1.0,1.0,1.0,1.0
30,0,1.0,1.0,1.0,1.0,1.0
31,0,1.0,1.0,1.0,1.0,1.0
32,0,0.8683240707154212,0.85,0.29095354523227385,0.8500000000000001,0.8500000000000001
33,0,1.0,1.0,1.0,1.0,1.0
34,0,0.058880799355137944,0.05,0.0027023549092780826,0.05000000000000006,0.05000000000000006
35,0,0.058880799355137944,0.05,0.0027023549092780826,0.05000000000000006,0.05000000000000006
36,0,0.058880799355137944,0.05,0.0027023549092780826,0.05000000000000006,0.05000000000000006
40,0,1.0,1.0,1.0,1.0,1.0
42,0,1.0,1.0,1.0,1.0,1.0
43,0,1.0,1.0,1.0,1.0,1.0
44,0,1.0,1.0,1.0,1.0,1.0
45,0,1.0,1.0,1.0,1.0,1.0
46,0,0.8683240707154212,0.85,0.29095354523227385,0.8500000000000001,0.8500000000000001
48,0,1.0,1.0,1.0,1.0,1.0
49,0,0.0,0.0,0.0,0.0,0.0
50,0,0.0,0.0,0.0,0.0,0.0
51,0,1.0,1.0,1.0,1.0,1.0
55,0,1.0,1.0,1.0,1.0,1.0
56,0,1.0,1.0,1.0,1.0,1.0
58,0,1.0,1.0,1.0,1.0,1.0
59,0,1.0,1.0,1.0,1.0,1.0
60,0,1.0,1.0,1.0,1.0,1.0
61,0,0.3357417691902436,0.3,0.02200488997555012,0.2999999999999999,0.2999999999999999
62,0,1.0,1.0,1.0,1.0,1.0
63,0,1.0,1.0,1.0,1.0,1.0
