4,0.4117647058823529,1.0,1.0,1.0,1.0,0.0
6,0.4117647058823529,1.0,1.0,1.0,1.0,0.0
10,0.4117647058823529,1.0,1.0,1.0,1.0,0.0
11,0.4117647058823529,1.0,1.0,1.0,1.0,0.0
12,0.4117647058823529,1.0,1.0,1.0,1.0,0.0
13,0.4117647058823529,1.0,1.0,1.0,1.0,0.0
15,0.4117647058823529,1.0,1.0,1.0,1.0,0.0
16,0.4117647058823529,1.0,1.0,1.0,1.0,0.0
18,0.4117647058823529,1.0,1.0,1.0,1.0,0.0
19,0.4117647058823529,1.0,1.0,1.0,1.0,0.0
20,0.4117647058823529,1.0,1.0,1.0,1.0,0.0
22,0.4117647058823529,1.0,1.0,1.0,1.0,0.0
23,0.4117647058823529,1.0,1.0,1.0,1.0,0.0
24,0.4117647058823529,1.0,1.0,1.0,1.0,0.0
26,0.4117647058823529,1.0,1.0,1.0,1.0,0.0
27,0.4117647058823529,1.0,1.0,1.0,1.0,0.0
28,0.4117647058823529,1.0,1.0,1.0,1.0,0.0
30,0.4117647058823529,1.0,1.0,1.0,1.0,0.0
31,0.4117647058823529,1.0,1.0,1.0,1.0,0.0
33,0.4117647058823529,1.0,1.0,1.0,1.0,0.0
34,0.4117647058823529,1.0,1.0,1.0,1.0,0.0
35,0.4117647058823529,1.0,1.0,1.0,1.0,0.0
36,1.0,0.04564270958085962,0.0,0.0,0.0,0.13636363636363638
37,0.3939393939393939,0.9554852117545911,0.9357798165137614,0.7026022304832713,0.9368029739776953,0.1363636363636364
39,0.375,0.19669274181393204,0.09174311926605502,0.018587360594795536,0.10621348911311736,0.04545454545454543
40,0.375,0.19669274181393204,0.09174311926605502,0.018587360594795536,0.10621348911311736,0.04545454545454543
41,0.375,0.19669274181393204,0.09174311926605502,0.018587360594795536,0.10621348911311736,0.04545454545454543
43,0.3975903614457831,0.8547620375475342,0.7798165137614678,0.3903345724907063,0.8006863025450386,0.0909090909090911
45,0.13043478260869573,0.2612919734663266,0.17431192660550457,0.036431226765799254,0.19174329876736448,1.0
47,0.375,0.19669274181393204,0.09174311926605502,0.018587360594795536,0.10621348911311736,0.04545454545454543
48,0.375,0.19669274181393204,0.09174311926605502,0.018587360594795536,0.10621348911311736,0.04545454545454543
49,0.375,0.19669274181393204,0.09174311926605502,0.018587360594795536,0.10621348911311736,0.04545454545454543
51,0.375,0.19669274181393204,0.09174311926605502,0.018587360594795536,0.10621348911311736,0.04545454545454543
52,0.375,0.19669274181393204,0.09174311926605502,0.018587360594795536,0.10621348911311736,0.04545454545454543
57,0.0,0.0,0.018348623853211014,0.004592171441067134,0.028132221440771633,0.9545454545454546
58,0.0,0.0,0.018348623853211014,0.004592171441067134,0.028132221440771633,0.9545454545454546
59,0.0,0.0,0.018348623853211014,0.004592171441067134,0.028132221440771633,0.9545454545454546
61,0.0,0.0,0.018348623853211014,0.004592171441067134,0.028132221440771633,0.9545454545454546
62,0.0,0.0,0.018348623853211014,0.004592171441067134,0.028132221440771633,0.9545454545454546
64,0.0,0.0,0.018348623853211014,0.004592171441067134,0.028132221440771633,0.9545454545454546
65,0.0,0.0,0.018348623853211014,0.004592171441067134,0.028132221440771633,0.9545454545454546
67,0.0,0.0,0.018348623853211014,0.004592171441067134,0.028132221440771633,0.9545454545454546
68,0.0,0.0,0.018348623853211014,0.004592171441067134,0.028132221440771633,0.9545454545454546
76,0.7297297297297297,0.7284248773748887,0.5412844036697247,0.2007434944237918,0.611789697291556,0.9090909090909093
78,0.4117647058823529,1.0,1.0,1.0,1.0,0.0
