3,1.0,1.0,1.0,1.0,1.0,0.0
10,1.0,1.0,1.0,1.0,1.0,0.0
11,1.0,1.0,1.0,1.0,1.0,0.0
13,1.0,1.0,1.0,1.0,1.0,0.0
14,1.0,1.0,1.0,1.0,1.0,0.0
17,1.0,1.0,1.0,1.0,1.0,0.0
19,1.0,1.0,1.0,1.0,1.0,0.0
21,0.6214285714285716,0.6118122234253037,0.6,0.30000000000000004,0.6000000000000003,0.40000000000000013
23,0.0,0.0,0.0,0.0,0.0,1.0
24,0.0,0.0,0.0,0.0,0.0,1.0
25,0.0,0.0,0.0,0.0,0.0,1.0
26,0.0,0.0,0.0,0.0,0.0,1.0
27,0.0,0.0,0.0,0.0,0.0,1.0
28,0.0,0.0,0.0,0.0,0.0,1.0
32,1.0,1.0,1.0,1.0,1.0,0.0
33,1.0,1.0,1.0,1.0,1.0,0.0
35,1.0,1.0,1.0,1.0,1.0,0.0
37,1.0,1.0,1.0,1.0,1.0,0.0
40,1.0,1.0,1.0,1.0,1.0,0.0
43,1.0,1.0,1.0,1.0,1.0,0.0
44,1.0,1.0,1.0,1.0,1.0,0.0
46,1.0,1.0,1.0,1.0,1.0,0.0
47,1.0,1.0,1.0,1.0,1.0,0.0
49,1.0,1.0,1.0,1.0,1.0,0.0
50,1.0,1.0,1.0,1.0,1.0,0.0
52,1.0,1.0,1.0,1.0,1.0,0.0
54,1.0,1.0,1.0,1.0,1.0,0.0
56,0.21481481481481468,0.2081944424583294,0.2,0.06666666666666671,0.19999999999999987,0.8000000000000003
57,0.21481481481481468,0.2081944424583294,0.2,0.06666666666666671,0.19999999999999987,0.8000000000000003
58,0.21481481481481468,0.2081944424583294,0.2,0.06666666666666671,0.19999999999999987,0.8000000000000003
59,0.21481481481481468,0.2081944424583294,0.2,0.06666666666666671,0.19999999999999987,0.8000000000000003
62,1.0,1.0,1.0,1.0,1.0,0.0
64,1.0,1.0,1.0,1.0,1.0,0.0
66,0.21481481481481468,0.2081944424583294,0.2,0.06666666666666671,0.19999999999999987,0.8000000000000003
67,0.21481481481481468,0.2081944424583294,0.2,0.06666666666666671,0.19999999999999987,0.8000000000000003
68,0.21481481481481468,0.2081944424583294,0.2,0.06666666666666671,0.19999999999999987,0.8000000000000003
69,0.21481481481481468,0.2081944424583294,0.2,0.06666666666666671,0.19999999999999987,0.8000000000000003
72,1.0,1.0,1.0,1.0,1.0,0.0
74,0.21481481481481468,0.2081944424583294,0.2,0.06666666666666671,0.19999999999999987,0.8000000000000003
77,1.0,1.0,1.0,1.0,1.0,0.0
79,1.0,1.0,1.0,1.0,1.0,0.0
81,1.0,1.0,1.0,1.0,1.0,0.0
82,1.0,1.0,1.0,1.0,1.0,0.0
84,1.0,1.0,1.0,1.0,1.0,0.0
86,1.0,1.0,1.0,1.0,1.0,0.0
87,1.0,1.0,1.0,1.0,1.0,0.0
89,1.0,1.0,1.0,1.0,1.0,0.0
91,1.0,1.0,1.0,1.0,1.0,0.0
93,1.0,1.0,1.0,1.0,1.0,0.0
