2,0,1.0,1.0,1.0,1.0,1.0
5,0,1.0,1.0,1.0,1.0,1.0
6,0,1.0,1.0,1.0,1.0,1.0
7,0,1.0,1.0,1.0,1.0,1.0
8,0,1.0,1.0,1.0,1.0,1.0
9,0,1.0,1.0,1.0,1.0,1.0
10,0,1.0,1.0,1.0,1.0,1.0
11,0,0.6298596123162327,0.5625,0.0819153146022952,0.5625,0.5625
12,0,0.6298596123162327,0.5625,0.0819153146022952,0.5625,0.5625
13,0,1.0,1.0,1.0,1.0,1.0
14,0,0.6298596123162327,0.5625,0.0819153146022952,0.5625,0.5625
15,0,0.3806138484561443,0.3125,0.028959959707882142,0.31249999999999994,0.31249999999999994
18,0,0.0,0.0,0.0,0.0,0.0
19,0,0.0,0.0,0.0,0.0,0.0
21,0,1.0,1.0,1.0,1.0,1.0
22,0,1.0,1.0,1.0,1.0,1.0
