6,0.09569597069597084,0.40265752065379534,0.9375000000000001,0.12259615384615376,0.13609467455621313,0.0
7,0.09569597069597084,0.40265752065379534,0.9375000000000001,0.12259615384615376,0.13609467455621313,0.0
8,0.09569597069597084,0.40265752065379534,0.9375000000000001,0.12259615384615376,0.13609467455621313,0.0
19,0.09569597069597084,0.40265752065379534,0.9375000000000001,0.12259615384615376,0.13609467455621313,0.0
21,0.09569597069597084,0.40265752065379534,0.9375000000000001,0.12259615384615376,0.13609467455621313,0.0
22,0.09569597069597084,0.40265752065379534,0.9375000000000001,0.12259615384615376,0.13609467455621313,0.0
24,0.09569597069597084,0.40265752065379534,0.9375000000000001,0.12259615384615376,0.13609467455621313,0.0
26,0.09569597069597084,0.40265752065379534,0.9375000000000001,0.12259615384615376,0.13609467455621313,0.0
27,0.09569597069597084,0.40265752065379534,0.9375000000000001,0.12259615384615376,0.13609467455621313,0.0
29,0.09569597069597084,0.40265752065379534,0.9375000000000001,0.12259615384615376,0.13609467455621313,0.0
30,0.09569597069597084,0.40265752065379534,0.9375000000000001,0.12259615384615376,0.13609467455621313,0.0
32,0.20654614203001306,0.5154638205464571,1.0,0.2179487179487179,0.2390852390852393,0.17500000000000002
34,0.09569597069597084,0.40265752065379534,0.9375000000000001,0.12259615384615376,0.13609467455621313,0.0
36,0.09569597069597084,0.40265752065379534,0.9375000000000001,0.12259615384615376,0.13609467455621313,0.0
38,0.20654614203001306,0.5154638205464571,1.0,0.2179487179487179,0.2390852390852393,0.17500000000000002
39,0.20654614203001306,0.5154638205464571,1.0,0.2179487179487179,0.2390852390852393,0.17500000000000002
41,0.20654614203001306,0.5154638205464571,1.0,0.2179487179487179,0.2390852390852393,0.17500000000000002
43,0.20654614203001306,0.5154638205464571,1.0,0.2179487179487179,0.2390852390852393,0.17500000000000002
44,0.20654614203001306,0.5154638205464571,1.0,0.2179487179487179,0.2390852390852393,0.17500000000000002
45,0.20654614203001306,0.5154638205464571,1.0,0.2179487179487179,0.2390852390852393,0.17500000000000002
56,0.09569597069597084,0.40265752065379534,0.9375000000000001,0.12259615384615376,0.13609467455621313,0.0
62,0.09569597069597084,0.40265752065379534,0.9375000000000001,0.12259615384615376,0.13609467455621313,0.0
63,0.09569597069597084,0.40265752065379534,0.9375000000000001,0.12259615384615376,0.13609467455621313,0.0
65,0.09569597069597084,0.40265752065379534,0.9375000000000001,0.12259615384615376,0.13609467455621313,0.0
67,0.0,0.0,0.0,0.0,0.0,0.13750000000000015
68,0.0,0.0,0.0,0.0,0.0,0.13750000000000015
70,0.0,0.0,0.0,0.0,0.0,0.13750000000000015
72,1.0,1.0,0.40625000000000056,1.0,1.0,1.0
77,0.0,0.0,0.0,0.0,0.0,0.13750000000000015
78,0.0,0.0,0.0,0.0,0.0,0.13750000000000015
79,0.0,0.0,0.0,0.0,0.0,0.13750000000000015
81,0.09569597069597084,0.40265752065379534,0.9375000000000001,0.12259615384615376,0.13609467455621313,0.0
