3,0.7132944005496392,0.8576414004676669,0.9434628975265019,0.6765420106847986,0.692226255293406,0.0
4,0.7132944005496392,0.8576414004676669,0.9434628975265019,0.6765420106847986,0.692226255293406,0.0
5,0.7132944005496392,0.8576414004676669,0.9434628975265019,0.6765420106847986,0.692226255293406,0.0
6,0.7132944005496392,0.8576414004676669,0.9434628975265019,0.6765420106847986,0.692226255293406,0.0
7,0.7132944005496392,0.8576414004676669,0.9434628975265019,0.6765420106847986,0.692226255293406,0.0
9,0.7132944005496392,0.8576414004676669,0.9434628975265019,0.6765420106847986,0.692226255293406,0.0
10,0.7132944005496392,0.8576414004676669,0.9434628975265019,0.6765420106847986,0.692226255293406,0.0
11,0.7896614488532943,0.9225310651167847,0.971731448763251,0.7931034482758621,0.804766734279919,0.22346368715083792
12,0.8757259001161438,1.0,1.0,0.9435736677115989,0.9473180076628354,0.44692737430167606
15,0.4470033547919121,0.44270832344248673,0.4558303886925795,0.3422542460113227,0.35878489326765195,0.6256983240223464
17,0.7132944005496392,0.8576414004676669,0.9434628975265019,0.6765420106847986,0.692226255293406,0.0
18,0.7132944005496392,0.8576414004676669,0.9434628975265019,0.6765420106847986,0.692226255293406,0.0
19,0.7132944005496392,0.8576414004676669,0.9434628975265019,0.6765420106847986,0.692226255293406,0.0
20,0.7132944005496392,0.8576414004676669,0.9434628975265019,0.6765420106847986,0.692226255293406,0.0
21,0.7132944005496392,0.8576414004676669,0.9434628975265019,0.6765420106847986,0.692226255293406,0.0
22,0.7132944005496392,0.8576414004676669,0.9434628975265019,0.6765420106847986,0.692226255293406,0.0
23,0.5741402183896314,0.5160825748166747,0.49823321554770317,0.46959247648902824,0.48771304003170834,0.29050279329608947
24,0.5741402183896314,0.5160825748166747,0.49823321554770317,0.46959247648902824,0.48771304003170834,0.29050279329608947
25,0.7377757031158826,0.6177211165425389,0.5406360424028269,0.6680032076984764,0.6839080459770116,0.04469273743016754
27,0.7697274031563842,0.63877686570287,0.5477031802120141,0.712363330529857,0.7270114942528736,0.10055865921787696
30,0.9352953033662568,0.7561389445538071,0.5795053003533569,0.9806034482758621,0.9819376026272578,0.3519553072625698
32,0.0,0.0,0.0,0.0,0.0,1.0
34,0.10440104401044005,0.03194211037160329,0.03533568904593638,0.05485893416927902,0.058748403575989816,0.7206703910614526
35,0.11699981661470732,0.03578036809044103,0.03886925795053004,0.06174819566960707,0.06609195402298854,0.6927374301675978
36,0.17251635930993453,0.0527008518471377,0.053003533568904575,0.09283819628647215,0.0991379310344828,0.5810055865921788
38,0.14367378048780494,0.04390655657553198,0.04593639575971732,0.07653490328006732,0.08182813355227149,0.6368715083798882
43,0.8476796052007213,0.5143181491296748,0.34982332155477036,0.7612732095490717,0.7742200328407225,0.15083798882681565
44,0.8476796052007213,0.5143181491296748,0.34982332155477036,0.7612732095490717,0.7742200328407225,0.15083798882681565
48,1.0,0.60772363062831,0.3674911660777385,1.0,1.0,0.29050279329608947
49,0.6370537877564204,0.5540515781379205,0.5159010600706714,0.5406896551724139,0.558664064194318,0.15083798882681565
51,0.7132944005496392,0.8576414004676669,0.9434628975265019,0.6765420106847986,0.692226255293406,0.0
