3,0.98,0.9813067629253163,0.9736842105263157,0.9600000000000001,0.9629629629629629,0.0
5,0.98,0.9813067629253163,0.9736842105263157,0.9600000000000001,0.9629629629629629,0.0
6,0.98,0.9813067629253163,0.9736842105263157,0.9600000000000001,0.9629629629629629,0.0
7,0.98,0.9813067629253163,0.9736842105263157,0.9600000000000001,0.9629629629629629,0.0
8,0.98,0.9813067629253163,0.9736842105263157,0.9600000000000001,0.9629629629629629,0.0
9,0.98,0.9813067629253163,0.9736842105263157,0.9600000000000001,0.9629629629629629,0.0
10,0.98,0.9813067629253163,0.9736842105263157,0.9600000000000001,0.9629629629629629,0.0
11,1.0,1.0,1.0,1.0,1.0,0.10000000000000009
12,0.0,0.0,0.0,0.0,0.0,1.0
13,0.0,0.0,0.0,0.0,0.0,1.0
16,1.0,1.0,1.0,1.0,1.0,0.10000000000000009
17,1.0,1.0,1.0,1.0,1.0,0.10000000000000009
20,0.98,0.9813067629253163,0.9736842105263157,0.9600000000000001,0.9629629629629629,0.0
21,0.98,0.9813067629253163,0.9736842105263157,0.9600000000000001,0.9629629629629629,0.0
22,0.98,0.9813067629253163,0.9736842105263157,0.9600000000000001,0.9629629629629629,0.0
