5,0.7073170731707317,0.6546536707079771,0.5102040816326531,0.41463414634146345,0.42857142857142855,0.0
8,0.7073170731707317,0.6546536707079771,0.5102040816326531,0.41463414634146345,0.42857142857142855,0.0
9,0.7073170731707317,0.6546536707079771,0.5102040816326531,0.41463414634146345,0.42857142857142855,0.0
10,0.9206349206349206,0.8846517369293827,0.8979591836734694,0.7727272727272727,0.782608695652174,0.7916666666666665
12,0.0,0.0,0.1020408163265306,0.0,0.0,0.7916666666666666
13,0.7073170731707317,0.6546536707079771,0.5102040816326531,0.41463414634146345,0.42857142857142855,0.0
15,1.0,1.0,1.0,1.0,1.0,1.0
16,1.0,1.0,1.0,1.0,1.0,1.0
20,0.0,0.0,0.0,0.0,0.0,0.9999999999999998
21,0.0,0.0,0.0,0.0,0.0,0.9999999999999998
22,0.0,0.0,0.0,0.0,0.0,0.9999999999999998
24,0.0,0.0,0.0,0.0,0.0,0.9999999999999998
25,0.0,0.0,0.0,0.0,0.0,0.9999999999999998
26,0.0,0.0,0.0,0.0,0.0,0.9999999999999998
27,0.0,0.0,0.0,0.0,0.0,0.9999999999999998
29,0.0,0.0,0.0,0.0,0.0,0.9999999999999998
31,0.0,0.0,0.0,0.0,0.0,0.9999999999999998
32,0.0,0.0,0.1020408163265306,0.0,0.0,0.7916666666666666
33,0.0,0.0,0.12244897959183675,0.0,0.0,0.7499999999999999
35,0.0,0.0,0.12244897959183675,0.0,0.0,0.7499999999999999
36,0.0,0.0,0.12244897959183675,0.0,0.0,0.7499999999999999
39,0.0,0.0,0.0,0.0,0.0,0.9999999999999998
40,0.0,0.0,0.1020408163265306,0.0,0.0,0.7916666666666666
42,0.0,0.0,0.0,0.0,0.0,0.9999999999999998
43,0.0,0.0,0.0,0.0,0.0,0.9999999999999998
44,0.0,0.0,0.0,0.0,0.0,0.9999999999999998
45,0.0,0.0,0.0,0.0,0.0,0.9999999999999998
48,0.0,0.0,0.0,0.0,0.0,0.9999999999999998
