2,0.8333333333333333,0.8320502943378437,0.911111111111111,0.6666666666666666,0.6923076923076924,0.0
4,0.8333333333333333,0.8320502943378437,0.911111111111111,0.6666666666666666,0.6923076923076924,0.0
5,0.8333333333333333,0.8320502943378437,0.911111111111111,0.6666666666666666,0.6923076923076924,0.0
6,0.8333333333333333,0.8320502943378437,0.911111111111111,0.6666666666666666,0.6923076923076924,0.0
7,0.8333333333333333,0.8320502943378437,0.911111111111111,0.6666666666666666,0.6923076923076924,0.0
8,1.0,1.0,1.0,1.0,1.0,1.0
10,0.0,0.0,0.0,0.0,0.0,0.9999999999999999
11,0.0,0.0,0.038888888888888876,0.0,0.0,0.5624999999999999
14,0.0,0.0,0.049999999999999996,0.0,0.0,0.4375
16,0.0,0.0,0.07222222222222222,0.0,0.0,0.18749999999999997
20,0.8333333333333333,0.8320502943378437,0.911111111111111,0.6666666666666666,0.6923076923076924,0.0
