2,0.5017921146953406,1.0,1.0,0.8010752688172045,0.8381250000000001,0.0
5,0.5017921146953406,1.0,1.0,0.8010752688172045,0.8381250000000001,0.0
6,0.5017921146953406,1.0,1.0,0.8010752688172045,0.8381250000000001,0.0
7,0.5017921146953406,1.0,1.0,0.8010752688172045,0.8381250000000001,0.0
8,1.0,0.3751122610947302,0.046413502109704644,0.2037037037037037,0.24750000000000005,0.2857142857142857
11,0.46332046332046334,0.8906726649860335,0.869198312236287,0.6935483870967742,0.7442307692307693,0.285714285714286
12,0.46332046332046334,0.8906726649860335,0.869198312236287,0.6935483870967742,0.7442307692307693,0.285714285714286
13,0.6332453825857519,0.9799027210062189,0.7848101265822784,1.0,1.0,0.7142857142857142
16,0.0,0.0,0.0,0.0,0.0,1.0
19,0.5017921146953406,1.0,1.0,0.8010752688172045,0.8381250000000001,0.0
