3,0.0,1.0,1.0,1.0,1.0,0.0
4,0.0,1.0,1.0,1.0,1.0,0.0
6,0.0,1.0,1.0,1.0,1.0,0.0
8,0.0,1.0,1.0,1.0,1.0,0.0
9,0.0,1.0,1.0,1.0,1.0,0.0
10,0.0,1.0,1.0,1.0,1.0,0.0
12,0.0,1.0,1.0,1.0,1.0,0.0
14,0.0,1.0,1.0,1.0,1.0,0.0
16,0.8620689655172411,0.0,0.0,0.0,0.0,0.8333333333333335
19,0.0,1.0,1.0,1.0,1.0,0.0
21,0.8620689655172411,0.0,0.0,0.0,0.0,0.8333333333333335
23,0.8620689655172411,0.0,0.0,0.0,0.0,0.8333333333333335
25,0.8620689655172411,0.0,0.0,0.0,0.0,0.8333333333333335
27,0.8620689655172411,0.0,0.0,0.0,0.0,0.8333333333333335
30,0.0,1.0,1.0,1.0,1.0,0.0
32,1.0,0.2181121767583614,0.1521739130434783,0.13043478260869568,0.21739130434782572,1.0
35,0.0,1.0,1.0,1.0,1.0,0.0
