3,0.8749999999999999,1.0,1.0,0.8,0.8181818181818182,0.0
8,0.8749999999999999,1.0,1.0,0.8,0.8181818181818182,0.0
9,0.8749999999999999,1.0,1.0,0.8,0.8181818181818182,0.0
10,0.8749999999999999,1.0,1.0,0.8,0.8181818181818182,0.0
11,0.8749999999999999,1.0,1.0,0.8,0.8181818181818182,0.0
12,0.8749999999999999,1.0,1.0,0.8,0.8181818181818182,0.0
15,0.7142857142857142,0.6878359394287946,0.5588235294117647,0.5333333333333333,0.5625,1.0
17,0.8749999999999999,1.0,1.0,0.8,0.8181818181818182,0.0
18,1.0,0.9288407280256479,0.7647058823529412,1.0,1.0,0.5555555555555554
20,0.7,0.4787135538781691,0.3088235294117647,0.47058823529411764,0.5,0.5555555555555556
21,0.0,0.0,0.0,0.0,0.0,0.5555555555555555
22,0.0,0.0,0.0,0.0,0.0,0.5555555555555555
23,0.0,0.0,0.0,0.0,0.0,0.5555555555555555
24,0.0,0.0,0.029411764705882356,0.0,0.0,0.3333333333333333
25,0.0,0.0,0.029411764705882356,0.0,0.0,0.3333333333333333
26,0.0,0.0,0.029411764705882356,0.0,0.0,0.3333333333333333
27,0.0,0.0,0.04411764705882353,0.0,0.0,0.22222222222222218
28,0.0,0.0,0.04411764705882353,0.0,0.0,0.22222222222222218
30,0.0,0.0,0.04411764705882353,0.0,0.0,0.22222222222222218
31,0.0,0.0,0.04411764705882353,0.0,0.0,0.22222222222222218
34,0.0,0.0,0.014705882352941178,0.0,0.0,0.44444444444444436
35,0.0,0.0,0.014705882352941178,0.0,0.0,0.44444444444444436
36,0.0,0.0,0.014705882352941178,0.0,0.0,0.44444444444444436
38,0.0,0.0,0.0,0.0,0.0,0.5555555555555555
39,0.0,0.0,0.0,0.0,0.0,0.5555555555555555
42,0.8749999999999999,0.5773502691896258,0.3823529411764706,0.6666666666666666,0.6923076923076924,0.0
46,0.8749999999999999,1.0,1.0,0.8,0.8181818181818182,0.0
