4,0.6833333333333333,0.8798826901281197,0.8625,0.4,0.4193548387096774,0.0
6,0.6833333333333333,0.8798826901281197,0.8625,0.4,0.4193548387096774,0.0
7,0.6833333333333333,0.8798826901281197,0.8625,0.4,0.4193548387096774,0.0
8,0.0,0.0,0.037500000000000006,0.0,0.0,0.2105263157894737
9,0.0,0.0,0.037500000000000006,0.0,0.0,0.2105263157894737
10,0.0,0.0,0.08750000000000001,0.0,0.0,0.0
11,0.0,0.0,0.08750000000000001,0.0,0.0,0.0
12,0.0,0.0,0.08750000000000001,0.0,0.0,0.0
13,0.0,0.0,0.08750000000000001,0.0,0.0,0.0
16,0.0,0.0,0.037500000000000006,0.0,0.0,0.2105263157894737
17,0.0,0.0,0.037500000000000006,0.0,0.0,0.2105263157894737
18,0.0,0.0,0.037500000000000006,0.0,0.0,0.2105263157894737
19,0.0,0.0,0.037500000000000006,0.0,0.0,0.2105263157894737
21,0.0,0.0,0.037500000000000006,0.0,0.0,0.2105263157894737
23,0.706896551724138,0.9097176522946839,0.9124999999999999,0.42857142857142855,0.44827586206896547,0.21052631578947364
24,0.0,0.0,0.0,0.0,0.0,0.368421052631579
25,0.0,0.0,0.0,0.0,0.0,0.368421052631579
26,0.0,0.0,0.08750000000000001,0.0,0.0,0.0
27,0.0,0.0,0.08750000000000001,0.0,0.0,0.0
28,0.0,0.0,0.08750000000000001,0.0,0.0,0.0
29,0.0,0.0,0.08750000000000001,0.0,0.0,0.0
32,0.0,0.0,0.0,0.0,0.0,0.368421052631579
33,0.0,0.0,0.0,0.0,0.0,0.368421052631579
34,0.0,0.0,0.0,0.0,0.0,0.368421052631579
35,0.0,0.0,0.0,0.0,0.0,0.368421052631579
37,0.0,0.0,0.0,0.0,0.0,0.368421052631579
39,0.7522935779816514,0.9701425001453319,1.0,0.4897959183673469,0.5098039215686274,0.5789473684210527
40,0.7522935779816514,0.9701425001453319,1.0,0.4897959183673469,0.5098039215686274,0.5789473684210527
41,0.6029411764705882,0.554700196225229,0.375,0.3076923076923077,0.325,0.4210526315789473
42,0.6029411764705882,0.554700196225229,0.375,0.3076923076923077,0.325,0.4210526315789473
43,0.6029411764705882,0.554700196225229,0.375,0.3076923076923077,0.325,0.4210526315789473
44,0.6029411764705882,0.554700196225229,0.375,0.3076923076923077,0.325,0.4210526315789473
45,0.6029411764705882,0.554700196225229,0.375,0.3076923076923077,0.325,0.4210526315789473
46,0.6029411764705882,0.554700196225229,0.375,0.3076923076923077,0.325,0.4210526315789473
49,1.0,1.0,0.7125000000000001,1.0,1.0,1.0
52,0.6833333333333333,0.8798826901281197,0.8625,0.4,0.4193548387096774,0.0
