4,0.8888888888888888,0.9258200997725514,0.9555555555555555,0.7777777777777778,0.8571428571428571,0.0
6,0.8888888888888888,0.9258200997725514,0.9555555555555555,0.7777777777777778,0.8571428571428571,0.0
7,0.8888888888888888,0.9258200997725514,0.9555555555555555,0.7777777777777778,0.8571428571428571,0.0
8,0.8888888888888888,0.9258200997725514,0.9555555555555555,0.7777777777777778,0.8571428571428571,0.0
9,0.8888888888888888,0.9258200997725514,0.9555555555555555,0.7777777777777778,0.8571428571428571,0.0
10,0.8888888888888888,0.9258200997725514,0.9555555555555555,0.7777777777777778,0.8571428571428571,0.0
12,0.8888888888888888,0.9258200997725514,0.9555555555555555,0.7777777777777778,0.8571428571428571,0.0
13,0.8888888888888888,0.9258200997725514,0.9555555555555555,0.7777777777777778,0.8571428571428571,0.0
14,0.0,0.0,0.0,0.0,0.0,1.0
17,1.0,1.0,1.0,1.0,1.0,1.0
19,0.8888888888888888,0.9258200997725514,0.9555555555555555,0.7777777777777778,0.8571428571428571,0.0
