5,0.32885906040267826,0.3271539055486766,0.3333333333333258,0.3243243243243248,0.32510288065843335,0.3333333333333324
6,0.0,0.0,0.0,0.0,0.0,0.0
9,0.0,0.0,0.0,0.0,0.0,0.0
10,0.0,0.0,0.0,0.0,0.0,0.0
11,0.0,0.0,0.0,0.0,0.0,0.0
12,0.0,0.0,0.0,0.0,0.0,0.0
13,0.0,0.0,0.0,0.0,0.0,0.0
15,0.32885906040267826,0.3271539055486766,0.3333333333333258,0.3243243243243248,0.32510288065843335,0.3333333333333324
18,1.0,1.0,1.0,1.0,1.0,1.0
19,1.0,1.0,1.0,1.0,1.0,1.0
21,0.32885906040267826,0.3271539055486766,0.3333333333333258,0.3243243243243248,0.32510288065843335,0.3333333333333324
23,0.0,0.0,0.0,0.0,0.0,0.0
25,0.0,0.0,0.0,0.0,0.0,0.0
27,0.0,0.0,0.0,0.0,0.0,0.0
28,0.0,0.0,0.0,0.0,0.0,0.0
29,0.0,0.0,0.0,0.0,0.0,0.0
