3,0.5048367710918111,1.0,1.0,1.0,1.0,0.0
5,0.5048367710918111,1.0,1.0,1.0,1.0,0.0
7,0.5048367710918111,1.0,1.0,1.0,1.0,0.0
9,0.5048367710918111,1.0,1.0,1.0,1.0,0.0
10,0.5048367710918111,1.0,1.0,1.0,1.0,0.0
12,0.5048367710918111,1.0,1.0,1.0,1.0,0.0
13,0.5048367710918111,1.0,1.0,1.0,1.0,0.0
15,0.5048367710918111,1.0,1.0,1.0,1.0,0.0
16,0.5048367710918111,1.0,1.0,1.0,1.0,0.0
17,0.5048367710918111,1.0,1.0,1.0,1.0,0.0
18,0.5048367710918111,1.0,1.0,1.0,1.0,0.0
19,0.5048367710918111,1.0,1.0,1.0,1.0,0.0
21,0.0,0.0,0.0,0.0,0.0,0.9529411764705883
23,0.5048367710918111,1.0,1.0,1.0,1.0,0.0
25,0.6845759357005754,0.2843710630871657,0.11184210526315766,0.17456556082148508,0.2726941305140356,0.29411764705882315
27,0.5048367710918111,1.0,1.0,1.0,1.0,0.0
29,0.9329241071428568,0.8396165122584442,0.6578947368421052,0.7914691943127963,0.8706161137440759,0.8470588235294119
31,0.5048367710918111,1.0,1.0,1.0,1.0,0.0
33,1.0,0.9350292148742166,0.7499999999999999,0.9652448657187995,0.9800947867298575,1.0
35,0.5048367710918111,1.0,1.0,1.0,1.0,0.0
