3,0.4619666048237478,0.535197374745431,0.6463414634146342,0.3051537070524412,0.31645569620253167,0.0
6,0.4619666048237478,0.535197374745431,0.6463414634146342,0.3051537070524412,0.31645569620253167,0.0
7,0.4619666048237478,0.535197374745431,0.6463414634146342,0.3051537070524412,0.31645569620253167,0.0
8,0.4619666048237478,0.535197374745431,0.6463414634146342,0.3051537070524412,0.31645569620253167,0.0
9,0.4619666048237478,0.535197374745431,0.6463414634146342,0.3051537070524412,0.31645569620253167,0.0
10,0.4619666048237478,0.535197374745431,0.6463414634146342,0.3051537070524412,0.31645569620253167,0.0
12,0.4619666048237478,0.535197374745431,0.6463414634146342,0.3051537070524412,0.31645569620253167,0.0
14,0.48996458087367173,0.5550596742811711,0.6707317073170732,0.3291139240506329,0.3408679927667269,0.06896551724137928
15,0.48996458087367173,0.5550596742811711,0.6707317073170732,0.3291139240506329,0.3408679927667269,0.06896551724137928
16,0.5491301151678512,0.5981688968358871,0.7195121951219511,0.38278481012658233,0.3953261927945473,0.20689655172413787
18,0.4619666048237478,0.535197374745431,0.6463414634146342,0.3051537070524412,0.31645569620253167,0.0
19,0.48996458087367173,0.5550596742811711,0.6707317073170732,0.3291139240506329,0.3408679927667269,0.06896551724137928
20,0.48996458087367173,0.5550596742811711,0.6707317073170732,0.3291139240506329,0.3408679927667269,0.06896551724137928
21,0.11976911976912004,0.05003900750605294,0.09756097560975609,0.0607594936708861,0.06384149697303249,0.5517241379310345
22,0.11976911976912004,0.05003900750605294,0.09756097560975609,0.0607594936708861,0.06384149697303249,0.5517241379310345
24,0.4619666048237478,0.535197374745431,0.6463414634146342,0.3051537070524412,0.31645569620253167,0.0
25,0.5043488621470275,0.5653946822338337,0.6829268292682926,0.34177215189873417,0.3537399309551208,0.10344827586206903
26,0.4619666048237478,0.535197374745431,0.6463414634146342,0.3051537070524412,0.31645569620253167,0.0
27,0.0,0.0,0.0,0.0,0.0,0.8275862068965519
30,0.4619666048237478,0.535197374745431,0.6463414634146342,0.3051537070524412,0.31645569620253167,0.0
31,1.0,1.0,1.0,1.0,1.0,1.0
32,0.4619666048237478,0.535197374745431,0.6463414634146342,0.3051537070524412,0.31645569620253167,0.0
33,0.4619666048237478,0.535197374745431,0.6463414634146342,0.3051537070524412,0.31645569620253167,0.0
35,0.4619666048237478,0.535197374745431,0.6463414634146342,0.3051537070524412,0.31645569620253167,0.0
36,0.4619666048237478,0.535197374745431,0.6463414634146342,0.3051537070524412,0.31645569620253167,0.0
38,0.4619666048237478,0.535197374745431,0.6463414634146342,0.3051537070524412,0.31645569620253167,0.0
39,0.4619666048237478,0.535197374745431,0.6463414634146342,0.3051537070524412,0.31645569620253167,0.0
