7,1.0,1.0,1.0,1.0,1.0,0.0
9,1.0,1.0,1.0,1.0,1.0,0.0
11,1.0,1.0,1.0,1.0,1.0,0.0
12,1.0,1.0,1.0,1.0,1.0,0.0
13,1.0,1.0,1.0,1.0,1.0,0.0
14,0.8585858585858587,0.8479825217363323,0.833333333333333,0.6944444444444444,0.8333333333333335,0.1666666666666667
15,0.8585858585858587,0.8479825217363323,0.833333333333333,0.6944444444444444,0.8333333333333335,0.1666666666666667
16,0.8585858585858587,0.8479825217363323,0.833333333333333,0.6944444444444444,0.8333333333333335,0.1666666666666667
17,0.8585858585858587,0.8479825217363323,0.833333333333333,0.6944444444444444,0.8333333333333335,0.1666666666666667
19,0.8585858585858587,0.8479825217363323,0.833333333333333,0.6944444444444444,0.8333333333333335,0.1666666666666667
20,0.8585858585858587,0.8479825217363323,0.833333333333333,0.6944444444444444,0.8333333333333335,0.1666666666666667
21,0.8585858585858587,0.8479825217363323,0.833333333333333,0.6944444444444444,0.8333333333333335,0.1666666666666667
22,0.1954022988505743,0.18346896859854878,0.16666666666666663,0.08333333333333331,0.16666666666666652,0.8333333333333333
23,1.0,1.0,1.0,1.0,1.0,0.0
24,1.0,1.0,1.0,1.0,1.0,0.0
25,1.0,1.0,1.0,1.0,1.0,0.0
26,0.0,0.0,0.0,0.0,0.0,1.0
28,1.0,1.0,1.0,1.0,1.0,0.0
