2,0.5769230769230769,0.43033148291193524,0.5111111111111112,0.15384615384615385,0.18518518518518517,0.0
5,0.5769230769230769,0.43033148291193524,0.5111111111111112,0.15384615384615385,0.18518518518518517,0.0
6,0.5769230769230769,0.43033148291193524,0.5111111111111112,0.15384615384615385,0.18518518518518517,0.0
7,0.5769230769230769,0.43033148291193524,0.5111111111111112,0.15384615384615385,0.18518518518518517,0.0
8,0.5769230769230769,0.43033148291193524,0.5111111111111112,0.15384615384615385,0.18518518518518517,0.0
9,0.5769230769230769,0.43033148291193524,0.5111111111111112,0.15384615384615385,0.18518518518518517,0.0
10,1.0,1.0,1.0,1.0,1.0,1.0
12,0.0,0.0,0.0,0.0,0.0,1.0
13,0.0,0.0,0.4666666666666667,0.0,0.0,0.045454545454545456
15,0.0,0.0,0.02222222222222219,0.0,0.0,0.9545454545454546
16,0.0,0.0,0.11111111111111108,0.0,0.0,0.7727272727272727
18,0.0,0.0,0.4,0.0,0.0,0.18181818181818182
19,0.0,0.0,0.48888888888888893,0.0,0.0,0.0
21,0.0,0.0,0.4,0.0,0.0,0.18181818181818182
22,0.0,0.0,0.48888888888888893,0.0,0.0,0.0
24,0.0,0.0,0.4,0.0,0.0,0.18181818181818182
25,0.0,0.0,0.48888888888888893,0.0,0.0,0.0
27,0.0,0.0,0.4,0.0,0.0,0.18181818181818182
28,0.0,0.0,0.48888888888888893,0.0,0.0,0.0
30,0.0,0.0,0.4,0.0,0.0,0.18181818181818182
31,0.0,0.0,0.4666666666666667,0.0,0.0,0.045454545454545456
33,0.0,0.0,0.4222222222222223,0.0,0.0,0.13636363636363638
34,0.0,0.0,0.4444444444444445,0.0,0.0,0.09090909090909091
36,0.5769230769230769,0.43033148291193524,0.5111111111111112,0.15384615384615385,0.18518518518518517,0.0
