3,0.9210526315789475,0.9449111825230682,0.9910581222056632,0.8421052631578947,0.8928571428571429,0.0
4,0.9210526315789475,0.9449111825230682,0.9910581222056632,0.8421052631578947,0.8928571428571429,0.0
6,0.9210526315789475,0.9449111825230682,0.9910581222056632,0.8421052631578947,0.8928571428571429,0.0
7,0.9210526315789475,0.9449111825230682,0.9910581222056632,0.8421052631578947,0.8928571428571429,0.0
8,0.9210526315789475,0.9449111825230682,0.9910581222056632,0.8421052631578947,0.8928571428571429,0.0
9,0.9210526315789475,0.9449111825230682,0.9910581222056632,0.8421052631578947,0.8928571428571429,0.0
10,0.9210526315789475,0.9449111825230682,0.9910581222056632,0.8421052631578947,0.8928571428571429,0.0
11,0.9722222222222223,0.9805806756909201,0.9970193740685545,0.9411764705882353,0.9615384615384616,0.6666666666666664
12,0.9722222222222223,0.9805806756909201,0.9970193740685545,0.9411764705882353,0.9615384615384616,0.6666666666666664
14,0.9210526315789475,0.9449111825230682,0.9910581222056632,0.8421052631578947,0.8928571428571429,0.0
15,0.9210526315789475,0.9449111825230682,0.9910581222056632,0.8421052631578947,0.8928571428571429,0.0
16,1.0,1.0,1.0,1.0,1.0,1.0
17,1.0,1.0,1.0,1.0,1.0,1.0
19,0.9210526315789475,0.9449111825230682,0.9910581222056632,0.8421052631578947,0.8928571428571429,0.0
21,0.9210526315789475,0.9449111825230682,0.9910581222056632,0.8421052631578947,0.8928571428571429,0.0
22,0.9333333333333332,0.9534625892455922,0.992548435171386,0.8648648648648649,0.9090909090909092,0.16666666666666644
23,0.9333333333333332,0.9534625892455922,0.992548435171386,0.8648648648648649,0.9090909090909092,0.16666666666666644
26,0.9210526315789475,0.9449111825230682,0.9910581222056632,0.8421052631578947,0.8928571428571429,0.0
27,0.9210526315789475,0.9449111825230682,0.9910581222056632,0.8421052631578947,0.8928571428571429,0.0
28,0.9308510638297873,0.8688100585711449,0.827123695976155,0.7843137254901961,0.8503401360544218,0.11111111111111142
29,0.9308510638297873,0.8688100585711449,0.827123695976155,0.7843137254901961,0.8503401360544218,0.11111111111111142
34,0.875,0.37267799624996495,0.165424739195231,0.2424242424242424,0.3333333333333333,0.11111111111111108
35,0.875,0.37267799624996495,0.165424739195231,0.2424242424242424,0.3333333333333333,0.11111111111111108
36,0.0,0.0,0.0,0.0,0.0,0.1666666666666666
37,0.0,0.0,0.0,0.0,0.0,0.1666666666666666
41,0.9459459459459459,0.3928371006591931,0.16691505216095381,0.25396825396825395,0.3472222222222222,0.05555555555555554
42,0.9459459459459459,0.3928371006591931,0.16691505216095381,0.25396825396825395,0.3472222222222222,0.05555555555555554
43,0.9459459459459459,0.3928371006591931,0.16691505216095381,0.25396825396825395,0.3472222222222222,0.05555555555555554
