2,0,1.0,1.0,1.0,1.0,1.0
5,0,1.0,1.0,1.0,1.0,1.0
7,0,1.0,1.0,1.0,1.0,1.0
8,0,1.0,1.0,1.0,1.0,1.0
10,0,1.0,1.0,1.0,1.0,1.0
12,0,1.0,1.0,1.0,1.0,1.0
14,0,1.0,1.0,1.0,1.0,1.0
15,0,1.0,1.0,1.0,1.0,1.0
16,0,1.0,1.0,1.0,1.0,1.0
18,0,1.0,1.0,1.0,1.0,1.0
19,0,1.0,1.0,1.0,1.0,1.0
20,0,1.0,1.0,1.0,1.0,1.0
22,0,1.0,1.0,1.0,1.0,1.0
24,0,1.0,1.0,1.0,1.0,1.0
25,0,1.0,1.0,1.0,1.0,1.0
26,0,1.0,1.0,1.0,1.0,1.0
27,0,0.0,0.0,0.0,0.0,0.0
28,0,1.0,1.0,1.0,1.0,1.0
29,0,0.44777033503336844,0.25925925925925924,0.006483664533512968,0.25925925925925924,0.25925925925925924
30,0,0.9462094765421738,0.9074074074074074,0.18154260693836308,0.9074074074074073,0.9074074074074073
31,0,0.8174619299803775,0.7037037037037037,0.043996295048837994,0.7037037037037037,0.7037037037037037
33,0,1.0,1.0,1.0,1.0,1.0
36,0,1.0,1.0,1.0,1.0,1.0
37,0,1.0,1.0,1.0,1.0,1.0
