2,0.46969696969696967,1.0,1.0,1.0,1.0,0.0
3,0.46969696969696967,1.0,1.0,1.0,1.0,0.0
4,0.46969696969696967,1.0,1.0,1.0,1.0,0.0
6,0.46969696969696967,1.0,1.0,1.0,1.0,0.0
7,0.46969696969696967,1.0,1.0,1.0,1.0,0.0
8,1.0,0.7688832695233848,0.6349206349206349,0.052132701421800945,0.6445497630331753,0.6774193548387096
10,0.2222222222222222,0.4996726059048935,0.3333333333333333,0.015596725549332183,0.34312796208530805,0.6774193548387096
12,0.46969696969696967,1.0,1.0,1.0,1.0,0.0
13,1.0,0.4640625233148441,0.2857142857142857,0.012239851638161962,0.2900473933649289,0.3225806451612903
15,0.37500000000000006,0.7929804409972947,0.6825396825396826,0.06247307195174494,0.6872037914691944,0.32258064516129026
16,0.46969696969696967,1.0,1.0,1.0,1.0,0.0
17,0.46969696969696967,1.0,1.0,1.0,1.0,0.0
18,1.0,0.0,0.0,0.0,0.0,0.03225806451612903
19,1.0,0.0,0.0,0.0,0.0,0.03225806451612903
20,1.0,0.0,0.0,0.0,0.0,0.03225806451612903
21,1.0,0.0,0.0,0.0,0.0,0.03225806451612903
23,0.46969696969696967,1.0,1.0,1.0,1.0,0.0
24,1.0,0.0,0.0,0.0,0.0,0.03225806451612903
25,1.0,0.0,0.0,0.0,0.0,0.03225806451612903
26,1.0,0.0,0.0,0.0,0.0,0.03225806451612903
27,1.0,0.0,0.0,0.0,0.0,0.03225806451612903
29,0.46969696969696967,1.0,1.0,1.0,1.0,0.0
30,1.0,0.0,0.0,0.0,0.0,0.03225806451612903
31,1.0,0.0,0.0,0.0,0.0,0.03225806451612903
32,1.0,0.0,0.0,0.0,0.0,0.03225806451612903
33,1.0,0.0,0.0,0.0,0.0,0.03225806451612903
36,0.46969696969696967,1.0,1.0,1.0,1.0,0.0
37,0.46969696969696967,1.0,1.0,1.0,1.0,0.0
38,1.0,0.0,0.0,0.0,0.0,0.03225806451612903
39,0.46153846153846156,0.9809058459851515,0.9682539682539683,0.4843601895734597,0.9687203791469194,0.032258064516129004
40,1.0,0.21461745263497148,0.09523809523809523,0.0032358228468704034,0.0966824644549763,0.12903225806451613
41,0.42622950819672123,0.9012794398459847,0.8412698412698413,0.1406003159557662,0.8436018957345971,0.16129032258064513
42,1.0,0.15711087951980612,0.06349206349206349,0.002085308056872038,0.06445497630331753,0.0967741935483871
43,0.396551724137931,0.8376311809643505,0.746031746031746,0.0833070036861506,0.7497630331753555,0.25806451612903225
44,1.0,0.08889745960337049,0.031746031746031744,0.001009020027518728,0.03222748815165877,0.06451612903225806
45,0.37500000000000006,0.7929804409972947,0.6825396825396826,0.06247307195174494,0.6872037914691944,0.32258064516129026
46,1.0,0.15711087951980612,0.06349206349206349,0.002085308056872038,0.06445497630331753,0.0967741935483871
47,0.339622641509434,0.7220499018015584,0.5873015873015873,0.04238320920785376,0.5933649289099526,0.4193548387096774
48,1.0,0.15711087951980612,0.06349206349206349,0.002085308056872038,0.06445497630331753,0.0967741935483871
49,0.29999999999999993,0.6453414653736641,0.49206349206349204,0.029383886255924172,0.4995260663507109,0.5161290322580645
50,1.0,0.15711087951980612,0.06349206349206349,0.002085308056872038,0.06445497630331753,0.0967741935483871
51,0.2553191489361702,0.5611783792350186,0.3968253968253968,0.02028436018957346,0.4056872037914692,0.6129032258064515
52,1.0,0.15711087951980612,0.06349206349206349,0.002085308056872038,0.06445497630331753,0.0967741935483871
53,0.20454545454545453,0.4668844896487874,0.30158730158730157,0.013558623531835979,0.3118483412322275,0.7096774193548387
54,0.0,0.03320143546821359,0.015873015873015872,0.0009478672985781991,0.030331753554502367,1.0
55,1.0,0.4292349052699429,0.25396825396825395,0.01042654028436019,0.25781990521327014,0.29032258064516125
56,1.0,0.15711087951980612,0.06349206349206349,0.002085308056872038,0.06445497630331753,0.0967741935483871
57,1.0,0.3110857962166457,0.15873015873015872,0.005792522380200105,0.16113744075829384,0.1935483870967742
58,1.0,0.15711087951980612,0.06349206349206349,0.002085308056872038,0.06445497630331753,0.0967741935483871
59,1.0,0.15711087951980612,0.06349206349206349,0.002085308056872038,0.06445497630331753,0.0967741935483871
60,1.0,0.15711087951980612,0.06349206349206349,0.002085308056872038,0.06445497630331753,0.0967741935483871
65,0.46969696969696967,1.0,1.0,1.0,1.0,0.0
66,1.0,0.08889745960337049,0.031746031746031744,0.001009020027518728,0.03222748815165877,0.06451612903225806
67,0.453125,0.9615028322886036,0.9365079365079365,0.312480252764613,0.9374407582938389,0.06451612903225801
68,1.0,0.21461745263497148,0.09523809523809523,0.0032358228468704034,0.0966824644549763,0.12903225806451613
69,0.4166666666666667,0.8804724745457855,0.8095238095238095,0.11604603926878809,0.8123222748815165,0.19354838709677413
70,1.0,0.15711087951980612,0.06349206349206349,0.002085308056872038,0.06445497630331753,0.0967741935483871
71,0.3859649122807018,0.8155463200128916,0.7142857142857143,0.07184834123222748,0.718483412322275,0.29032258064516125
72,1.0,0.08889745960337049,0.031746031746031744,0.001009020027518728,0.03222748815165877,0.06451612903225806
73,0.36363636363636365,0.7699008597822963,0.6507936507936508,0.05466034755134281,0.6559241706161137,0.3548387096774194
74,1.0,0.15711087951980612,0.06349206349206349,0.002085308056872038,0.06445497630331753,0.0967741935483871
75,0.3269230769230769,0.6971910525393399,0.5555555555555556,0.037472353870458136,0.5620853080568721,0.4516129032258064
76,1.0,0.15711087951980612,0.06349206349206349,0.002085308056872038,0.06445497630331753,0.0967741935483871
77,0.28571428571428575,0.6182205956614829,0.4603174603174603,0.026013691416535017,0.46824644549763034,0.5483870967741935
78,1.0,0.15711087951980612,0.06349206349206349,0.002085308056872038,0.06445497630331753,0.0967741935483871
79,0.23913043478260865,0.5310485974199727,0.36507936507936506,0.01782893252087565,0.3744075829383886,0.6451612903225806
80,1.0,0.15711087951980612,0.06349206349206349,0.002085308056872038,0.06445497630331753,0.0967741935483871
81,0.18604651162790697,0.43247851450327596,0.2698412698412698,0.011690363349131122,0.2805687203791469,0.7419354838709677
82,0.0,0.03320143546821359,0.015873015873015872,0.0009478672985781991,0.030331753554502367,1.0
83,1.0,0.39241237184171246,0.2222222222222222,0.00875829383886256,0.22559241706161137,0.25806451612903225
84,1.0,0.15711087951980612,0.06349206349206349,0.002085308056872038,0.06445497630331753,0.0967741935483871
85,1.0,0.2652817606146661,0.12698412698412698,0.004468517264725796,0.12890995260663507,0.16129032258064516
86,1.0,0.15711087951980612,0.06349206349206349,0.002085308056872038,0.06445497630331753,0.0967741935483871
87,1.0,0.08889745960337049,0.031746031746031744,0.001009020027518728,0.03222748815165877,0.06451612903225806
88,1.0,0.08889745960337049,0.031746031746031744,0.001009020027518728,0.03222748815165877,0.06451612903225806
93,0.46969696969696967,1.0,1.0,1.0,1.0,0.0
94,1.0,0.15711087951980612,0.06349206349206349,0.002085308056872038,0.06445497630331753,0.0967741935483871
95,0.4444444444444444,0.9417755193866618,0.9047619047619048,0.22654028436018958,0.9061611374407583,0.09677419354838712
96,0.4444444444444444,0.9417755193866618,0.9047619047619048,0.22654028436018958,0.9061611374407583,0.09677419354838712
101,0.46969696969696967,1.0,1.0,1.0,1.0,0.0
102,1.0,0.21461745263497148,0.09523809523809523,0.0032358228468704034,0.0966824644549763,0.12903225806451613
103,0.4354838709677419,0.9217071411089092,0.873015873015873,0.17497630331753555,0.8748815165876777,0.12903225806451613
104,1.0,0.15711087951980612,0.06349206349206349,0.002085308056872038,0.06445497630331753,0.0967741935483871
105,0.4067796610169491,0.8592643958121637,0.7777777777777778,0.0976303317535545,0.781042654028436,0.22580645161290325
106,1.0,0.08889745960337049,0.031746031746031744,0.001009020027518728,0.03222748815165877,0.06451612903225806
107,0.3859649122807018,0.8155463200128916,0.7142857142857143,0.07184834123222748,0.718483412322275,0.29032258064516125
108,1.0,0.15711087951980612,0.06349206349206349,0.002085308056872038,0.06445497630331753,0.0967741935483871
109,0.35185185185185186,0.7462710348930649,0.6190476190476191,0.04804958075100255,0.6246445497630332,0.3870967741935484
110,1.0,0.15711087951980612,0.06349206349206349,0.002085308056872038,0.06445497630331753,0.0967741935483871
111,0.31372549019607837,0.6716417145233137,0.5238095238095238,0.03317535545023697,0.5308056872037915,0.4838709677419355
112,1.0,0.15711087951980612,0.06349206349206349,0.002085308056872038,0.06445497630331753,0.0967741935483871
113,0.2708333333333333,0.5901979947461715,0.42857142857142855,0.022998253928660513,0.4369668246445498,0.5806451612903225
114,1.0,0.15711087951980612,0.06349206349206349,0.002085308056872038,0.06445497630331753,0.0967741935483871
115,0.2222222222222222,0.4996726059048935,0.3333333333333333,0.015596725549332183,0.34312796208530805,0.6774193548387096
116,1.0,0.15711087951980612,0.06349206349206349,0.002085308056872038,0.06445497630331753,0.0967741935483871
117,0.16666666666666666,0.3961945257198625,0.23809523809523808,0.009971563981042654,0.24928909952606634,0.7741935483870968
118,0.0,0.03320143546821359,0.015873015873015872,0.0009478672985781991,0.030331753554502367,1.0
119,1.0,0.35320695405134694,0.19047619047619047,0.007218374043018593,0.1933649289099526,0.22580645161290322
120,1.0,0.15711087951980612,0.06349206349206349,0.002085308056872038,0.06445497630331753,0.0967741935483871
121,1.0,0.21461745263497148,0.09523809523809523,0.0032358228468704034,0.0966824644549763,0.12903225806451613
122,1.0,0.15711087951980612,0.06349206349206349,0.002085308056872038,0.06445497630331753,0.0967741935483871
123,1.0,0.0,0.0,0.0,0.0,0.03225806451612903
124,1.0,0.0,0.0,0.0,0.0,0.03225806451612903
126,0.46969696969696967,1.0,1.0,1.0,1.0,0.0
128,0.46969696969696967,1.0,1.0,1.0,1.0,0.0
