2,0.6909090909090909,0.6267831705280088,0.49253731343283585,0.38181818181818183,0.39285714285714285,0.0
6,0.6909090909090909,0.6267831705280088,0.49253731343283585,0.38181818181818183,0.39285714285714285,0.0
7,0.6909090909090909,0.6267831705280088,0.49253731343283585,0.38181818181818183,0.39285714285714285,0.0
9,0.0,0.0,0.44776119402985076,0.0,0.0,0.058823529411764705
10,0.0,0.0,0.46268656716417905,0.0,0.0,0.029411764705882353
12,0.0,0.0,0.46268656716417905,0.0,0.0,0.029411764705882353
13,0.0,0.0,0.44776119402985076,0.0,0.0,0.058823529411764705
15,0.7037037037037037,0.6382847385042255,0.5223880597014926,0.39622641509433965,0.4074074074074074,0.058823529411764726
16,0.7037037037037037,0.6382847385042255,0.5223880597014926,0.39622641509433965,0.4074074074074074,0.058823529411764726
17,0.7037037037037037,0.6382847385042255,0.5223880597014926,0.39622641509433965,0.4074074074074074,0.058823529411764726
19,0.7102803738317758,0.6442781539231651,0.5373134328358209,0.4038461538461539,0.4150943396226415,0.08823529411764709
20,0.7102803738317758,0.6442781539231651,0.5373134328358209,0.4038461538461539,0.4150943396226415,0.08823529411764709
21,0.7169811320754716,0.650443635587991,0.5522388059701493,0.411764705882353,0.4230769230769231,0.11764705882352945
23,0.7102803738317758,0.6442781539231651,0.5373134328358209,0.4038461538461539,0.4150943396226415,0.08823529411764709
25,0.7037037037037037,0.6382847385042255,0.5223880597014926,0.39622641509433965,0.4074074074074074,0.058823529411764726
26,0.0,0.0,0.47761194029850745,0.0,0.0,0.0
28,0.7037037037037037,0.6382847385042255,0.5223880597014926,0.39622641509433965,0.4074074074074074,0.058823529411764726
30,0.7037037037037037,0.6382847385042255,0.5223880597014926,0.39622641509433965,0.4074074074074074,0.058823529411764726
31,0.7037037037037037,0.6382847385042255,0.5223880597014926,0.39622641509433965,0.4074074074074074,0.058823529411764726
33,0.7037037037037037,0.6382847385042255,0.5223880597014926,0.39622641509433965,0.4074074074074074,0.058823529411764726
34,0.7037037037037037,0.6382847385042255,0.5223880597014926,0.39622641509433965,0.4074074074074074,0.058823529411764726
36,1.0,1.0,1.0,1.0,1.0,1.0
40,0.0,0.0,0.0,0.0,0.0,0.9411764705882353
42,0.7037037037037037,0.6382847385042255,0.5223880597014926,0.39622641509433965,0.4074074074074074,0.058823529411764726
