7,0.5454545454545453,1.0,1.0,1.0,1.0,0.0
10,0.5454545454545453,1.0,1.0,1.0,1.0,0.0
12,0.5454545454545453,1.0,1.0,1.0,1.0,0.0
13,0.5454545454545453,1.0,1.0,1.0,1.0,0.0
15,0.5454545454545453,1.0,1.0,1.0,1.0,0.0
17,0.5454545454545453,1.0,1.0,1.0,1.0,0.0
18,0.5454545454545453,1.0,1.0,1.0,1.0,0.0
20,0.5454545454545453,1.0,1.0,1.0,1.0,0.0
21,0.5454545454545453,1.0,1.0,1.0,1.0,0.0
26,0.5454545454545453,1.0,1.0,1.0,1.0,0.0
27,0.0,0.0,0.0,0.0,0.0,0.9999999999999997
29,1.0,0.6996363101427742,0.4683544303797467,0.6790123456790124,0.7638888888888888,1.0
30,0.5454545454545453,1.0,1.0,1.0,1.0,0.0
