3,0.18333333333333282,1.0,1.0,1.0,1.0,0.0
5,0.18333333333333282,1.0,1.0,1.0,1.0,0.0
7,0.18333333333333282,1.0,1.0,1.0,1.0,0.0
8,0.18333333333333282,1.0,1.0,1.0,1.0,0.0
9,0.18333333333333282,1.0,1.0,1.0,1.0,0.0
11,0.18333333333333282,1.0,1.0,1.0,1.0,0.0
13,0.18333333333333282,1.0,1.0,1.0,1.0,0.0
16,0.18333333333333282,1.0,1.0,1.0,1.0,0.0
18,1.0,0.0,0.0,0.0,0.0,1.0
22,0.0,0.7739227767564357,0.7444444444444446,0.787878787878788,0.8185185185185184,0.9999999999999992
24,0.18333333333333282,1.0,1.0,1.0,1.0,0.0
