4,0.6842105263157895,0.6324555320336759,0.5,0.3684210526315789,0.4,0.0
8,0.6842105263157895,0.6324555320336759,0.5,0.3684210526315789,0.4,0.0
10,0.6842105263157895,0.6324555320336759,0.5,0.3684210526315789,0.4,0.0
12,0.0,0.0,0.41666666666666663,0.0,0.0,0.08333333333333333
16,0.7027027027027029,0.6488856845230502,0.5416666666666666,0.3888888888888889,0.42105263157894735,0.08333333333333343
18,0.7027027027027029,0.6488856845230502,0.5416666666666666,0.3888888888888889,0.42105263157894735,0.08333333333333343
19,0.0,0.0,0.0,0.0,0.0,0.9166666666666667
22,1.0,1.0,1.0,1.0,1.0,1.0
26,0.0,0.0,0.4583333333333333,0.0,0.0,0.0
29,0.6842105263157895,0.6324555320336759,0.5,0.3684210526315789,0.4,0.0
