31,1.0,1.0,1.0,1.0,1.0,0.3333333333333333
33,1.0,1.0,1.0,1.0,1.0,0.3333333333333333
34,1.0,1.0,1.0,1.0,1.0,0.3333333333333333
36,1.0,1.0,1.0,1.0,1.0,0.3333333333333333
38,0.8888888888888888,0.8885233166386386,0.7647058823529412,0.7777777777777778,0.7894736842105263,0.0
40,0.8888888888888888,0.8885233166386386,0.7647058823529412,0.7777777777777778,0.7894736842105263,0.0
41,0.8888888888888888,0.8885233166386386,0.7647058823529412,0.7777777777777778,0.7894736842105263,0.0
43,0.8888888888888888,0.8885233166386386,0.7647058823529412,0.7777777777777778,0.7894736842105263,0.0
46,0.9696969696969696,0.9682458365518544,0.9411764705882353,0.9333333333333333,0.9375,0.24999999999999994
48,0.9696969696969696,0.9682458365518544,0.9411764705882353,0.9333333333333333,0.9375,0.24999999999999994
49,0.9696969696969696,0.9682458365518544,0.9411764705882353,0.9333333333333333,0.9375,0.24999999999999994
51,0.9696969696969696,0.9682458365518544,0.9411764705882353,0.9333333333333333,0.9375,0.24999999999999994
55,0.8888888888888888,0.8885233166386386,0.7647058823529412,0.7777777777777778,0.7894736842105263,0.0
59,0.8888888888888888,0.8885233166386386,0.7647058823529412,0.7777777777777778,0.7894736842105263,0.0
60,0.8888888888888888,0.8885233166386386,0.7647058823529412,0.7777777777777778,0.7894736842105263,0.0
61,0.8888888888888888,0.8885233166386386,0.7647058823529412,0.7777777777777778,0.7894736842105263,0.0
62,0.8888888888888888,0.8885233166386386,0.7647058823529412,0.7777777777777778,0.7894736842105263,0.0
63,0.8888888888888888,0.8885233166386386,0.7647058823529412,0.7777777777777778,0.7894736842105263,0.0
64,0.8888888888888888,0.8885233166386386,0.7647058823529412,0.7777777777777778,0.7894736842105263,0.0
66,0.8888888888888888,0.8885233166386386,0.7647058823529412,0.7777777777777778,0.7894736842105263,0.0
68,0.8888888888888888,0.8885233166386386,0.7647058823529412,0.7777777777777778,0.7894736842105263,0.0
69,0.8888888888888888,0.8885233166386386,0.7647058823529412,0.7777777777777778,0.7894736842105263,0.0
72,0.8888888888888888,0.8885233166386386,0.7647058823529412,0.7777777777777778,0.7894736842105263,0.0
74,0.8888888888888888,0.8885233166386386,0.7647058823529412,0.7777777777777778,0.7894736842105263,0.0
75,0.8888888888888888,0.8885233166386386,0.7647058823529412,0.7777777777777778,0.7894736842105263,0.0
76,0.8888888888888888,0.8885233166386386,0.7647058823529412,0.7777777777777778,0.7894736842105263,0.0
77,0.8888888888888888,0.8885233166386386,0.7647058823529412,0.7777777777777778,0.7894736842105263,0.0
78,0.8888888888888888,0.8885233166386386,0.7647058823529412,0.7777777777777778,0.7894736842105263,0.0
80,0.8888888888888888,0.8885233166386386,0.7647058823529412,0.7777777777777778,0.7894736842105263,0.0
81,0.8888888888888888,0.8885233166386386,0.7647058823529412,0.7777777777777778,0.7894736842105263,0.0
83,0.8888888888888888,0.8885233166386386,0.7647058823529412,0.7777777777777778,0.7894736842105263,0.0
85,0.8888888888888888,0.8885233166386386,0.7647058823529412,0.7777777777777778,0.7894736842105263,0.0
86,0.8888888888888888,0.8885233166386386,0.7647058823529412,0.7777777777777778,0.7894736842105263,0.0
87,0.8888888888888888,0.8885233166386386,0.7647058823529412,0.7777777777777778,0.7894736842105263,0.0
89,0.8888888888888888,0.8885233166386386,0.7647058823529412,0.7777777777777778,0.7894736842105263,0.0
90,0.8888888888888888,0.8885233166386386,0.7647058823529412,0.7777777777777778,0.7894736842105263,0.0
91,0.8888888888888888,0.8885233166386386,0.7647058823529412,0.7777777777777778,0.7894736842105263,0.0
93,0.8888888888888888,0.8885233166386386,0.7647058823529412,0.7777777777777778,0.7894736842105263,0.0
94,0.8888888888888888,0.8885233166386386,0.7647058823529412,0.7777777777777778,0.7894736842105263,0.0
97,0.8888888888888888,0.8885233166386386,0.7647058823529412,0.7777777777777778,0.7894736842105263,0.0
100,0.8888888888888888,0.8885233166386386,0.7647058823529412,0.7777777777777778,0.7894736842105263,0.0
101,0.8888888888888888,0.8885233166386386,0.7647058823529412,0.7777777777777778,0.7894736842105263,0.0
103,0.8888888888888888,0.8885233166386386,0.7647058823529412,0.7777777777777778,0.7894736842105263,0.0
106,0.8888888888888888,0.8885233166386386,0.7647058823529412,0.7777777777777778,0.7894736842105263,0.0
107,0.9696969696969696,0.9682458365518544,0.9411764705882353,0.9333333333333333,0.9375,0.24999999999999994
110,0.8888888888888888,0.8885233166386386,0.7647058823529412,0.7777777777777778,0.7894736842105263,0.0
112,0.8888888888888888,0.8885233166386386,0.7647058823529412,0.7777777777777778,0.7894736842105263,0.0
115,0.8888888888888888,0.8885233166386386,0.7647058823529412,0.7777777777777778,0.7894736842105263,0.0
116,0.9696969696969696,0.9682458365518544,0.9411764705882353,0.9333333333333333,0.9375,0.24999999999999994
119,0.8888888888888888,0.8885233166386386,0.7647058823529412,0.7777777777777778,0.7894736842105263,0.0
120,0.9696969696969696,0.9682458365518544,0.9411764705882353,0.9333333333333333,0.9375,0.24999999999999994
121,0.9696969696969696,0.9682458365518544,0.9411764705882353,0.9333333333333333,0.9375,0.24999999999999994
122,0.9696969696969696,0.9682458365518544,0.9411764705882353,0.9333333333333333,0.9375,0.24999999999999994
123,0.9696969696969696,0.9682458365518544,0.9411764705882353,0.9333333333333333,0.9375,0.24999999999999994
124,0.0,0.0,0.0,0.0,0.0,1.0
125,0.0,0.0,0.4117647058823529,0.0,0.0,0.4166666666666667
126,0.0,0.0,0.4117647058823529,0.0,0.0,0.4166666666666667
131,0.8888888888888888,0.8885233166386386,0.7647058823529412,0.7777777777777778,0.7894736842105263,0.0
132,0.8888888888888888,0.8885233166386386,0.7647058823529412,0.7777777777777778,0.7894736842105263,0.0
