3,0,1.0,1.0,1.0,1.0,1.0
6,0,1.0,1.0,1.0,1.0,1.0
7,0,1.0,1.0,1.0,1.0,1.0
9,0,1.0,1.0,1.0,1.0,1.0
11,0,1.0,1.0,1.0,1.0,1.0
12,0,1.0,1.0,1.0,1.0,1.0
14,0,0.7595178271936286,0.7142857142857143,0.3767123287671233,0.7142857142857144,0.7142857142857144
16,0,0.7595178271936286,0.7142857142857143,0.3767123287671233,0.7142857142857144,0.7142857142857144
17,0,0.7595178271936286,0.7142857142857143,0.3767123287671233,0.7142857142857144,0.7142857142857144
19,0,0.0,0.0,0.0,0.0,0.0
21,0,1.0,1.0,1.0,1.0,1.0
23,0,1.0,1.0,1.0,1.0,1.0
24,0,1.0,1.0,1.0,1.0,1.0
26,0,1.0,1.0,1.0,1.0,1.0
27,0,1.0,1.0,1.0,1.0,1.0
