2,0,1.0,1.0,1.0,1.0,1.0
6,0,1.0,1.0,1.0,1.0,1.0
7,0,1.0,1.0,1.0,1.0,1.0
9,0,1.0,1.0,1.0,1.0,1.0
10,0,0.0,0.0,0.0,0.0,0.0
11,0,0.8126763772858506,0.7540983606557377,0.05043641347471687,0.7540983606557379,0.7540983606557379
12,0,0.2731103668336777,0.19672131147540983,0.004027752628859377,0.19672131147540983,0.19672131147540983
14,0,0.2731103668336777,0.19672131147540983,0.004027752628859377,0.19672131147540983,0.19672131147540983
16,0,0.25306152733850784,0.18032786885245902,0.0036182644449253413,0.18032786885245905,0.18032786885245905
18,0,1.0,1.0,1.0,1.0,1.0
