8,0.5,1.0,1.0,1.0,1.0,0.0
15,0.5,1.0,1.0,1.0,1.0,0.0
17,0.5,1.0,1.0,1.0,1.0,0.0
18,0.5,1.0,1.0,1.0,1.0,0.0
20,0.5,1.0,1.0,1.0,1.0,0.0
25,0.5,1.0,1.0,1.0,1.0,0.0
26,0.5,1.0,1.0,1.0,1.0,0.0
28,0.5,1.0,1.0,1.0,1.0,0.0
29,0.4827586206896552,0.9639425217227349,0.9322033898305084,0.4666666666666667,0.9333333333333333,0.09090909090909088
30,0.4827586206896552,0.9639425217227349,0.9322033898305084,0.4666666666666667,0.9333333333333333,0.09090909090909088
31,0.4827586206896552,0.9639425217227349,0.9322033898305084,0.4666666666666667,0.9333333333333333,0.09090909090909088
32,0.6153846153846153,0.7390083445627209,0.536723163841808,0.07272727272727272,0.5565217391304348,0.2727272727272727
33,0.6153846153846153,0.7390083445627209,0.536723163841808,0.07272727272727272,0.5565217391304348,0.2727272727272727
35,0.45454545454545453,0.7407407407407408,0.5536723163841808,0.07575757575757576,0.5673758865248227,0.1515151515151514
36,0.4339622641509434,0.7082163302059409,0.5084745762711864,0.0638888888888889,0.5219858156028369,0.2121212121212121
38,1.0,0.3079201435678004,0.0903954802259887,0.0065040650406504065,0.09481481481481482,0.1212121212121212
39,0.0,0.0,0.0,0.0,0.0,0.0
40,0.0,0.0,0.0,0.0,0.0,0.0
44,0.5,1.0,1.0,1.0,1.0,0.0
46,0.5,1.0,1.0,1.0,1.0,0.0
49,0.5,1.0,1.0,1.0,1.0,0.0
53,0.5,1.0,1.0,1.0,1.0,0.0
54,0.4827586206896552,0.9639425217227349,0.9322033898305084,0.4666666666666667,0.9333333333333333,0.09090909090909088
55,0.4827586206896552,0.9639425217227349,0.9322033898305084,0.4666666666666667,0.9333333333333333,0.09090909090909088
56,0.4827586206896552,0.9639425217227349,0.9322033898305084,0.4666666666666667,0.9333333333333333,0.09090909090909088
57,0.4827586206896552,0.9639425217227349,0.9322033898305084,0.4666666666666667,0.9333333333333333,0.09090909090909088
58,0.4827586206896552,0.9639425217227349,0.9322033898305084,0.4666666666666667,0.9333333333333333,0.09090909090909088
59,0.4827586206896552,0.9639425217227349,0.9322033898305084,0.4666666666666667,0.9333333333333333,0.09090909090909088
60,0.4827586206896552,0.9639425217227349,0.9322033898305084,0.4666666666666667,0.9333333333333333,0.09090909090909088
61,0.338235294117647,0.6944632476086854,0.5028248587570622,0.06133333333333334,0.5111111111111112,0.6666666666666666
62,0.4827586206896552,0.9639425217227349,0.9322033898305084,0.4666666666666667,0.9333333333333333,0.09090909090909088
63,0.2105263157894737,0.4770278351999551,0.2542372881355932,0.02222222222222222,0.26666666666666666,1.0
64,0.2105263157894737,0.4770278351999551,0.2542372881355932,0.02222222222222222,0.26666666666666666,1.0
65,0.2105263157894737,0.4770278351999551,0.2542372881355932,0.02222222222222222,0.26666666666666666,1.0
68,0.4827586206896552,0.9639425217227349,0.9322033898305084,0.4666666666666667,0.9333333333333333,0.09090909090909088
69,0.4827586206896552,0.9639425217227349,0.9322033898305084,0.4666666666666667,0.9333333333333333,0.09090909090909088
70,0.4827586206896552,0.9639425217227349,0.9322033898305084,0.4666666666666667,0.9333333333333333,0.09090909090909088
71,0.4827586206896552,0.9639425217227349,0.9322033898305084,0.4666666666666667,0.9333333333333333,0.09090909090909088
72,0.4827586206896552,0.9639425217227349,0.9322033898305084,0.4666666666666667,0.9333333333333333,0.09090909090909088
74,0.5,1.0,1.0,1.0,1.0,0.0
76,0.4827586206896552,0.9639425217227349,0.9322033898305084,0.4666666666666667,0.9333333333333333,0.09090909090909088
78,0.4827586206896552,0.9639425217227349,0.9322033898305084,0.4666666666666667,0.9333333333333333,0.09090909090909088
79,0.4827586206896552,0.9639425217227349,0.9322033898305084,0.4666666666666667,0.9333333333333333,0.09090909090909088
80,0.4827586206896552,0.9639425217227349,0.9322033898305084,0.4666666666666667,0.9333333333333333,0.09090909090909088
83,0.4827586206896552,0.9639425217227349,0.9322033898305084,0.4666666666666667,0.9333333333333333,0.09090909090909088
84,0.4827586206896552,0.9639425217227349,0.9322033898305084,0.4666666666666667,0.9333333333333333,0.09090909090909088
85,0.4827586206896552,0.9639425217227349,0.9322033898305084,0.4666666666666667,0.9333333333333333,0.09090909090909088
86,0.4827586206896552,0.9639425217227349,0.9322033898305084,0.4666666666666667,0.9333333333333333,0.09090909090909088
87,0.4827586206896552,0.9639425217227349,0.9322033898305084,0.4666666666666667,0.9333333333333333,0.09090909090909088
89,0.4827586206896552,0.9639425217227349,0.9322033898305084,0.4666666666666667,0.9333333333333333,0.09090909090909088
92,0.4827586206896552,0.9639425217227349,0.9322033898305084,0.4666666666666667,0.9333333333333333,0.09090909090909088
