9,0.9363636363636362,0.9473309334313417,0.9776536312849161,0.8787878787878788,0.8974358974358975,0.0
10,0.9363636363636362,0.9473309334313417,0.9776536312849161,0.8787878787878788,0.8974358974358975,0.0
11,0.9363636363636362,0.9473309334313417,0.9776536312849161,0.8787878787878788,0.8974358974358975,0.0
12,0.9363636363636362,0.9473309334313417,0.9776536312849161,0.8787878787878788,0.8974358974358975,0.0
13,0.0,0.0,0.0,0.0,0.0,1.0
14,0.0,0.0,0.0,0.0,0.0,1.0
16,0.9967741935483868,1.0,1.0,1.0,1.0,1.0
17,0.9967741935483868,1.0,1.0,1.0,1.0,1.0
18,0.9967741935483868,1.0,1.0,1.0,1.0,1.0
20,0.9967741935483868,1.0,1.0,1.0,1.0,1.0
22,0.9967741935483868,1.0,1.0,1.0,1.0,1.0
24,0.8583333333333332,0.7200822998230956,0.6368715083798883,0.6904761904761905,0.7291666666666666,1.0
25,0.8583333333333332,0.7200822998230956,0.6368715083798883,0.6904761904761905,0.7291666666666666,1.0
26,0.8583333333333332,0.7200822998230956,0.6368715083798883,0.6904761904761905,0.7291666666666666,1.0
30,0.9967741935483868,1.0,1.0,1.0,1.0,1.0
31,0.9967741935483868,1.0,1.0,1.0,1.0,1.0
32,0.9967741935483868,1.0,1.0,1.0,1.0,1.0
33,0.9967741935483868,1.0,1.0,1.0,1.0,1.0
34,1.0,0.9154903633375857,0.8379888268156424,0.9666666666666668,0.9722222222222222,0.8750000000000001
35,1.0,0.9154903633375857,0.8379888268156424,0.9666666666666668,0.9722222222222222,0.8750000000000001
44,0.9809523809523808,0.4025382429497066,0.18435754189944134,0.4833333333333334,0.5303030303030303,0.12499999999999989
