2,0.7063492063492063,0.9281909617845144,0.989010989010989,0.4444444444444444,0.46153846153846156,0.0
4,0.7063492063492063,0.9281909617845144,0.989010989010989,0.4444444444444444,0.46153846153846156,0.0
5,0.7063492063492063,0.9281909617845144,0.989010989010989,0.4444444444444444,0.46153846153846156,0.0
7,0.7063492063492063,0.9281909617845144,0.989010989010989,0.4444444444444444,0.46153846153846156,0.0
9,0.7063492063492063,0.9281909617845144,0.989010989010989,0.4444444444444444,0.46153846153846156,0.0
11,0.7063492063492063,0.9281909617845144,0.989010989010989,0.4444444444444444,0.46153846153846156,0.0
13,0.7063492063492063,0.9281909617845144,0.989010989010989,0.4444444444444444,0.46153846153846156,0.0
15,1.0,1.0,0.8351648351648352,1.0,1.0,0.5873015873015873
17,0.4708994708994708,0.46770717334674267,0.2857142857142857,0.21875,0.23076923076923078,1.0
19,0.0,0.0,0.15384615384615385,0.0,0.0,0.3492063492063492
21,0.4708994708994708,0.46770717334674267,0.2857142857142857,0.21875,0.23076923076923078,1.0
23,0.0,0.0,0.06593406593406594,0.0,0.0,0.6031746031746031
25,0.4708994708994708,0.46770717334674267,0.2857142857142857,0.21875,0.23076923076923078,1.0
27,0.0,0.0,0.0,0.0,0.0,0.7936507936507936
29,0.7063492063492063,0.9281909617845144,0.989010989010989,0.4444444444444444,0.46153846153846156,0.0
31,0.0,0.0,0.0989010989010989,0.0,0.0,0.5079365079365079
33,0.712,0.9354143466934853,1.0,0.45161290322580644,0.46875,0.031746031746031855
35,0.0,0.0,0.15384615384615385,0.0,0.0,0.3492063492063492
37,0.712,0.9354143466934853,1.0,0.45161290322580644,0.46875,0.031746031746031855
39,0.0,0.0,0.054945054945054944,0.0,0.0,0.6349206349206349
41,0.712,0.9354143466934853,1.0,0.45161290322580644,0.46875,0.031746031746031855
43,0.8811881188118811,0.8366600265340757,0.7692307692307693,0.7000000000000001,0.7142857142857143,0.39682539682539686
47,0.7063492063492063,0.9281909617845144,0.989010989010989,0.4444444444444444,0.46153846153846156,0.0
49,0.7876106194690266,0.7337993857053429,0.7032967032967034,0.5384615384615385,0.5555555555555556,0.2063492063492064
51,0.6402877697841726,0.5991446895152781,0.5604395604395604,0.358974358974359,0.375,0.20634920634920628
53,0.8165137614678898,0.7637626158259735,0.7252747252747253,0.5833333333333334,0.6,0.2698412698412699
55,0.0,0.0,0.10989010989010989,0.0,0.0,0.47619047619047616
57,0.0,0.0,0.10989010989010989,0.0,0.0,0.47619047619047616
59,0.7063492063492063,0.9281909617845144,0.989010989010989,0.4444444444444444,0.46153846153846156,0.0
