2,0.675,1.0,1.0,0.8999999999999999,0.92,0.0
4,0.675,1.0,1.0,0.8999999999999999,0.92,0.0
5,0.675,1.0,1.0,0.8999999999999999,0.92,0.0
6,0.675,1.0,1.0,0.8999999999999999,0.92,0.0
7,0.675,0.8291561975888501,0.6912955465587045,0.8081632653061224,0.8433333333333333,0.0
8,0.675,1.0,1.0,0.8999999999999999,0.92,0.0
9,0.675,1.0,1.0,0.8999999999999999,0.92,0.0
10,1.0,0.8068715304598786,0.33400809716599195,1.0,1.0,1.0
12,0.5881188118811882,0.7456984487516306,0.6781376518218623,0.6387096774193548,0.6931506849315068,1.0
13,0.0,0.0,0.0,0.0,0.0,0.9230769230769231
15,0.6674157303370787,0.8217196689173957,0.6902834008097166,0.7919999999999999,0.8295081967213115,0.07692307692307693
17,0.6674157303370787,0.8217196689173957,0.6902834008097166,0.7919999999999999,0.8295081967213115,0.07692307692307693
18,0.6674157303370787,0.8217196689173957,0.6902834008097166,0.7919999999999999,0.8295081967213115,0.07692307692307693
20,0.6674157303370787,0.8217196689173957,0.6902834008097166,0.7919999999999999,0.8295081967213115,0.07692307692307693
21,0.6674157303370787,0.8217196689173957,0.6902834008097166,0.7919999999999999,0.8295081967213115,0.07692307692307693
22,0.6674157303370787,0.8217196689173957,0.6902834008097166,0.7919999999999999,0.8295081967213115,0.07692307692307693
23,0.6674157303370787,0.8217196689173957,0.6902834008097166,0.7919999999999999,0.8295081967213115,0.07692307692307693
25,0.6674157303370787,0.8217196689173957,0.6902834008097166,0.7919999999999999,0.8295081967213115,0.07692307692307693
27,0.675,1.0,1.0,0.8999999999999999,0.92,0.0
