5,0.0,0.0,0.14285714285714285,0.0,0.0,0.0
7,0.0,0.0,0.14285714285714285,0.0,0.0,0.0
8,0.0,0.0,0.14285714285714285,0.0,0.0,0.0
15,0.5,0.6666666666666666,0.8214285714285713,0.2,0.4444444444444444,0.0
17,0.5,0.6666666666666666,0.8214285714285713,0.2,0.4444444444444444,0.0
18,0.5,0.6666666666666666,0.8214285714285713,0.2,0.4444444444444444,0.0
19,0.5,0.6666666666666666,0.8214285714285713,0.2,0.4444444444444444,0.0
20,0.5,0.6666666666666666,0.8214285714285713,0.2,0.4444444444444444,0.0
22,0.5,0.6666666666666666,0.8214285714285713,0.2,0.4444444444444444,0.0
23,0.5,0.6666666666666666,0.8214285714285713,0.2,0.4444444444444444,0.0
24,0.0,0.0,0.0,0.0,0.0,0.8
25,0.5,0.6666666666666666,0.8214285714285713,0.2,0.4444444444444444,0.0
26,0.5,0.6666666666666666,0.8214285714285713,0.2,0.4444444444444444,0.0
28,0.5,0.6666666666666666,0.8214285714285713,0.2,0.4444444444444444,0.0
29,0.5,0.6666666666666666,0.8214285714285713,0.2,0.4444444444444444,0.0
30,0.5,0.6666666666666666,0.8214285714285713,0.2,0.4444444444444444,0.0
33,0.5,0.6666666666666666,0.8214285714285713,0.2,0.4444444444444444,0.0
34,0.5,0.6666666666666666,0.8214285714285713,0.2,0.4444444444444444,0.0
35,0.5,0.6666666666666666,0.8214285714285713,0.2,0.4444444444444444,0.0
36,0.5,0.6666666666666666,0.8214285714285713,0.2,0.4444444444444444,0.0
39,1.0,1.0,1.0,1.0,1.0,1.0
41,1.0,1.0,1.0,1.0,1.0,1.0
43,1.0,1.0,1.0,1.0,1.0,1.0
45,1.0,1.0,1.0,1.0,1.0,1.0
48,1.0,1.0,1.0,1.0,1.0,1.0
52,0.5,0.6666666666666666,0.8214285714285713,0.2,0.4444444444444444,0.0
53,0.5,0.6666666666666666,0.8214285714285713,0.2,0.4444444444444444,0.0
