2,0,1.0,1.0,1.0,1.0,1.0
7,0,1.0,1.0,1.0,1.0,1.0
8,0,1.0,1.0,1.0,1.0,1.0
10,0,0.8844690530627589,0.8108108108108109,0.11591255719369598,0.8108108108108107,0.8108108108108107
11,0,0.0,0.0,0.0,0.0,0.0
12,0,0.8844690530627589,0.8108108108108109,0.11591255719369598,0.8108108108108107,0.8108108108108107
13,0,0.0,0.0,0.0,0.0,0.0
14,0,0.8669377730905661,0.7837837837837838,0.0980427046263345,0.7837837837837838,0.7837837837837838
16,0,1.0,1.0,1.0,1.0,1.0
18,0,0.31867145238907313,0.16216216216216217,0.005234760647457238,0.16216216216216214,0.16216216216216214
19,0,0.08020533639149904,0.02702702702702703,0.0007512850929221035,0.027027027027027025,0.027027027027027025
21,0,0.23934331693570365,0.10810810810810811,0.0032783349509328155,0.1081081081081081,0.1081081081081081
23,0,1.0,1.0,1.0,1.0,1.0
