5,0.8999999999999999,0.8991721961325719,0.8524590163934427,0.8,0.8085106382978724,0.0
6,0.8999999999999999,0.8991721961325719,0.8524590163934427,0.8,0.8085106382978724,0.0
7,0.8999999999999999,0.8991721961325719,0.8524590163934427,0.8,0.8085106382978724,0.0
8,0.8999999999999999,0.8991721961325719,0.8524590163934427,0.8,0.8085106382978724,0.0
9,0.8999999999999999,0.8991721961325719,0.8524590163934427,0.8,0.8085106382978724,0.0
10,0.8999999999999999,0.8991721961325719,0.8524590163934427,0.8,0.8085106382978724,0.0
11,0.8999999999999999,0.8991721961325719,0.8524590163934427,0.8,0.8085106382978724,0.0
12,0.0,0.0,0.06557377049180327,0.0,0.0,0.11111111111111115
13,0.0,0.0,0.06557377049180327,0.0,0.0,0.11111111111111115
15,0.9101123595505618,0.9088932591463859,0.8688524590163934,0.8181818181818182,0.8260869565217391,0.1111111111111113
16,0.9101123595505618,0.9088932591463859,0.8688524590163934,0.8181818181818182,0.8260869565217391,0.1111111111111113
17,0.9101123595505618,0.9088932591463859,0.8688524590163934,0.8181818181818182,0.8260869565217391,0.1111111111111113
27,0.9101123595505618,0.9088932591463859,0.8688524590163934,0.8181818181818182,0.8260869565217391,0.1111111111111113
28,0.0,0.0,0.0,0.0,0.0,0.5555555555555557
29,0.0,0.0,0.0,0.0,0.0,0.5555555555555557
31,0.9101123595505618,0.9088932591463859,0.8688524590163934,0.8181818181818182,0.8260869565217391,0.1111111111111113
32,0.9101123595505618,0.9088932591463859,0.8688524590163934,0.8181818181818182,0.8260869565217391,0.1111111111111113
33,0.9101123595505618,0.9088932591463859,0.8688524590163934,0.8181818181818182,0.8260869565217391,0.1111111111111113
34,0.9101123595505618,0.9088932591463859,0.8688524590163934,0.8181818181818182,0.8260869565217391,0.1111111111111113
36,0.9878048780487805,0.9870962335856491,0.9836065573770492,0.972972972972973,0.9743589743589743,0.8888888888888893
37,0.9878048780487805,0.9870962335856491,0.9836065573770492,0.972972972972973,0.9743589743589743,0.8888888888888893
38,0.9878048780487805,0.9870962335856491,0.9836065573770492,0.972972972972973,0.9743589743589743,0.8888888888888893
39,0.9878048780487805,0.9870962335856491,0.9836065573770492,0.972972972972973,0.9743589743589743,0.8888888888888893
40,0.9878048780487805,0.9870962335856491,0.9836065573770492,0.972972972972973,0.9743589743589743,0.8888888888888893
41,0.9878048780487805,0.9870962335856491,0.9836065573770492,0.972972972972973,0.9743589743589743,0.8888888888888893
43,0.9878048780487805,0.9870962335856491,0.9836065573770492,0.972972972972973,0.9743589743589743,0.8888888888888893
44,0.9878048780487805,0.9870962335856491,0.9836065573770492,0.972972972972973,0.9743589743589743,0.8888888888888893
50,1.0,1.0,1.0,1.0,1.0,1.0
82,0.9642857142857142,0.9627197246824659,0.9508196721311475,0.9230769230769231,0.926829268292683,0.6666666666666666
83,0.9642857142857142,0.9627197246824659,0.9508196721311475,0.9230769230769231,0.926829268292683,0.6666666666666666
