2,0.760908219432247,0.9814499806649121,1.0,0.8879367172050099,0.9126016260162602,0.0
3,0.760908219432247,0.9814499806649121,1.0,0.8879367172050099,0.9126016260162602,0.0
4,0.760908219432247,0.9814499806649121,1.0,0.8879367172050099,0.9126016260162602,0.0
5,0.760908219432247,0.9814499806649121,1.0,0.8879367172050099,0.9126016260162602,0.0
6,0.760908219432247,0.9814499806649121,1.0,0.8879367172050099,0.9126016260162602,0.0
8,0.760908219432247,0.9814499806649121,1.0,0.8879367172050099,0.9126016260162602,0.0
9,0.760908219432247,0.9814499806649121,1.0,0.8879367172050099,0.9126016260162602,0.0
10,0.7573439412484706,0.7215625883171335,0.6466019417475728,0.6585365853658537,0.7176360225140711,0.007874015748031189
11,0.8669388668270026,0.44742790648307423,0.29514563106796116,0.4195121951219513,0.4878048780487803,0.1653543307086609
14,0.0,0.0,0.0,0.0,0.0,1.0
19,1.0,1.0,0.9359223300970874,1.0,1.0,0.6141732283464565
20,0.24571972098921988,0.04596588239840223,0.003883495145631178,0.04115853658536585,0.053539559785841705,0.6377952755905512
22,1.0,1.0,0.9359223300970874,1.0,1.0,0.6141732283464565
23,1.0,1.0,0.9359223300970874,1.0,1.0,0.6141732283464565
26,0.8748664789279473,0.5762019772277849,0.4368932038834952,0.5452399685287176,0.6124072110286319,0.2047244094488191
30,0.760908219432247,0.9814499806649121,1.0,0.8879367172050099,0.9126016260162602,0.0
31,0.760908219432247,0.9814499806649121,1.0,0.8879367172050099,0.9126016260162602,0.0
