2,0.04166666666666664,1.0,1.0,1.0,1.0,0.0
3,0.04166666666666664,1.0,1.0,1.0,1.0,0.0
4,0.04166666666666664,1.0,1.0,1.0,1.0,0.0
5,0.04166666666666664,1.0,1.0,1.0,1.0,0.0
6,0.04166666666666664,1.0,1.0,1.0,1.0,0.0
7,0.04166666666666664,1.0,1.0,1.0,1.0,0.0
8,0.04166666666666664,1.0,1.0,1.0,1.0,0.0
9,0.04166666666666664,1.0,1.0,1.0,1.0,0.0
11,0.0,0.9160253396690619,0.9016393442622951,0.7545931758530183,0.905511811023622,1.0
12,0.0,0.9160253396690619,0.9016393442622951,0.7545931758530183,0.905511811023622,1.0
14,0.0,0.9160253396690619,0.9016393442622951,0.7545931758530183,0.905511811023622,1.0
16,0.0,0.9160253396690619,0.9016393442622951,0.7545931758530183,0.905511811023622,1.0
18,1.0,0.0,0.0,0.0,0.0,0.9999999999999996
19,0.04166666666666664,1.0,1.0,1.0,1.0,0.0
