2,0.6159003831417639,1.0,1.0,1.0,1.0,0.0
4,0.6159003831417639,1.0,1.0,1.0,1.0,0.0
5,0.6159003831417639,1.0,1.0,1.0,1.0,0.0
6,0.6159003831417639,1.0,1.0,1.0,1.0,0.0
7,0.6159003831417639,1.0,1.0,1.0,1.0,0.0
8,1.0,0.4579269516940262,0.3897280966767372,0.322925651198896,0.4637571157495256,0.9999999999999942
9,1.0,0.4579269516940262,0.3897280966767372,0.322925651198896,0.4637571157495256,0.9999999999999942
10,1.0,0.4579269516940262,0.3897280966767372,0.322925651198896,0.4637571157495256,0.9999999999999942
11,1.0,0.4579269516940262,0.3897280966767372,0.322925651198896,0.4637571157495256,0.9999999999999942
14,0.0,0.0,0.0,0.0,0.0,1.0
15,0.6159003831417639,1.0,1.0,1.0,1.0,0.0
