9,0.6561403508771929,0.9090605065741841,0.9662921348314606,0.7846889952153109,0.8200000000000001,0.0
14,0.6561403508771929,0.9090605065741841,0.9662921348314606,0.7846889952153109,0.8200000000000001,0.0
15,0.6561403508771929,0.9090605065741841,0.9662921348314606,0.7846889952153109,0.8200000000000001,0.0
16,0.6561403508771929,0.9090605065741841,0.9662921348314606,0.7846889952153109,0.8200000000000001,0.0
17,0.6561403508771929,0.9090605065741841,0.9662921348314606,0.7846889952153109,0.8200000000000001,0.0
19,0.6561403508771929,0.9090605065741841,0.9662921348314606,0.7846889952153109,0.8200000000000001,0.0
21,0.9066666666666664,1.0,1.0,1.0,1.0,1.0
22,0.9066666666666664,1.0,1.0,1.0,1.0,1.0
24,0.9066666666666664,1.0,1.0,1.0,1.0,1.0
27,0.6561403508771929,0.9090605065741841,0.9662921348314606,0.7846889952153109,0.8200000000000001,0.0
28,0.6561403508771929,0.9090605065741841,0.9662921348314606,0.7846889952153109,0.8200000000000001,0.0
29,0.6561403508771929,0.9090605065741841,0.9662921348314606,0.7846889952153109,0.8200000000000001,0.0
31,0.0,0.0,0.0,0.0,0.0,0.6111111111111109
32,0.1478260869565218,0.22363287809768212,0.1797752808988764,0.1958041958041958,0.23333333333333334,0.8888888888888886
34,0.8357541899441343,0.848298160162705,0.797752808988764,0.8484848484848483,0.8750000000000001,0.6111111111111114
35,0.8357541899441343,0.848298160162705,0.797752808988764,0.8484848484848483,0.8750000000000001,0.6111111111111114
37,0.8357541899441343,0.848298160162705,0.797752808988764,0.8484848484848483,0.8750000000000001,0.6111111111111114
39,0.3162790697674419,0.04473854556712306,0.011235955056179785,0.04040404040404036,0.050000000000000024,0.2777777777777777
40,0.3162790697674419,0.04473854556712306,0.011235955056179785,0.04040404040404036,0.050000000000000024,0.2777777777777777
43,1.0,0.7587027029686193,0.6179775280898876,0.8484848484848483,0.8750000000000001,0.8888888888888886
45,1.0,0.7587027029686193,0.6179775280898876,0.8484848484848483,0.8750000000000001,0.8888888888888886
