5,0,1.0,1.0,1.0,1.0,1.0
6,0,1.0,1.0,1.0,1.0,1.0
7,0,1.0,1.0,1.0,1.0,1.0
8,0,1.0,1.0,1.0,1.0,1.0
9,0,1.0,1.0,1.0,1.0,1.0
10,0,1.0,1.0,1.0,1.0,1.0
11,0,0.6783010578108498,0.6111111111111112,0.08868107062237988,0.611111111111111,0.611111111111111
12,0,0.6783010578108498,0.6111111111111112,0.08868107062237988,0.611111111111111,0.611111111111111
15,0,1.0,1.0,1.0,1.0,1.0
16,0,0.0,0.0,0.0,0.0,0.0
17,0,0.0,0.0,0.0,0.0,0.0
19,0,0.6783010578108498,0.6111111111111112,0.08868107062237988,0.611111111111111,0.611111111111111
20,0,0.6783010578108498,0.6111111111111112,0.08868107062237988,0.611111111111111,0.611111111111111
21,0,0.5752360382741895,0.5,0.056433408577878104,0.5,0.5
22,0,0.6783010578108498,0.6111111111111112,0.08868107062237988,0.611111111111111,0.611111111111111
