5,0.7704918032786885,0.6685032174373867,0.5190217391304348,0.5172413793103448,0.5625,0.32926829268292673
8,0.7704918032786885,0.6685032174373867,0.5190217391304348,0.5172413793103448,0.5625,0.32926829268292673
9,0.7704918032786885,0.6685032174373867,0.5190217391304348,0.5172413793103448,0.5625,0.32926829268292673
11,0.7704918032786885,0.6685032174373867,0.5190217391304348,0.5172413793103448,0.5625,0.32926829268292673
12,0.7704918032786885,0.6685032174373867,0.5190217391304348,0.5172413793103448,0.5625,0.32926829268292673
14,1.0,0.9295160030897801,0.5570652173913043,1.0,1.0,0.8414634146341462
15,1.0,0.9295160030897801,0.5570652173913043,1.0,1.0,0.8414634146341462
17,0.7704918032786885,0.6685032174373867,0.5190217391304348,0.5172413793103448,0.5625,0.32926829268292673
19,0.8545454545454546,0.7506518906054692,0.5353260869565217,0.6521739130434782,0.6923076923076924,0.548780487804878
22,0.7704918032786885,0.6685032174373867,0.5190217391304348,0.5172413793103448,0.5625,0.32926829268292673
23,0.7704918032786885,0.6685032174373867,0.5190217391304348,0.5172413793103448,0.5625,0.32926829268292673
24,0.6714285714285715,0.8258966419340225,0.9782608695652174,0.42857142857142855,0.47368421052631576,0.0
27,0.6714285714285715,0.8258966419340225,0.9782608695652174,0.42857142857142855,0.47368421052631576,0.0
28,0.6714285714285715,0.8258966419340225,0.9782608695652174,0.42857142857142855,0.47368421052631576,0.0
29,0.6714285714285715,0.8258966419340225,0.9782608695652174,0.42857142857142855,0.47368421052631576,0.0
30,0.6714285714285715,0.8258966419340225,0.9782608695652174,0.42857142857142855,0.47368421052631576,0.0
31,0.6714285714285715,0.8258966419340225,0.9782608695652174,0.42857142857142855,0.47368421052631576,0.0
33,0.6714285714285715,0.8258966419340225,0.9782608695652174,0.42857142857142855,0.47368421052631576,0.0
35,0.6714285714285715,0.8258966419340225,0.9782608695652174,0.42857142857142855,0.47368421052631576,0.0
36,0.7164634146341464,0.8017837257372733,0.8369565217391303,0.4807692307692308,0.5263157894736842,0.2682926829268294
38,0.7121212121212122,0.8731282501307986,1.0,0.48387096774193544,0.5294117647058825,0.29268292682926833
39,0.6714285714285715,0.8258966419340225,0.9782608695652174,0.42857142857142855,0.47368421052631576,0.0
41,0.7164634146341464,0.8017837257372733,0.8369565217391303,0.4807692307692308,0.5263157894736842,0.2682926829268294
42,0.7966101694915254,0.8,0.6956521739130435,0.588235294117647,0.631578947368421,0.5365853658536583
44,0.7164634146341464,0.8017837257372733,0.8369565217391303,0.4807692307692308,0.5263157894736842,0.2682926829268294
48,0.7121212121212122,0.8731282501307986,1.0,0.48387096774193544,0.5294117647058825,0.29268292682926833
49,0.7121212121212122,0.8731282501307986,1.0,0.48387096774193544,0.5294117647058825,0.29268292682926833
51,0.8768656716417912,1.0,0.8913043478260869,0.78125,0.8108108108108109,1.0
52,0.8768656716417912,1.0,0.8913043478260869,0.78125,0.8108108108108109,1.0
54,0.7121212121212122,0.8731282501307986,1.0,0.48387096774193544,0.5294117647058825,0.29268292682926833
56,0.7121212121212122,0.8731282501307986,1.0,0.48387096774193544,0.5294117647058825,0.29268292682926833
58,0.7121212121212122,0.8731282501307986,1.0,0.48387096774193544,0.5294117647058825,0.29268292682926833
60,0.6438356164383563,0.5622255427989818,0.4864130434782608,0.3658536585365853,0.40909090909090906,0.10975609756097549
62,0.6438356164383563,0.5622255427989818,0.4864130434782608,0.3658536585365853,0.40909090909090906,0.10975609756097549
66,0.7730263157894737,0.8660254037844387,0.8586956521739131,0.5681818181818181,0.6122448979591837,0.5609756097560975
67,0.7730263157894737,0.8660254037844387,0.8586956521739131,0.5681818181818181,0.6122448979591837,0.5609756097560975
70,0.7164634146341464,0.8017837257372733,0.8369565217391303,0.4807692307692308,0.5263157894736842,0.2682926829268294
71,0.0,0.0,0.0,0.0,0.0,0.1463414634146341
74,0.6714285714285715,0.8258966419340225,0.9782608695652174,0.42857142857142855,0.47368421052631576,0.0
75,0.7704918032786885,0.6685032174373867,0.5190217391304348,0.5172413793103448,0.5625,0.32926829268292673
77,0.5949367088607596,0.5251139693924204,0.4701086956521739,0.3191489361702127,0.36,0.32926829268292673
78,0.6714285714285715,0.8258966419340225,0.9782608695652174,0.42857142857142855,0.47368421052631576,0.0
