2,0.5666666666666667,0.43301270189221924,0.38095238095238093,0.13333333333333333,0.1875,0.0
3,0.5666666666666667,0.43301270189221924,0.38095238095238093,0.13333333333333333,0.1875,0.0
5,0.5666666666666667,0.43301270189221924,0.38095238095238093,0.13333333333333333,0.1875,0.0
6,0.5666666666666667,0.43301270189221924,0.38095238095238093,0.13333333333333333,0.1875,0.0
7,0.5666666666666667,0.43301270189221924,0.38095238095238093,0.13333333333333333,0.1875,0.0
8,0.5666666666666667,0.43301270189221924,0.38095238095238093,0.13333333333333333,0.1875,0.0
10,0.5666666666666667,0.43301270189221924,0.38095238095238093,0.13333333333333333,0.1875,0.0
11,0.5666666666666667,0.43301270189221924,0.38095238095238093,0.13333333333333333,0.1875,0.0
13,0.5666666666666667,0.43301270189221924,0.38095238095238093,0.13333333333333333,0.1875,0.0
15,0.5666666666666667,0.43301270189221924,0.38095238095238093,0.13333333333333333,0.1875,0.0
16,0.5666666666666667,0.43301270189221924,0.38095238095238093,0.13333333333333333,0.1875,0.0
18,0.5666666666666667,0.43301270189221924,0.38095238095238093,0.13333333333333333,0.1875,0.0
20,0.5666666666666667,0.43301270189221924,0.38095238095238093,0.13333333333333333,0.1875,0.0
22,0.5666666666666667,0.43301270189221924,0.38095238095238093,0.13333333333333333,0.1875,0.0
23,0.5666666666666667,0.43301270189221924,0.38095238095238093,0.13333333333333333,0.1875,0.0
24,0.5666666666666667,0.43301270189221924,0.38095238095238093,0.13333333333333333,0.1875,0.0
28,0.9444444444444445,0.8660254037844385,0.9523809523809523,0.6666666666666666,0.75,0.9230769230769231
29,0.9444444444444445,0.8660254037844385,0.9523809523809523,0.6666666666666666,0.75,0.9230769230769231
30,0.9444444444444445,0.8660254037844385,0.9523809523809523,0.6666666666666666,0.75,0.9230769230769231
33,0.5666666666666667,0.43301270189221924,0.38095238095238093,0.13333333333333333,0.1875,0.0
35,1.0,1.0,1.0,1.0,1.0,1.0
36,1.0,1.0,1.0,1.0,1.0,1.0
37,1.0,1.0,1.0,1.0,1.0,1.0
39,0.5666666666666667,0.43301270189221924,0.38095238095238093,0.13333333333333333,0.1875,0.0
41,0.5666666666666667,0.43301270189221924,0.38095238095238093,0.13333333333333333,0.1875,0.0
42,0.5666666666666667,0.43301270189221924,0.38095238095238093,0.13333333333333333,0.1875,0.0
43,0.5666666666666667,0.43301270189221924,0.38095238095238093,0.13333333333333333,0.1875,0.0
45,0.5666666666666667,0.43301270189221924,0.38095238095238093,0.13333333333333333,0.1875,0.0
47,0.5666666666666667,0.43301270189221924,0.38095238095238093,0.13333333333333333,0.1875,0.0
49,0.5666666666666667,0.43301270189221924,0.38095238095238093,0.13333333333333333,0.1875,0.0
50,0.5666666666666667,0.43301270189221924,0.38095238095238093,0.13333333333333333,0.1875,0.0
51,0.5666666666666667,0.43301270189221924,0.38095238095238093,0.13333333333333333,0.1875,0.0
52,0.5666666666666667,0.43301270189221924,0.38095238095238093,0.13333333333333333,0.1875,0.0
53,0.5666666666666667,0.43301270189221924,0.38095238095238093,0.13333333333333333,0.1875,0.0
54,0.5666666666666667,0.43301270189221924,0.38095238095238093,0.13333333333333333,0.1875,0.0
55,0.5666666666666667,0.43301270189221924,0.38095238095238093,0.13333333333333333,0.1875,0.0
57,0.5666666666666667,0.43301270189221924,0.38095238095238093,0.13333333333333333,0.1875,0.0
59,0.5666666666666667,0.43301270189221924,0.38095238095238093,0.13333333333333333,0.1875,0.0
60,0.5666666666666667,0.43301270189221924,0.38095238095238093,0.13333333333333333,0.1875,0.0
61,0.5666666666666667,0.43301270189221924,0.38095238095238093,0.13333333333333333,0.1875,0.0
63,0.5666666666666667,0.43301270189221924,0.38095238095238093,0.13333333333333333,0.1875,0.0
64,0.5666666666666667,0.43301270189221924,0.38095238095238093,0.13333333333333333,0.1875,0.0
66,0.5666666666666667,0.43301270189221924,0.38095238095238093,0.13333333333333333,0.1875,0.0
67,0.5666666666666667,0.43301270189221924,0.38095238095238093,0.13333333333333333,0.1875,0.0
69,0.0,0.0,0.0,0.0,0.0,0.5384615384615384
70,0.0,0.0,0.0,0.0,0.0,0.5384615384615384
72,0.5666666666666667,0.43301270189221924,0.38095238095238093,0.13333333333333333,0.1875,0.0
73,0.5666666666666667,0.43301270189221924,0.38095238095238093,0.13333333333333333,0.1875,0.0
74,0.5666666666666667,0.43301270189221924,0.38095238095238093,0.13333333333333333,0.1875,0.0
75,0.5666666666666667,0.43301270189221924,0.38095238095238093,0.13333333333333333,0.1875,0.0
77,0.7391304347826088,0.5773502691896256,0.7142857142857143,0.25,0.3333333333333333,0.5384615384615384
79,0.0,0.0,0.14285714285714285,0.0,0.0,0.30769230769230765
80,0.0,0.0,0.14285714285714285,0.0,0.0,0.30769230769230765
81,0.0,0.0,0.14285714285714285,0.0,0.0,0.30769230769230765
82,0.0,0.0,0.14285714285714285,0.0,0.0,0.30769230769230765
83,0.0,0.0,0.14285714285714285,0.0,0.0,0.30769230769230765
84,0.0,0.0,0.14285714285714285,0.0,0.0,0.30769230769230765
85,0.0,0.0,0.14285714285714285,0.0,0.0,0.30769230769230765
86,0.0,0.0,0.14285714285714285,0.0,0.0,0.30769230769230765
87,0.0,0.0,0.14285714285714285,0.0,0.0,0.30769230769230765
90,0.7727272727272727,0.6123724356957944,0.7619047619047619,0.2857142857142857,0.375,0.6153846153846153
92,0.5666666666666667,0.43301270189221924,0.38095238095238093,0.13333333333333333,0.1875,0.0
94,0.0,0.0,0.23809523809523808,0.0,0.0,0.15384615384615383
95,0.0,0.0,0.23809523809523808,0.0,0.0,0.15384615384615383
96,0.0,0.0,0.23809523809523808,0.0,0.0,0.15384615384615383
99,0.6071428571428571,0.4629100498862757,0.47619047619047616,0.15384615384615385,0.21428571428571427,0.1538461538461538
100,0.5666666666666667,0.43301270189221924,0.38095238095238093,0.13333333333333333,0.1875,0.0
