9,0.8589743589743589,1.0,1.0,0.9230769230769231,0.9523809523809523,0.0
10,0.8589743589743589,1.0,1.0,0.9230769230769231,0.9523809523809523,0.0
11,0.8589743589743589,1.0,1.0,0.9230769230769231,0.9523809523809523,0.0
13,0.8589743589743589,1.0,1.0,0.9230769230769231,0.9523809523809523,0.0
15,0.8589743589743589,1.0,1.0,0.9230769230769231,0.9523809523809523,0.0
16,0.8589743589743589,1.0,1.0,0.9230769230769231,0.9523809523809523,0.0
17,0.8589743589743589,1.0,1.0,0.9230769230769231,0.9523809523809523,0.0
18,0.8589743589743589,1.0,1.0,0.9230769230769231,0.9523809523809523,0.0
20,0.8589743589743589,1.0,1.0,0.9230769230769231,0.9523809523809523,0.0
23,0.8589743589743589,1.0,1.0,0.9230769230769231,0.9523809523809523,0.0
24,0.8589743589743589,1.0,1.0,0.9230769230769231,0.9523809523809523,0.0
26,0.8589743589743589,1.0,1.0,0.9230769230769231,0.9523809523809523,0.0
28,1.0,0.9532333639533639,0.7777777777777778,1.0,1.0,1.0
29,1.0,0.9532333639533639,0.7777777777777778,1.0,1.0,1.0
31,0.6036036036036035,0.4050462936504913,0.22222222222222224,0.25,0.3571428571428571,1.0
32,0.6036036036036035,0.4050462936504913,0.22222222222222224,0.25,0.3571428571428571,1.0
33,0.6036036036036035,0.4050462936504913,0.22222222222222224,0.25,0.3571428571428571,1.0
35,0.6036036036036035,0.4050462936504913,0.22222222222222224,0.25,0.3571428571428571,1.0
37,0.0,0.0,0.0,0.0,0.0,0.0
40,0.6036036036036035,0.4050462936504913,0.22222222222222224,0.25,0.3571428571428571,1.0
42,0.0,0.0,0.0,0.0,0.0,0.0
47,0.6036036036036035,0.4050462936504913,0.22222222222222224,0.25,0.3571428571428571,1.0
49,0.0,0.0,0.0,0.0,0.0,0.0
54,0.6036036036036035,0.4050462936504913,0.22222222222222224,0.25,0.3571428571428571,1.0
55,0.6036036036036035,0.4050462936504913,0.22222222222222224,0.25,0.3571428571428571,1.0
