3,0.0,0.0,0.0,0.0,0.0,0.0
5,0.0,0.0,0.0,0.0,0.0,0.0
6,0.0,0.0,0.0,0.0,0.0,0.0
7,0.0,0.0,0.0,0.0,0.0,0.0
8,0.0,0.0,0.0,0.0,0.0,0.0
9,0.06354515050167153,0.056494899402363984,0.07692307692307697,0.04977375565610862,0.05054945054945059,0.07692307692307694
10,0.06354515050167153,0.056494899402363984,0.07692307692307697,0.04977375565610862,0.05054945054945059,0.07692307692307694
11,1.0,1.0,1.0,1.0,1.0,1.0
12,0.06354515050167153,0.056494899402363984,0.07692307692307697,0.04977375565610862,0.05054945054945059,0.07692307692307694
13,0.0,0.0,0.0,0.0,0.0,0.0
