3,0.27192982456140363,0.8959169301755795,0.9899999999999999,0.602288329519451,0.6111336854937017,0.0
4,0.27192982456140363,0.8959169301755795,0.9899999999999999,0.602288329519451,0.6111336854937017,0.0
7,0.27192982456140363,0.8959169301755795,0.9899999999999999,0.602288329519451,0.6111336854937017,0.0
8,0.27192982456140363,0.8959169301755795,0.9899999999999999,0.602288329519451,0.6111336854937017,0.0
9,0.27192982456140363,0.8959169301755795,0.9899999999999999,0.602288329519451,0.6111336854937017,0.0
13,0.27192982456140363,0.8959169301755795,0.9899999999999999,0.602288329519451,0.6111336854937017,0.0
14,0.27192982456140363,0.8959169301755795,0.9899999999999999,0.602288329519451,0.6111336854937017,0.0
15,0.3952641165755922,1.0,1.0,0.8438735177865612,0.848695652173913,0.5999999999999999
16,0.06544686840253382,0.05257696438567991,0.35,0.04028132992327358,0.04173913043478277,0.649999999999999
20,0.27192982456140363,0.8959169301755795,0.9899999999999999,0.602288329519451,0.6111336854937017,0.0
21,0.27192982456140363,0.8959169301755795,0.9899999999999999,0.602288329519451,0.6111336854937017,0.0
22,0.27192982456140363,0.8959169301755795,0.9899999999999999,0.602288329519451,0.6111336854937017,0.0
23,0.27192982456140363,0.8959169301755795,0.9899999999999999,0.602288329519451,0.6111336854937017,0.0
24,0.27192982456140363,0.8959169301755795,0.9899999999999999,0.602288329519451,0.6111336854937017,0.0
26,0.27192982456140363,0.8959169301755795,0.9899999999999999,0.602288329519451,0.6111336854937017,0.0
27,1.0,0.0,0.0,1.0,1.0,0.9999999999999996
28,0.27192982456140363,0.8959169301755795,0.9899999999999999,0.602288329519451,0.6111336854937017,0.0
29,0.27192982456140363,0.8959169301755795,0.9899999999999999,0.602288329519451,0.6111336854937017,0.0
32,0.27192982456140363,0.8959169301755795,0.9899999999999999,0.602288329519451,0.6111336854937017,0.0
33,1.0,0.0,0.0,1.0,1.0,0.9999999999999996
34,1.0,0.0,0.0,1.0,1.0,0.9999999999999996
37,0.0,0.16067001211841728,0.4699999999999999,0.0,0.0,1.0
38,0.0,0.16067001211841728,0.4699999999999999,0.0,0.0,1.0
39,0.0,0.16067001211841728,0.4699999999999999,0.0,0.0,1.0
41,0.0,0.16067001211841728,0.4699999999999999,0.0,0.0,1.0
