2,0,1.0,1.0,1.0,1.0,1.0
5,0,1.0,1.0,1.0,1.0,1.0
6,0,1.0,1.0,1.0,1.0,1.0
7,0,1.0,1.0,1.0,1.0,1.0
9,0,1.0,1.0,1.0,1.0,1.0
10,0,1.0,1.0,1.0,1.0,1.0
11,0,0.0,0.0,0.0,0.0,0.0
13,0,1.0,1.0,1.0,1.0,1.0
15,0,1.0,1.0,1.0,1.0,1.0
17,0,1.0,1.0,1.0,1.0,1.0
18,0,0.7038914511123092,0.6666666666666666,0.11419249592169656,0.6666666666666669,0.6666666666666669
19,0,0.9043393147381079,0.8888888888888888,0.4567699836867863,0.888888888888889,0.888888888888889
21,0,1.0,1.0,1.0,1.0,1.0
24,0,0.7038914511123092,0.6666666666666666,0.11419249592169656,0.6666666666666669,0.6666666666666669
26,0,0.4890725115714137,0.4444444444444444,0.045676998368678626,0.44444444444444453,0.44444444444444453
27,0,0.4890725115714137,0.4444444444444444,0.045676998368678626,0.44444444444444453,0.44444444444444453
29,0,1.0,1.0,1.0,1.0,1.0
30,0,1.0,1.0,1.0,1.0,1.0
