3,0.23809523809523814,1.0,1.0,1.0,1.0,0.0
9,0.23809523809523814,1.0,1.0,1.0,1.0,0.0
10,0.23809523809523814,1.0,1.0,1.0,1.0,0.0
11,0.23809523809523814,1.0,1.0,1.0,1.0,0.0
12,0.23809523809523814,1.0,1.0,1.0,1.0,0.0
13,0.23809523809523814,1.0,1.0,1.0,1.0,0.0
14,0.23809523809523814,1.0,1.0,1.0,1.0,0.0
16,0.23809523809523814,1.0,1.0,1.0,1.0,0.0
17,0.23809523809523814,1.0,1.0,1.0,1.0,0.0
18,0.0,0.0,0.41428571428571426,0.0,0.0,1.0
20,1.0,0.13787560920825281,0.0,1.0,1.0,1.0
22,0.23809523809523814,1.0,1.0,1.0,1.0,0.0
