4,0,1.0,1.0,1.0,1.0,1.0
7,0,1.0,1.0,1.0,1.0,1.0
8,0,1.0,1.0,1.0,1.0,1.0
9,0,1.0,1.0,1.0,1.0,1.0
10,0,1.0,1.0,1.0,1.0,1.0
12,0,1.0,1.0,1.0,1.0,1.0
14,0,0.8198331870072539,0.7727272727272727,0.15644171779141106,0.7727272727272726,0.7727272727272726
16,0,0.8572159911165533,0.8181818181818182,0.20705521472392638,0.8181818181818182,0.8181818181818182
18,0,0.8572159911165533,0.8181818181818182,0.20705521472392638,0.8181818181818182,0.8181818181818182
21,0,1.0,1.0,1.0,1.0,1.0
22,0,1.0,1.0,1.0,1.0,1.0
24,0,0.48877954482424385,0.4090909090909091,0.031854648419065594,0.40909090909090906,0.40909090909090906
26,0,0.48877954482424385,0.4090909090909091,0.031854648419065594,0.40909090909090906,0.40909090909090906
28,0,0.2933874227494275,0.22727272727272727,0.013533020570191264,0.2272727272727273,0.2272727272727273
33,0,0.48877954482424385,0.4090909090909091,0.031854648419065594,0.40909090909090906,0.40909090909090906
35,0,0.2933874227494275,0.22727272727272727,0.013533020570191264,0.2272727272727273,0.2272727272727273
37,0,0.2933874227494275,0.22727272727272727,0.013533020570191264,0.2272727272727273,0.2272727272727273
39,0,0.2933874227494275,0.22727272727272727,0.013533020570191264,0.2272727272727273,0.2272727272727273
41,0,0.0,0.0,0.0,0.0,0.0
45,0,0.2933874227494275,0.22727272727272727,0.013533020570191264,0.2272727272727273,0.2272727272727273
49,0,1.0,1.0,1.0,1.0,1.0
