11,0,1.0,1.0,1.0,1.0,1.0
16,0,1.0,1.0,1.0,1.0,1.0
18,0,1.0,1.0,1.0,1.0,1.0
20,0,0.2092769295434655,0.13114754098360656,0.002479708457134254,0.13114754098360656,0.13114754098360656
21,0,0.2092769295434655,0.13114754098360656,0.002479708457134254,0.13114754098360656,0.13114754098360656
23,0,1.0,1.0,1.0,1.0,1.0
25,0,0.0,0.0,0.0,0.0,0.0
26,0,0.0,0.0,0.0,0.0,0.0
29,0,0.896330905615014,0.8524590163934426,0.09491772927586117,0.8524590163934427,0.8524590163934427
30,0,0.896330905615014,0.8524590163934426,0.09491772927586117,0.8524590163934427,0.8524590163934427
32,0,0.33463113228514185,0.22950819672131148,0.004893467221259619,0.22950819672131148,0.22950819672131148
33,0,0.33463113228514185,0.22950819672131148,0.004893467221259619,0.22950819672131148,0.22950819672131148
35,0,0.5896496564884453,0.47540983606557374,0.014887937103966206,0.47540983606557374,0.47540983606557374
37,0,0.030238447461127506,0.01639344262295082,0.00027380114214190713,0.016393442622950824,0.016393442622950824
38,0,0.030238447461127506,0.01639344262295082,0.00027380114214190713,0.016393442622950824,0.016393442622950824
41,0,0.4269933493888949,0.3114754098360656,0.007431745286708909,0.3114754098360656,0.3114754098360656
43,0,0.4269933493888949,0.3114754098360656,0.007431745286708909,0.3114754098360656,0.3114754098360656
