3,0,0.0,0.0,0.0,0.0,0.0
5,0,0.0,0.0,0.0,0.0,0.0
6,0,0.0,0.0,0.0,0.0,0.0
8,0,0.0,0.0,0.0,0.0,0.0
10,0,1.0,1.0,1.0,1.0,1.0
13,0,1.0,1.0,1.0,1.0,1.0
15,0,1.0,1.0,1.0,1.0,1.0
17,0,1.0,1.0,1.0,1.0,1.0
19,0,0.8878261621047484,0.788235294117647,0.04379084967320262,0.788235294117647,0.788235294117647
20,0,0.8878261621047484,0.788235294117647,0.04379084967320262,0.788235294117647,0.788235294117647
23,0,1.0,1.0,1.0,1.0,1.0
24,0,0.46017899330842227,0.21176470588235294,0.003160667251975417,0.21176470588235294,0.21176470588235294
25,0,1.0,1.0,1.0,1.0,1.0
