2,0.7884615384615385,0.9097176522946839,0.9230769230769231,0.6346153846153846,0.6724137931034482,0.0
3,0.7884615384615385,0.9097176522946839,0.9230769230769231,0.6346153846153846,0.6724137931034482,0.0
5,0.7884615384615385,0.9097176522946839,0.9230769230769231,0.6346153846153846,0.6724137931034482,0.0
6,0.7884615384615385,0.9097176522946839,0.9230769230769231,0.6346153846153846,0.6724137931034482,0.0
7,0.7884615384615385,0.9097176522946839,0.9230769230769231,0.6346153846153846,0.6724137931034482,0.0
8,0.7884615384615385,0.9097176522946839,0.9230769230769231,0.6346153846153846,0.6724137931034482,0.0
9,0.7884615384615385,0.9097176522946839,0.9230769230769231,0.6346153846153846,0.6724137931034482,0.0
11,0.7884615384615385,0.9097176522946839,0.9230769230769231,0.6346153846153846,0.6724137931034482,0.0
12,0.7884615384615385,0.9097176522946839,0.9230769230769231,0.6346153846153846,0.6724137931034482,0.0
13,0.872340425531915,1.0,1.0,0.7857142857142857,0.8125,0.6818181818181819
14,1.0,0.9428090415820632,0.7538461538461538,1.0,1.0,1.0
16,0.0,0.0,0.0,0.0,0.0,0.681818181818182
17,0.0,0.0,0.030769230769230767,0.0,0.0,0.40909090909090917
18,0.0,0.0,0.030769230769230767,0.0,0.0,0.40909090909090917
19,0.0,0.0,0.04615384615384615,0.0,0.0,0.2727272727272728
20,0.0,0.0,0.07692307692307691,0.0,0.0,0.0
21,0.0,0.0,0.07692307692307691,0.0,0.0,0.0
24,0.0,0.0,0.04615384615384615,0.0,0.0,0.2727272727272728
25,0.0,0.0,0.061538461538461535,0.0,0.0,0.1363636363636364
27,0.7884615384615385,0.9097176522946839,0.9230769230769231,0.6346153846153846,0.6724137931034482,0.0
