5,0,0,0.0,0,0,1.0
6,0,0,0.0,0,0,1.0
9,0,0,0.0,0,0,1.0
10,0,0,0.0,0,0,1.0
11,0,0,0.8666666666666666,0,0,0.13333333333333328
12,0,0,0.8666666666666666,0,0,0.13333333333333328
14,0,0,0.0,0,0,1.0
15,0,0,0.1333333333333334,0,0,0.8666666666666667
17,0,0,0.8,0,0,0.19999999999999993
18,0,0,0.8,0,0,0.19999999999999993
19,0,0,0.0,0,0,1.0
21,0,0,0.0,0,0,1.0
22,0,0,0.0,0,0,1.0
24,0,0,0.0,0,0,1.0
25,0,0,0.0,0,0,1.0
27,0,0,0.0,0,0,1.0
28,0,0,0.0,0,0,1.0
29,0,0,0.0,0,0,1.0
31,0,0,1.0,0,0,0.0
32,0,0,1.0,0,0,0.0
