3,0.8725490196078433,0.9911892555667041,0.9962406015037594,0.8627450980392157,0.8771929824561403,0.0
4,0.8725490196078433,0.9911892555667041,0.9962406015037594,0.8627450980392157,0.8771929824561403,0.0
5,0.8725490196078433,0.9911892555667041,0.9962406015037594,0.8627450980392157,0.8771929824561403,0.0
6,0.8725490196078433,0.9911892555667041,0.9962406015037594,0.8627450980392157,0.8771929824561403,0.0
7,0.8725490196078433,0.9911892555667041,0.9962406015037594,0.8627450980392157,0.8771929824561403,0.0
8,0.8725490196078433,0.9911892555667041,0.9962406015037594,0.8627450980392157,0.8771929824561403,0.0
9,0.8725490196078433,0.9911892555667041,0.9962406015037594,0.8627450980392157,0.8771929824561403,0.0
12,0.8725490196078433,0.9911892555667041,0.9962406015037594,0.8627450980392157,0.8771929824561403,0.0
13,0.8725490196078433,0.9911892555667041,0.9962406015037594,0.8627450980392157,0.8771929824561403,0.0
15,0.8725490196078433,0.9911892555667041,0.9962406015037594,0.8627450980392157,0.8771929824561403,0.0
17,0.8725490196078433,0.9911892555667041,0.9962406015037594,0.8627450980392157,0.8771929824561403,0.0
19,0.6496350364963503,0.5516772843673704,0.4398496240601505,0.4782608695652174,0.5102040816326531,1.0
20,0.6496350364963503,0.5516772843673704,0.4398496240601505,0.4782608695652174,0.5102040816326531,1.0
21,0.6496350364963503,0.5516772843673704,0.4398496240601505,0.4782608695652174,0.5102040816326531,1.0
27,0.8725490196078433,0.9911892555667041,0.9962406015037594,0.8627450980392157,0.8771929824561403,0.0
29,0.8725490196078433,0.9911892555667041,0.9962406015037594,0.8627450980392157,0.8771929824561403,0.0
30,0.8725490196078433,0.9911892555667041,0.9962406015037594,0.8627450980392157,0.8771929824561403,0.0
32,0.8725490196078433,0.9911892555667041,0.9962406015037594,0.8627450980392157,0.8771929824561403,0.0
34,1.0,0.7977240352174656,0.5300751879699249,1.0,1.0,0.3714285714285714
35,1.0,0.7977240352174656,0.5300751879699249,1.0,1.0,0.3714285714285714
38,0.8811881188118813,1.0,1.0,0.88,0.8928571428571428,0.057142857142857266
41,0.8725490196078433,0.9911892555667041,0.9962406015037594,0.8627450980392157,0.8771929824561403,0.0
43,0.8725490196078433,0.9911892555667041,0.9962406015037594,0.8627450980392157,0.8771929824561403,0.0
45,0.8725490196078433,0.9911892555667041,0.9962406015037594,0.8627450980392157,0.8771929824561403,0.0
47,0.0,0.0,0.0,0.0,0.0,0.22857142857142856
48,0.0,0.0,0.0,0.0,0.0,0.22857142857142856
52,0.8725490196078433,0.9911892555667041,0.9962406015037594,0.8627450980392157,0.8771929824561403,0.0
53,0.8725490196078433,0.9911892555667041,0.9962406015037594,0.8627450980392157,0.8771929824561403,0.0
54,0.0,0.0,0.0,0.0,0.0,0.22857142857142856
58,0.8725490196078433,0.9911892555667041,0.9962406015037594,0.8627450980392157,0.8771929824561403,0.0
59,0.8725490196078433,0.9911892555667041,0.9962406015037594,0.8627450980392157,0.8771929824561403,0.0
61,0.8725490196078433,0.9911892555667041,0.9962406015037594,0.8627450980392157,0.8771929824561403,0.0
62,0.8725490196078433,0.9911892555667041,0.9962406015037594,0.8627450980392157,0.8771929824561403,0.0
