2,0,1.0,1.0,1.0,1.0,1.0
3,0,1.0,1.0,1.0,1.0,1.0
4,0,1.0,1.0,1.0,1.0,1.0
5,0,1.0,1.0,1.0,1.0,1.0
6,0,1.0,1.0,1.0,1.0,1.0
7,0,1.0,1.0,1.0,1.0,1.0
9,0,1.0,1.0,1.0,1.0,1.0
10,0,1.0,1.0,1.0,1.0,1.0
11,0,1.0,1.0,1.0,1.0,1.0
13,0,1.0,1.0,1.0,1.0,1.0
14,0,0.0,0.0,0.0,0.0,0.0
15,0,1.0,1.0,1.0,1.0,1.0
17,0,0.5773502691896257,0.3333333333333333,0.03333333333333333,0.3333333333333333,0.3333333333333333
18,0,0.5773502691896257,0.3333333333333333,0.03333333333333333,0.3333333333333333,0.3333333333333333
19,0,0.5773502691896257,0.3333333333333333,0.03333333333333333,0.3333333333333333,0.3333333333333333
21,0,0.816496580927726,0.6666666666666666,0.13333333333333333,0.6666666666666666,0.6666666666666666
23,0,0.2581988897471611,0.06666666666666667,0.0047619047619047615,0.06666666666666667,0.06666666666666667
24,0,0.2581988897471611,0.06666666666666667,0.0047619047619047615,0.06666666666666667,0.06666666666666667
25,0,0.2581988897471611,0.06666666666666667,0.0047619047619047615,0.06666666666666667,0.06666666666666667
27,0,0.7745966692414834,0.6,0.1,0.6,0.6
29,0,0.5773502691896257,0.3333333333333333,0.03333333333333333,0.3333333333333333,0.3333333333333333
31,0,0.5773502691896257,0.3333333333333333,0.03333333333333333,0.3333333333333333,0.3333333333333333
32,0,0.5773502691896257,0.3333333333333333,0.03333333333333333,0.3333333333333333,0.3333333333333333
33,0,0.5773502691896257,0.3333333333333333,0.03333333333333333,0.3333333333333333,0.3333333333333333
34,0,0.5773502691896257,0.3333333333333333,0.03333333333333333,0.3333333333333333,0.3333333333333333
35,0,0.5773502691896257,0.3333333333333333,0.03333333333333333,0.3333333333333333,0.3333333333333333
36,0,0.5773502691896257,0.3333333333333333,0.03333333333333333,0.3333333333333333,0.3333333333333333
37,0,0.5773502691896257,0.3333333333333333,0.03333333333333333,0.3333333333333333,0.3333333333333333
42,0,0.7745966692414834,0.6,0.1,0.6,0.6
