4,1.0,1.0,1.0,1.0,1.0,1.0
6,1.0,1.0,1.0,1.0,1.0,1.0
7,0.0,0.0,0.04885993485342019,0.0,0.0,0.0
8,1.0,1.0,1.0,1.0,1.0,1.0
9,1.0,1.0,1.0,1.0,1.0,1.0
10,1.0,1.0,1.0,1.0,1.0,1.0
11,1.0,1.0,1.0,1.0,1.0,1.0
13,0.9938398357289528,0.8886997434693865,0.8078175895765471,0.9636363636363636,0.9666666666666666,0.7600000000000003
16,0.8897058823529411,0.8913588210957502,0.9511400651465798,0.7794117647058824,0.7945205479452054,0.0
19,0.8897058823529411,0.8913588210957502,0.9511400651465798,0.7794117647058824,0.7945205479452054,0.0
21,0.8897058823529411,0.8913588210957502,0.9511400651465798,0.7794117647058824,0.7945205479452054,0.0
22,0.8897058823529411,0.8913588210957502,0.9511400651465798,0.7794117647058824,0.7945205479452054,0.0
23,0.8897058823529411,0.8913588210957502,0.9511400651465798,0.7794117647058824,0.7945205479452054,0.0
25,0.0,0.0,0.0,0.0,0.0,1.0
29,1.0,1.0,1.0,1.0,1.0,1.0
30,1.0,1.0,1.0,1.0,1.0,1.0
33,1.0,1.0,1.0,1.0,1.0,1.0
34,1.0,1.0,1.0,1.0,1.0,1.0
35,1.0,1.0,1.0,1.0,1.0,1.0
36,1.0,1.0,1.0,1.0,1.0,1.0
37,1.0,1.0,1.0,1.0,1.0,1.0
38,1.0,1.0,1.0,1.0,1.0,1.0
39,1.0,1.0,1.0,1.0,1.0,1.0
40,1.0,1.0,1.0,1.0,1.0,1.0
41,1.0,1.0,1.0,1.0,1.0,1.0
42,1.0,1.0,1.0,1.0,1.0,1.0
44,0.8897058823529411,0.8913588210957502,0.9511400651465798,0.7794117647058824,0.7945205479452054,0.0
