12,0.3598151904439938,0.6482785873562972,0.9047619047619051,0.4270557029177719,0.4534412955465585,0.0
13,0.3598151904439938,0.6482785873562972,0.9047619047619051,0.4270557029177719,0.4534412955465585,0.0
15,0.3598151904439938,0.6482785873562972,0.9047619047619051,0.4270557029177719,0.4534412955465585,0.0
16,0.0,0.0,0.0,0.0,0.0,0.5740740740740742
17,0.3598151904439938,0.6482785873562972,0.9047619047619051,0.4270557029177719,0.4534412955465585,0.0
18,1.0,0.7875336984836772,0.5714285714285716,0.9267399267399264,0.9336870026525198,0.9629629629629627
19,0.3598151904439938,0.6482785873562972,0.9047619047619051,0.4270557029177719,0.4534412955465585,0.0
20,0.9450729009552543,1.0,1.0,1.0,1.0,1.0
21,0.3598151904439938,0.6482785873562972,0.9047619047619051,0.4270557029177719,0.4534412955465585,0.0
22,0.3598151904439938,0.6482785873562972,0.9047619047619051,0.4270557029177719,0.4534412955465585,0.0
23,0.3598151904439938,0.6482785873562972,0.9047619047619051,0.4270557029177719,0.4534412955465585,0.0
26,0.3598151904439938,0.6482785873562972,0.9047619047619051,0.4270557029177719,0.4534412955465585,0.0
28,0.3598151904439938,0.6482785873562972,0.9047619047619051,0.4270557029177719,0.4534412955465585,0.0
30,0.3598151904439938,0.6482785873562972,0.9047619047619051,0.4270557029177719,0.4534412955465585,0.0
31,0.3598151904439938,0.6482785873562972,0.9047619047619051,0.4270557029177719,0.4534412955465585,0.0
32,0.3598151904439938,0.6482785873562972,0.9047619047619051,0.4270557029177719,0.4534412955465585,0.0
33,0.3598151904439938,0.6482785873562972,0.9047619047619051,0.4270557029177719,0.4534412955465585,0.0
34,0.3598151904439938,0.6482785873562972,0.9047619047619051,0.4270557029177719,0.4534412955465585,0.0
