2,0,1.0,1.0,1.0,1.0,1.0
5,0,1.0,1.0,1.0,1.0,1.0
6,0,1.0,1.0,1.0,1.0,1.0
7,0,1.0,1.0,1.0,1.0,1.0
8,0,1.0,1.0,1.0,1.0,1.0
9,0,1.0,1.0,1.0,1.0,1.0
10,0,1.0,1.0,1.0,1.0,1.0
11,0,1.0,1.0,1.0,1.0,1.0
12,0,0.9483205740410763,0.9375,0.9619952494061758,0.9375000000000001,0.9375000000000001
13,0,0.9483205740410763,0.9375,0.9619952494061758,0.9375000000000001,0.9375000000000001
14,0,0.9483205740410763,0.9375,0.9619952494061758,0.9375000000000001,0.9375000000000001
19,0,1.0,1.0,1.0,1.0,1.0
21,0,0.9483205740410763,0.9375,0.9619952494061758,0.9375000000000001,0.9375000000000001
23,0,1.0,1.0,1.0,1.0,1.0
24,0,1.0,1.0,1.0,1.0,1.0
25,0,0.0,0.0,0.0,0.0,0.0
26,0,0.0,0.0,0.0,0.0,0.0
29,0,1.0,1.0,1.0,1.0,1.0
30,0,0.0,0.0,0.0,0.0,0.0
33,0,0.36358880703962765,0.3125,0.02915137119412654,0.3125,0.3125
38,0,1.0,1.0,1.0,1.0,1.0
