3,0.7953451043338683,1.0,1.0,0.8218298555377207,0.8489795918367348,0.0
6,0.7953451043338683,1.0,1.0,0.8218298555377207,0.8489795918367348,0.0
7,0.7953451043338683,1.0,1.0,0.8218298555377207,0.8489795918367348,0.0
8,0.7947072975140336,0.9347786589906446,0.8758265980896399,0.7999999999999999,0.8297872340425532,0.007843137254902136
9,0.7379002233804914,0.6216859250643181,0.4371785451873622,0.5925925925925926,0.639344262295082,0.38039215686274525
10,0.7379002233804914,0.6216859250643181,0.4371785451873622,0.5925925925925926,0.639344262295082,0.38039215686274525
11,0.7379002233804914,0.6216859250643181,0.4371785451873622,0.5925925925925926,0.639344262295082,0.38039215686274525
12,0.8538686886093401,0.5946284336776463,0.3203526818515797,0.6530612244897959,0.6964285714285714,0.23921568627450987
14,0.8609904430929626,0.7088310138883597,0.44599559147685525,0.7619047619047619,0.7959183673469388,0.3725490196078431
15,0.0,0.0,0.0,0.0,0.0,0.627450980392157
16,0.0,0.0,0.0,0.0,0.0,0.627450980392157
17,0.0,0.0,0.0,0.0,0.0,0.627450980392157
18,0.0,0.0,0.0,0.0,0.0,0.627450980392157
19,0.0,0.0,0.0,0.0,0.0,0.627450980392157
20,0.0,0.0,0.0073475385745775165,0.0,0.0,0.0
22,1.0,0.8184875533567996,0.4533431300514328,1.0,1.0,1.0
23,0.4766714766714767,0.1711632992203644,0.0639235855988244,0.16326530612244897,0.1921182266009852,0.4666666666666667
24,0.4766714766714767,0.1711632992203644,0.0639235855988244,0.16326530612244897,0.1921182266009852,0.4666666666666667
25,0.4766714766714767,0.1711632992203644,0.0639235855988244,0.16326530612244897,0.1921182266009852,0.4666666666666667
26,0.4766714766714767,0.1711632992203644,0.0639235855988244,0.16326530612244897,0.1921182266009852,0.4666666666666667
27,0.4766714766714767,0.1711632992203644,0.0639235855988244,0.16326530612244897,0.1921182266009852,0.4666666666666667
28,0.0,0.0,0.0073475385745775165,0.0,0.0,0.0
30,0.7953451043338683,1.0,1.0,0.8218298555377207,0.8489795918367348,0.0
