3,0.676470588235294,0.8853156407653624,0.9036144578313253,0.5294117647058825,0.5675675675675677,0.0
5,0.676470588235294,0.8853156407653624,0.9036144578313253,0.5294117647058825,0.5675675675675677,0.0
7,0.676470588235294,0.8853156407653624,0.9036144578313253,0.5294117647058825,0.5675675675675677,0.0
8,0.676470588235294,0.8853156407653624,0.9036144578313253,0.5294117647058825,0.5675675675675677,0.0
10,0.7187499999999999,0.9374368665610923,0.9518072289156626,0.6000000000000001,0.6363636363636365,0.5
11,0.7187499999999999,0.9374368665610923,0.9518072289156626,0.6000000000000001,0.6363636363636365,0.5
13,0.7419354838709676,0.9672041516493517,0.9759036144578314,0.6428571428571429,0.6774193548387097,0.75
14,0.7419354838709676,0.9672041516493517,0.9759036144578314,0.6428571428571429,0.6774193548387097,0.75
15,0.7419354838709676,0.9672041516493517,0.9759036144578314,0.6428571428571429,0.6774193548387097,0.75
16,0.7419354838709676,0.9672041516493517,0.9759036144578314,0.6428571428571429,0.6774193548387097,0.75
18,0.7540983606557378,0.9831920802501752,0.9879518072289157,0.6666666666666666,0.7000000000000001,0.875
20,0.7540983606557378,0.9831920802501752,0.9879518072289157,0.6666666666666666,0.7000000000000001,0.875
21,0.7540983606557378,0.9831920802501752,0.9879518072289157,0.6666666666666666,0.7000000000000001,0.875
24,0.676470588235294,0.8853156407653624,0.9036144578313253,0.5294117647058825,0.5675675675675677,0.0
26,0.7187499999999999,0.9374368665610923,0.9518072289156626,0.6000000000000001,0.6363636363636365,0.5
27,0.7187499999999999,0.9374368665610923,0.9518072289156626,0.6000000000000001,0.6363636363636365,0.5
28,0.7187499999999999,0.9374368665610923,0.9518072289156626,0.6000000000000001,0.6363636363636365,0.5
30,0.7666666666666666,1.0,1.0,0.6923076923076924,0.7241379310344828,1.0
31,0.7666666666666666,1.0,1.0,0.6923076923076924,0.7241379310344828,1.0
32,0.7666666666666666,1.0,1.0,0.6923076923076924,0.7241379310344828,1.0
33,0.7666666666666666,1.0,1.0,0.6923076923076924,0.7241379310344828,1.0
36,0.676470588235294,0.8853156407653624,0.9036144578313253,0.5294117647058825,0.5675675675675677,0.0
38,0.7187499999999999,0.9374368665610923,0.9518072289156626,0.6000000000000001,0.6363636363636365,0.5
39,0.7187499999999999,0.9374368665610923,0.9518072289156626,0.6000000000000001,0.6363636363636365,0.5
40,0.7187499999999999,0.9374368665610923,0.9518072289156626,0.6000000000000001,0.6363636363636365,0.5
42,0.7187499999999999,0.7654139963827327,0.6506024096385542,0.5714285714285714,0.6086956521739131,0.33333333333333304
44,0.676470588235294,0.8853156407653624,0.9036144578313253,0.5294117647058825,0.5675675675675677,0.0
46,0.7359999999999999,0.7834262018573375,0.6626506024096386,0.6000000000000001,0.6363636363636365,0.45833333333333304
47,0.7359999999999999,0.7834262018573375,0.6626506024096386,0.6000000000000001,0.6363636363636365,0.45833333333333304
48,1.0,0.8027729719194864,0.42168674698795183,1.0,1.0,0.9166666666666664
50,0.5822784810126582,0.44876373392787544,0.2891566265060241,0.35294117647058826,0.3888888888888889,0.45833333333333326
52,0.676470588235294,0.8853156407653624,0.9036144578313253,0.5294117647058825,0.5675675675675677,0.0
54,0.7540983606557375,0.8027729719194864,0.674698795180723,0.631578947368421,0.6666666666666666,0.583333333333333
55,0.7540983606557375,0.8027729719194864,0.674698795180723,0.631578947368421,0.6666666666666666,0.583333333333333
57,0.676470588235294,0.8853156407653624,0.9036144578313253,0.5294117647058825,0.5675675675675677,0.0
58,0.7187499999999999,0.9374368665610923,0.9518072289156626,0.6000000000000001,0.6363636363636365,0.5
61,0.0,0.0,0.0,0.0,0.0,0.4999999999999999
62,0.0,0.0,0.0,0.0,0.0,0.4999999999999999
64,0.676470588235294,0.8853156407653624,0.9036144578313253,0.5294117647058825,0.5675675675675677,0.0
65,0.676470588235294,0.8853156407653624,0.9036144578313253,0.5294117647058825,0.5675675675675677,0.0
68,0.676470588235294,0.8853156407653624,0.9036144578313253,0.5294117647058825,0.5675675675675677,0.0
