10,0,1.0,1.0,1.0,1.0,1.0
20,0,1.0,1.0,1.0,1.0,1.0
22,0,1.0,1.0,1.0,1.0,1.0
23,0,1.0,1.0,1.0,1.0,1.0
24,0,1.0,1.0,1.0,1.0,1.0
25,0,1.0,1.0,1.0,1.0,1.0
26,0,1.0,1.0,1.0,1.0,1.0
27,0,1.0,1.0,1.0,1.0,1.0
28,0,1.0,1.0,1.0,1.0,1.0
29,0,1.0,1.0,1.0,1.0,1.0
30,0,1.0,1.0,1.0,1.0,1.0
31,0,1.0,1.0,1.0,1.0,1.0
32,0,1.0,1.0,1.0,1.0,1.0
33,0,1.0,1.0,1.0,1.0,1.0
34,0,0.8770580193070293,0.7692307692307693,0.25641025641025644,0.7692307692307693,0.7692307692307693
35,0,0.8770580193070293,0.7692307692307693,0.25641025641025644,0.7692307692307693,0.7692307692307693
37,0,1.0,1.0,1.0,1.0,1.0
38,0,1.0,1.0,1.0,1.0,1.0
41,0,1.0,1.0,1.0,1.0,1.0
42,0,1.0,1.0,1.0,1.0,1.0
43,0,1.0,1.0,1.0,1.0,1.0
46,0,1.0,1.0,1.0,1.0,1.0
47,0,1.0,1.0,1.0,1.0,1.0
48,0,1.0,1.0,1.0,1.0,1.0
49,0,1.0,1.0,1.0,1.0,1.0
50,0,1.0,1.0,1.0,1.0,1.0
52,0,1.0,1.0,1.0,1.0,1.0
53,0,1.0,1.0,1.0,1.0,1.0
54,0,1.0,1.0,1.0,1.0,1.0
56,0,1.0,1.0,1.0,1.0,1.0
57,0,1.0,1.0,1.0,1.0,1.0
58,0,1.0,1.0,1.0,1.0,1.0
62,0,1.0,1.0,1.0,1.0,1.0
63,0,1.0,1.0,1.0,1.0,1.0
64,0,1.0,1.0,1.0,1.0,1.0
65,0,1.0,1.0,1.0,1.0,1.0
66,0,0.0,0.0,0.0,0.0,0.0
68,0,1.0,1.0,1.0,1.0,1.0
69,0,1.0,1.0,1.0,1.0,1.0
70,0,1.0,1.0,1.0,1.0,1.0
71,0,1.0,1.0,1.0,1.0,1.0
72,0,0.8320502943378436,0.6923076923076923,0.17307692307692307,0.6923076923076923,0.6923076923076923
74,0,1.0,1.0,1.0,1.0,1.0
75,0,1.0,1.0,1.0,1.0,1.0
76,0,1.0,1.0,1.0,1.0,1.0
77,0,1.0,1.0,1.0,1.0,1.0
78,0,0.3922322702763681,0.15384615384615385,0.013986013986013986,0.15384615384615385,0.15384615384615385
81,0,1.0,1.0,1.0,1.0,1.0
