4,0.7538461538461537,0.8579691784155835,1.0,0.5384615384615385,0.5714285714285714,0.0
8,0.7538461538461537,0.8579691784155835,1.0,0.5384615384615385,0.5714285714285714,0.0
9,0.7538461538461537,0.8579691784155835,1.0,0.5384615384615385,0.5714285714285714,0.0
10,0.7538461538461537,0.8579691784155835,1.0,0.5384615384615385,0.5714285714285714,0.0
11,0.7538461538461537,0.8579691784155835,1.0,0.5384615384615385,0.5714285714285714,0.0
14,0.8583941605839415,0.9029864978971809,0.8976109215017064,0.7000000000000001,0.7272727272727273,0.5757575757575756
15,0.8583941605839415,0.9029864978971809,0.8976109215017064,0.7000000000000001,0.7272727272727273,0.5757575757575756
16,0.8583941605839415,0.9029864978971809,0.8976109215017064,0.7000000000000001,0.7272727272727273,0.5757575757575756
17,0.8583941605839415,0.9029864978971809,0.8976109215017064,0.7000000000000001,0.7272727272727273,0.5757575757575756
19,0.871111111111111,0.917207632583725,0.9010238907849828,0.7241379310344828,0.75,0.6363636363636362
21,0.9245283018867924,0.8944947025817761,0.7713310580204779,0.813953488372093,0.8333333333333334,0.7272727272727273
22,1.0,0.9841581435226701,0.7849829351535835,1.0,1.0,0.9696969696969698
24,0.9259842519685039,0.981649817214043,0.9146757679180887,0.84,0.8571428571428571,0.8787878787878788
25,0.871111111111111,0.917207632583725,0.9010238907849828,0.7241379310344828,0.75,0.6363636363636362
27,0.8583941605839415,0.9029864978971809,0.8976109215017064,0.7000000000000001,0.7272727272727273,0.5757575757575756
30,0.9407999999999999,1.0,0.9180887372013651,0.875,0.8888888888888888,0.9393939393939391
33,0.0,0.0,0.0,0.0,0.0,1.0
36,0.0,0.0,0.0273037542662116,0.0,0.0,0.5151515151515151
37,0.0,0.0,0.0273037542662116,0.0,0.0,0.5151515151515151
38,0.0,0.0,0.0273037542662116,0.0,0.0,0.5151515151515151
39,0.0,0.0,0.03071672354948805,0.0,0.0,0.45454545454545453
44,0.7538461538461537,0.8579691784155835,1.0,0.5384615384615385,0.5714285714285714,0.0
