4,0.7153846153846154,0.9961174629530395,1.0,0.9423076923076923,0.9624999999999999,0.0
8,0.7153846153846154,0.9961174629530395,1.0,0.9423076923076923,0.9624999999999999,0.0
9,0.7153846153846154,0.9961174629530395,1.0,0.9423076923076923,0.9624999999999999,0.0
10,0.7153846153846154,0.9961174629530395,1.0,0.9423076923076923,0.9624999999999999,0.0
11,0.7153846153846154,0.9961174629530395,1.0,0.9423076923076923,0.9624999999999999,0.0
12,0.7153846153846154,0.9961174629530395,1.0,0.9423076923076923,0.9624999999999999,0.0
13,0.7153846153846154,0.9961174629530395,1.0,0.9423076923076923,0.9624999999999999,0.0
14,0.7153846153846154,0.9961174629530395,1.0,0.9423076923076923,0.9624999999999999,0.0
16,0.7153846153846154,0.9961174629530395,1.0,0.9423076923076923,0.9624999999999999,0.0
18,0.7153846153846154,0.9961174629530395,1.0,0.9423076923076923,0.9624999999999999,0.0
20,0.7153846153846154,0.9961174629530395,1.0,0.9423076923076923,0.9624999999999999,0.0
21,0.7661327231121281,0.9646959613641701,0.8626716604244694,0.984375,0.99,0.4189189189189187
22,0.7469879518072289,1.0,0.9563046192259675,1.0,1.0,0.2972972972972971
23,0.7469879518072289,1.0,0.9563046192259675,1.0,1.0,0.2972972972972971
25,0.7153846153846154,0.9961174629530395,1.0,0.9423076923076923,0.9624999999999999,0.0
26,0.825,0.7926343613351813,0.5305867665418228,0.77,0.8402777777777778,0.5135135135135136
29,0.7153846153846154,0.9961174629530395,1.0,0.9423076923076923,0.9624999999999999,0.0
30,0.6241610738255033,0.44556639433950346,0.23470661672908866,0.3125,0.4166666666666667,0.2567567567567569
31,0.7496221662468514,0.8965048411651539,0.7652933832709113,0.875,0.9166666666666666,0.2567567567567567
32,1.0,0.8660254037844387,0.48938826466916363,0.9210526315789473,0.9482758620689655,1.0
33,0.7153846153846154,0.9961174629530395,1.0,0.9423076923076923,0.9624999999999999,0.0
35,0.42923076923076925,0.27556759606310754,0.13358302122347065,0.16935483870967744,0.2426470588235294,0.7027027027027027
36,0.0,0.0,0.0,0.0,0.0,0.0
37,0.7153846153846154,0.9961174629530395,1.0,0.9423076923076923,0.9624999999999999,0.0
38,0.7153846153846154,0.9961174629530395,1.0,0.9423076923076923,0.9624999999999999,0.0
41,0.0,0.0,0.0,0.0,0.0,0.0
