2,0.4472125435540071,0.863423443194867,1.0,0.3871951219512196,0.45475260416666674,0.0
5,0.4472125435540071,0.863423443194867,1.0,0.3871951219512196,0.45475260416666674,0.0
6,0.4472125435540071,0.863423443194867,1.0,0.3871951219512196,0.45475260416666674,0.0
7,0.4472125435540071,0.863423443194867,1.0,0.3871951219512196,0.45475260416666674,0.0
8,0.4472125435540071,0.863423443194867,1.0,0.3871951219512196,0.45475260416666674,0.0
9,0.4472125435540071,0.863423443194867,1.0,0.3871951219512196,0.45475260416666674,0.0
10,0.502246220302376,0.8369230135623352,0.8602620087336245,0.43750000000000006,0.506578947368421,0.30526315789473674
12,0.2613461538461539,0.35192335737869557,0.32751091703056767,0.1653225806451613,0.20726102941176475,0.6947368421052634
13,0.2613461538461539,0.35192335737869557,0.32751091703056767,0.1653225806451613,0.20726102941176475,0.6947368421052634
14,0.0,0.0,0.0,0.0,0.0,0.8947368421052634
16,0.5623448275862071,0.41306376200985534,0.22270742358078605,0.3035714285714286,0.365234375,0.19999999999999998
19,1.0,1.0,0.42794759825327505,1.0,1.0,1.0
20,0.502246220302376,0.8369230135623352,0.8602620087336245,0.43750000000000006,0.506578947368421,0.30526315789473674
22,0.2176576576576577,0.07970966215123139,0.034934497816593885,0.06250000000000001,0.08088235294117647,0.3052631578947369
23,0.4472125435540071,0.863423443194867,1.0,0.3871951219512196,0.45475260416666674,0.0
