2,0,1.0,1.0,1.0,1.0,1.0
4,0,1.0,1.0,1.0,1.0,1.0
5,0,0.6583123951776999,0.5833333333333334,0.11914893617021279,0.5833333333333334,0.5833333333333334
7,0,0.8027756377319948,0.75,0.2553191489361702,0.75,0.75
9,0,1.0,1.0,1.0,1.0,1.0
14,0,1.0,1.0,1.0,1.0,1.0
15,0,1.0,1.0,1.0,1.0,1.0
16,0,1.0,1.0,1.0,1.0,1.0
17,0,1.0,1.0,1.0,1.0,1.0
18,0,1.0,1.0,1.0,1.0,1.0
19,0,1.0,1.0,1.0,1.0,1.0
20,0,1.0,1.0,1.0,1.0,1.0
21,0,1.0,1.0,1.0,1.0,1.0
23,0,1.0,1.0,1.0,1.0,1.0
25,0,1.0,1.0,1.0,1.0,1.0
27,0,1.0,1.0,1.0,1.0,1.0
29,0,1.0,1.0,1.0,1.0,1.0
30,0,1.0,1.0,1.0,1.0,1.0
31,0,0.4142135623730949,0.3333333333333333,0.04255319148936171,0.3333333333333333,0.3333333333333333
32,0,1.0,1.0,1.0,1.0,1.0
33,0,0.4142135623730949,0.3333333333333333,0.04255319148936171,0.3333333333333333,0.3333333333333333
34,0,1.0,1.0,1.0,1.0,1.0
35,0,0.0,0.0,0.0,0.0,0.0
37,0,0.7320508075688774,0.6666666666666666,0.1702127659574468,0.6666666666666666,0.6666666666666666
38,0,1.0,1.0,1.0,1.0,1.0
39,0,1.0,1.0,1.0,1.0,1.0
