8,0,0.0,0.0,0.0,0.0,0.0
9,0,0.0,0.0,0.0,0.0,0.0
11,0,0.0,0.0,0.0,0.0,0.0
12,0,0.0,0.0,0.0,0.0,0.0
15,0,0.0,0.0,0.0,0.0,0.0
18,0,0.0,0.0,0.0,0.0,0.0
19,0,0.0,0.0,0.0,0.0,0.0
20,0,0.0,0.0,0.0,0.0,0.0
21,0,0.0,0.0,0.0,0.0,0.0
24,0,0.0,0.0,0.0,0.0,0.0
25,0,0.0,0.0,0.0,0.0,0.0
26,0,0.0,0.0,0.0,0.0,0.0
27,0,0.0,0.0,0.0,0.0,0.0
29,0,0.0,0.0,0.0,0.0,0.0
31,0,0.0,0.0,0.0,0.0,0.0
32,0,0.0,0.0,0.0,0.0,0.0
36,0,0.0,0.0,0.0,0.0,0.0
37,0,0.0,0.0,0.0,0.0,0.0
39,0,0.0,0.0,0.0,0.0,0.0
43,0,0.0,0.0,0.0,0.0,0.0
45,0,0.0,0.0,0.0,0.0,0.0
46,0,0.0,0.0,0.0,0.0,0.0
47,0,0.0,0.0,0.0,0.0,0.0
51,0,0.0,0.0,0.0,0.0,0.0
53,0,0.0,0.0,0.0,0.0,0.0
54,0,0.0,0.0,0.0,0.0,0.0
55,0,0.0,0.0,0.0,0.0,0.0
57,0,0.0,0.0,0.0,0.0,0.0
61,0,0.0,0.0,0.0,0.0,0.0
63,0,0.0,0.0,0.0,0.0,0.0
65,0,0.0,0.0,0.0,0.0,0.0
66,0,0.0,0.0,0.0,0.0,0.0
67,0,0.0,0.0,0.0,0.0,0.0
68,0,0.0,0.0,0.0,0.0,0.0
70,0,0.0,0.0,0.0,0.0,0.0
77,0,1.0,1.0,1.0,1.0,1.0
78,0,1.0,1.0,1.0,1.0,1.0
80,0,1.0,1.0,1.0,1.0,1.0
81,0,1.0,1.0,1.0,1.0,1.0
82,0,1.0,1.0,1.0,1.0,1.0
84,0,0.6497862896539309,0.4222222222222222,0.016239316239316237,0.4222222222222222,0.4222222222222222
85,0,0.6497862896539309,0.4222222222222222,0.016239316239316237,0.4222222222222222,0.4222222222222222
87,0,0.7601169500660919,0.5777777777777777,0.0304093567251462,0.5777777777777777,0.5777777777777777
89,0,0.7601169500660919,0.5777777777777777,0.0304093567251462,0.5777777777777777,0.5777777777777777
91,0,0.7601169500660919,0.5777777777777777,0.0304093567251462,0.5777777777777777,0.5777777777777777
92,0,0.7601169500660919,0.5777777777777777,0.0304093567251462,0.5777777777777777,0.5777777777777777
95,0,0.7601169500660919,0.5777777777777777,0.0304093567251462,0.5777777777777777,0.5777777777777777
96,0,0.699205898780101,0.4888888888888889,0.021256038647342997,0.4888888888888889,0.4888888888888889
98,0,0.29814239699997197,0.08888888888888889,0.002168021680216802,0.08888888888888889,0.08888888888888889
99,0,0.0,0.0,0.0,0.0,0.0
102,0,0.29814239699997197,0.08888888888888889,0.002168021680216802,0.08888888888888889,0.08888888888888889
103,0,0.7601169500660919,0.5777777777777777,0.0304093567251462,0.5777777777777777,0.5777777777777777
