14,0.6896614488532947,0.9127202773715622,0.9874999999999999,0.7999999999999999,0.8400000000000002,0.7058823529411765
17,0.6896614488532947,0.9127202773715622,0.9874999999999999,0.7999999999999999,0.8400000000000002,0.7058823529411765
18,0.6896614488532947,0.9127202773715622,0.9874999999999999,0.7999999999999999,0.8400000000000002,0.7058823529411765
19,0.6896614488532947,0.9127202773715622,0.9874999999999999,0.7999999999999999,0.8400000000000002,0.7058823529411765
20,0.6896614488532947,0.9127202773715622,0.9874999999999999,0.7999999999999999,0.8400000000000002,0.7058823529411765
21,0.6896614488532947,0.9127202773715622,0.9874999999999999,0.7999999999999999,0.8400000000000002,0.7058823529411765
24,0.21628271685052947,0.7282556759566396,0.9562499999999998,0.45217391304347826,0.5200000000000001,0.0
28,0.21628271685052947,0.7282556759566396,0.9562499999999998,0.45217391304347826,0.5200000000000001,0.0
29,0.5658201881587318,0.0,0.0,0.0,0.0,0.22352941176470603
30,0.5658201881587318,0.0,0.0,0.0,0.0,0.22352941176470603
31,0.5658201881587318,0.0,0.0,0.0,0.0,0.22352941176470603
32,0.3927238805970144,0.7969947924440717,0.9687499999999999,0.5714285714285714,0.6363636363636365,0.2823529411764708
33,0.0,0.11992073224552707,0.2562499999999999,0.03999999999999999,0.05185185185185178,0.22352941176470584
34,0.6896614488532947,0.9127202773715622,0.9874999999999999,0.7999999999999999,0.8400000000000002,0.7058823529411765
35,0.9129991070289578,1.0,1.0,1.0,1.0,0.9882352941176473
36,0.9129991070289578,1.0,1.0,1.0,1.0,0.9882352941176473
38,1.0,0.9230601118236421,0.8624999999999998,0.9599999999999999,0.9692307692307693,1.0
39,1.0,0.9230601118236421,0.8624999999999998,0.9599999999999999,0.9692307692307693,1.0
42,0.4870993867869954,0.8337565811982548,0.9749999999999999,0.64,0.7000000000000001,0.42352941176470604
45,0.21628271685052947,0.7282556759566396,0.9562499999999998,0.45217391304347826,0.5200000000000001,0.0
50,0.21628271685052947,0.7282556759566396,0.9562499999999998,0.45217391304347826,0.5200000000000001,0.0
52,0.21628271685052947,0.7282556759566396,0.9562499999999998,0.45217391304347826,0.5200000000000001,0.0
54,0.21628271685052947,0.7282556759566396,0.9562499999999998,0.45217391304347826,0.5200000000000001,0.0
55,0.21628271685052947,0.7282556759566396,0.9562499999999998,0.45217391304347826,0.5200000000000001,0.0
56,0.21628271685052947,0.7282556759566396,0.9562499999999998,0.45217391304347826,0.5200000000000001,0.0
58,0.21628271685052947,0.7282556759566396,0.9562499999999998,0.45217391304347826,0.5200000000000001,0.0
59,0.2332333963370918,0.5336929543778668,0.68125,0.3428571428571428,0.4064516129032258,0.023529411764705993
60,0.2332333963370918,0.5336929543778668,0.68125,0.3428571428571428,0.4064516129032258,0.023529411764705993
61,0.2332333963370918,0.5336929543778668,0.68125,0.3428571428571428,0.4064516129032258,0.023529411764705993
62,0.2332333963370918,0.5336929543778668,0.68125,0.3428571428571428,0.4064516129032258,0.023529411764705993
63,0.2332333963370918,0.5336929543778668,0.68125,0.3428571428571428,0.4064516129032258,0.023529411764705993
66,0.21628271685052947,0.7282556759566396,0.9562499999999998,0.45217391304347826,0.5200000000000001,0.0
68,0.21628271685052947,0.7282556759566396,0.9562499999999998,0.45217391304347826,0.5200000000000001,0.0
69,0.21628271685052947,0.7282556759566396,0.9562499999999998,0.45217391304347826,0.5200000000000001,0.0
70,0.21628271685052947,0.7282556759566396,0.9562499999999998,0.45217391304347826,0.5200000000000001,0.0
72,0.21628271685052947,0.7282556759566396,0.9562499999999998,0.45217391304347826,0.5200000000000001,0.0
74,0.21628271685052947,0.7282556759566396,0.9562499999999998,0.45217391304347826,0.5200000000000001,0.0
