8,0.7395833333333334,0.8888194417315589,0.9382352941176471,0.5208333333333333,0.54,0.0
11,0.7395833333333334,0.8888194417315589,0.9382352941176471,0.5208333333333333,0.54,0.0
13,0.7395833333333334,0.8888194417315589,0.9382352941176471,0.5208333333333333,0.54,0.0
14,0.7395833333333334,0.8888194417315589,0.9382352941176471,0.5208333333333333,0.54,0.0
16,0.7395833333333334,0.8888194417315589,0.9382352941176471,0.5208333333333333,0.54,0.0
17,0.8304093567251462,1.0,1.0,0.6666666666666667,0.6835443037974683,0.7777777777777778
20,0.7395833333333334,0.8888194417315589,0.9382352941176471,0.5208333333333333,0.54,0.0
21,0.7395833333333334,0.8888194417315589,0.9382352941176471,0.5208333333333333,0.54,0.0
22,0.7395833333333334,0.8888194417315589,0.9382352941176471,0.5208333333333333,0.54,0.0
23,0.8304093567251462,1.0,1.0,0.6666666666666667,0.6835443037974683,0.7777777777777778
24,0.8304093567251462,1.0,1.0,0.6666666666666667,0.6835443037974683,0.7777777777777778
25,0.8304093567251462,1.0,1.0,0.6666666666666667,0.6835443037974683,0.7777777777777778
27,0.7395833333333334,0.8888194417315589,0.9382352941176471,0.5208333333333333,0.54,0.0
28,0.7395833333333334,0.8888194417315589,0.9382352941176471,0.5208333333333333,0.54,0.0
29,0.7395833333333334,0.8888194417315589,0.9382352941176471,0.5208333333333333,0.54,0.0
30,0.0,0.0,0.01764705882352941,0.0,0.0,0.7777777777777778
32,0.7395833333333334,0.8888194417315589,0.9382352941176471,0.5208333333333333,0.54,0.0
34,0.8304093567251462,1.0,1.0,0.6666666666666667,0.6835443037974683,0.7777777777777778
37,0.7395833333333334,0.8888194417315589,0.9382352941176471,0.5208333333333333,0.54,0.0
40,0.7395833333333334,0.8888194417315589,0.9382352941176471,0.5208333333333333,0.54,0.0
41,0.7395833333333334,0.8888194417315589,0.9382352941176471,0.5208333333333333,0.54,0.0
42,0.7395833333333334,0.8888194417315589,0.9382352941176471,0.5208333333333333,0.54,0.0
43,0.7395833333333334,0.8888194417315589,0.9382352941176471,0.5208333333333333,0.54,0.0
44,0.7395833333333334,0.8888194417315589,0.9382352941176471,0.5208333333333333,0.54,0.0
45,0.0,0.0,0.020588235294117654,0.0,0.0,0.7407407407407408
46,0.0,0.0,0.020588235294117654,0.0,0.0,0.7407407407407408
47,0.0,0.0,0.020588235294117654,0.0,0.0,0.7407407407407408
49,0.7395833333333334,0.8888194417315589,0.9382352941176471,0.5208333333333333,0.54,0.0
50,1.0,0.8888194417315589,0.5823529411764705,1.0,1.0,0.9259259259259258
51,1.0,0.8888194417315589,0.5823529411764705,1.0,1.0,0.9259259259259258
52,1.0,0.8888194417315589,0.5823529411764705,1.0,1.0,0.9259259259259258
54,0.7395833333333334,0.8888194417315589,0.9382352941176471,0.5208333333333333,0.54,0.0
55,0.9594594594594595,0.8398554297360604,0.5735294117647058,0.8928571428571428,0.9,0.8148148148148149
56,0.9594594594594595,0.8398554297360604,0.5735294117647058,0.8928571428571428,0.9,0.8148148148148149
57,0.9594594594594595,0.8398554297360604,0.5735294117647058,0.8928571428571428,0.9,0.8148148148148149
59,0.7395833333333334,0.8888194417315589,0.9382352941176471,0.5208333333333333,0.54,0.0
60,0.0,0.0,0.0,0.0,0.0,1.0
61,0.0,0.0,0.0,0.0,0.0,1.0
62,0.0,0.0,0.0,0.0,0.0,1.0
66,0.7395833333333334,0.8888194417315589,0.9382352941176471,0.5208333333333333,0.54,0.0
67,0.7395833333333334,0.8888194417315589,0.9382352941176471,0.5208333333333333,0.54,0.0
68,0.7395833333333334,0.8888194417315589,0.9382352941176471,0.5208333333333333,0.54,0.0
