19,0,1.0,1.0,1.0,1.0,1.0
22,0,1.0,1.0,1.0,1.0,1.0
25,0,1.0,1.0,1.0,1.0,1.0
28,0,1.0,1.0,1.0,1.0,1.0
48,0,1.0,1.0,1.0,1.0,1.0
60,0,1.0,1.0,1.0,1.0,1.0
61,0,1.0,1.0,1.0,1.0,1.0
62,0,1.0,1.0,1.0,1.0,1.0
63,0,1.0,1.0,1.0,1.0,1.0
65,0,1.0,1.0,1.0,1.0,1.0
66,0,1.0,1.0,1.0,1.0,1.0
67,0,1.0,1.0,1.0,1.0,1.0
68,0,0.548198058814659,0.5,0.180327868852459,0.5000000000000001,0.5000000000000001
69,0,0.548198058814659,0.5,0.180327868852459,0.5000000000000001,0.5000000000000001
70,0,0.548198058814659,0.5,0.180327868852459,0.5000000000000001,0.5000000000000001
71,0,0.37914094723267916,0.3333333333333333,0.09016393442622951,0.33333333333333337,0.33333333333333337
72,0,0.37914094723267916,0.3333333333333333,0.09016393442622951,0.33333333333333337,0.33333333333333337
76,0,1.0,1.0,1.0,1.0,1.0
77,0,1.0,1.0,1.0,1.0,1.0
78,0,1.0,1.0,1.0,1.0,1.0
79,0,0.548198058814659,0.5,0.180327868852459,0.5000000000000001,0.5000000000000001
80,0,0.548198058814659,0.5,0.180327868852459,0.5000000000000001,0.5000000000000001
81,0,0.548198058814659,0.5,0.180327868852459,0.5000000000000001,0.5000000000000001
82,0,0.37914094723267916,0.3333333333333333,0.09016393442622951,0.33333333333333337,0.33333333333333337
83,0,0.37914094723267916,0.3333333333333333,0.09016393442622951,0.33333333333333337,0.33333333333333337
87,0,1.0,1.0,1.0,1.0,1.0
89,0,1.0,1.0,1.0,1.0,1.0
91,0,0.19751091543199323,0.16666666666666666,0.0360655737704918,0.16666666666666663,0.16666666666666663
95,0,0.0,0.0,0.0,0.0,0.0
100,0,1.0,1.0,1.0,1.0,1.0
104,0,1.0,1.0,1.0,1.0,1.0
