4,0.4342857142857143,1.0,1.0,0.8695652173913041,0.9130434782608697,0.0
8,0.4342857142857143,1.0,1.0,0.8695652173913041,0.9130434782608697,0.0
9,0.4342857142857143,1.0,1.0,0.8695652173913041,0.9130434782608697,0.0
10,0.4342857142857143,1.0,1.0,0.8695652173913041,0.9130434782608697,0.0
11,0.4342857142857143,1.0,1.0,0.8695652173913041,0.9130434782608697,0.0
13,0.0,0.0,0.0,0.0,0.0,0.8888888888888886
15,0.0,0.0,0.0,0.0,0.0,0.8888888888888886
18,0.6333333333333334,0.9690874892829985,0.8214285714285714,1.0,1.0,0.8888888888888891
20,1.0,0.6939976905650509,0.35714285714285715,0.5434782608695652,0.6521739130434783,1.0
22,1.0,0.6939976905650509,0.35714285714285715,0.5434782608695652,0.6521739130434783,1.0
27,0.39310344827586224,0.4181019314993081,0.2857142857142857,0.28985507246376807,0.391304347826087,0.11111111111111092
28,0.39310344827586224,0.4181019314993081,0.2857142857142857,0.28985507246376807,0.391304347826087,0.11111111111111092
29,0.39310344827586224,0.4181019314993081,0.2857142857142857,0.28985507246376807,0.391304347826087,0.11111111111111092
30,0.39310344827586224,0.4181019314993081,0.2857142857142857,0.28985507246376807,0.391304347826087,0.11111111111111092
31,0.39310344827586224,0.4181019314993081,0.2857142857142857,0.28985507246376807,0.391304347826087,0.11111111111111092
33,0.2235294117647059,0.08199307169515305,0.03571428571428571,0.03623188405797101,0.0559006211180124,0.3333333333333332
35,0.39310344827586224,0.4181019314993081,0.2857142857142857,0.28985507246376807,0.391304347826087,0.11111111111111092
37,0.2235294117647059,0.08199307169515305,0.03571428571428571,0.03623188405797101,0.0559006211180124,0.3333333333333332
40,0.4342857142857143,1.0,1.0,0.8695652173913041,0.9130434782608697,0.0
42,0.4342857142857143,1.0,1.0,0.8695652173913041,0.9130434782608697,0.0
44,0.4342857142857143,1.0,1.0,0.8695652173913041,0.9130434782608697,0.0
