4,0,1.0,1.0,1.0,1.0,1.0
7,0,1.0,1.0,1.0,1.0,1.0
9,0,1.0,1.0,1.0,1.0,1.0
10,0,1.0,1.0,1.0,1.0,1.0
11,0,1.0,1.0,1.0,1.0,1.0
12,0,1.0,1.0,1.0,1.0,1.0
13,0,1.0,1.0,1.0,1.0,1.0
14,0,0.20888603123763796,0.17647058823529413,0.012949039264828738,0.17647058823529407,0.17647058823529407
15,0,0.20888603123763796,0.17647058823529413,0.012949039264828738,0.17647058823529407,0.17647058823529407
16,0,0.20888603123763796,0.17647058823529413,0.012949039264828738,0.17647058823529407,0.17647058823529407
17,0,0.20888603123763796,0.17647058823529413,0.012949039264828738,0.17647058823529407,0.17647058823529407
21,0,0.20888603123763796,0.17647058823529413,0.012949039264828738,0.17647058823529407,0.17647058823529407
24,0,0.0,0.0,0.0,0.0,0.0
25,0,0.0,0.0,0.0,0.0,0.0
26,0,0.0,0.0,0.0,0.0,0.0
27,0,0.0,0.0,0.0,0.0,0.0
31,0,0.0,0.0,0.0,0.0,0.0
33,0,1.0,1.0,1.0,1.0,1.0
