2,0.0,1.0,1.0,1.0,1.0,0.0
6,0.0,1.0,1.0,1.0,1.0,0.0
7,0.0,1.0,1.0,1.0,1.0,0.0
8,0.0,1.0,1.0,1.0,1.0,0.0
11,1.0,0.0,0.0,0.0,0.0,1.0
12,1.0,0.0,0.0,0.0,0.0,1.0
13,1.0,0.0,0.0,0.0,0.0,1.0
15,1.0,0.0,0.0,0.0,0.0,1.0
17,0.0,1.0,1.0,1.0,1.0,0.0
21,0.0,1.0,1.0,1.0,1.0,0.0
25,0.0,1.0,1.0,1.0,1.0,0.0
26,0.0,1.0,1.0,1.0,1.0,0.0
27,0.0,1.0,1.0,1.0,1.0,0.0
29,0.0,1.0,1.0,1.0,1.0,0.0
30,0.0,1.0,1.0,1.0,1.0,0.0
31,0.0,1.0,1.0,1.0,1.0,0.0
34,0.0,1.0,1.0,1.0,1.0,0.0
35,0.0,1.0,1.0,1.0,1.0,0.0
36,0.0,1.0,1.0,1.0,1.0,0.0
