3,0,1.0,1.0,1.0,1.0,1.0
5,0,1.0,1.0,1.0,1.0,1.0
6,0,1.0,1.0,1.0,1.0,1.0
7,0,1.0,1.0,1.0,1.0,1.0
8,0,1.0,1.0,1.0,1.0,1.0
10,0,1.0,1.0,1.0,1.0,1.0
11,0,1.0,1.0,1.0,1.0,1.0
12,0,1.0,1.0,1.0,1.0,1.0
14,0,1.0,1.0,1.0,1.0,1.0
15,0,1.0,1.0,1.0,1.0,1.0
16,0,0.8205278253548683,0.7111111111111111,0.05472729300665502,0.711111111111111,0.711111111111111
18,0,0.9611071212677978,0.9333333333333333,0.31126147897535045,0.9333333333333333,0.9333333333333333
19,0,0.8354680395175647,0.7333333333333333,0.06114064765587241,0.7333333333333333,0.7333333333333333
21,0,0.8053594767304193,0.6888888888888889,0.049230131878754406,0.6888888888888889,0.6888888888888889
22,0,0.8053594767304193,0.6888888888888889,0.049230131878754406,0.6888888888888889,0.6888888888888889
25,0,1.0,1.0,1.0,1.0,1.0
26,0,0.5188219988750179,0.3333333333333333,0.011116481391976801,0.3333333333333333,0.3333333333333333
27,0,0.5188219988750179,0.3333333333333333,0.011116481391976801,0.3333333333333333,0.3333333333333333
29,0,0.7742943740875515,0.6444444444444445,0.040297245045915905,0.6444444444444445,0.6444444444444445
30,0,0.1266013544203187,0.044444444444444446,0.0010340912922769117,0.04444444444444444,0.04444444444444444
31,0,0.1266013544203187,0.044444444444444446,0.0010340912922769117,0.04444444444444444,0.04444444444444444
33,0,0.7256853958443015,0.5777777777777777,0.03042405433593651,0.5777777777777778,0.5777777777777778
34,0,0.1266013544203187,0.044444444444444446,0.0010340912922769117,0.04444444444444444,0.04444444444444444
35,0,0.1266013544203187,0.044444444444444446,0.0010340912922769117,0.04444444444444444,0.04444444444444444
37,0,0.6742921100914087,0.5111111111111111,0.02324355200140604,0.5111111111111111,0.5111111111111111
38,0,0.1266013544203187,0.044444444444444446,0.0010340912922769117,0.04444444444444444,0.04444444444444444
39,0,0.1266013544203187,0.044444444444444446,0.0010340912922769117,0.04444444444444444,0.04444444444444444
42,0,0.6195730277260151,0.4444444444444444,0.01778637022716288,0.4444444444444444,0.4444444444444444
43,0,0.2846173282859041,0.13333333333333333,0.0034204558129159388,0.13333333333333336,0.13333333333333336
44,0,0.07163436946385036,0.022222222222222223,0.0005052946087262183,0.02222222222222222,0.02222222222222222
45,0,0.07163436946385036,0.022222222222222223,0.0005052946087262183,0.02222222222222222,0.02222222222222222
47,0,0.21376641961061382,0.08888888888888889,0.0021690695398979124,0.08888888888888888,0.08888888888888888
48,0,0.0,0.0,0.0,0.0,0.0
49,0,0.0,0.0,0.0,0.0,0.0
51,0,0.17294066629167265,0.06666666666666667,0.0015880687702824,0.06666666666666667,0.06666666666666667
52,0,0.07163436946385036,0.022222222222222223,0.0005052946087262183,0.02222222222222222,0.02222222222222222
53,0,0.07163436946385036,0.022222222222222223,0.0005052946087262183,0.02222222222222222,0.02222222222222222
55,0,0.07163436946385036,0.022222222222222223,0.0005052946087262183,0.02222222222222222,0.02222222222222222
56,0,0.07163436946385036,0.022222222222222223,0.0005052946087262183,0.02222222222222222,0.02222222222222222
57,0,0.07163436946385036,0.022222222222222223,0.0005052946087262183,0.02222222222222222,0.02222222222222222
61,0,0.4741440552121714,0.28888888888888886,0.009032141130981152,0.2888888888888889,0.2888888888888889
62,0,0.250675721899868,0.1111111111111111,0.0027791203479942002,0.1111111111111111,0.1111111111111111
63,0,0.0,0.0,0.0,0.0,0.0
64,0,0.0,0.0,0.0,0.0,0.0
66,0,0.21376641961061382,0.08888888888888889,0.0021690695398979124,0.08888888888888888,0.08888888888888888
67,0,0.07163436946385036,0.022222222222222223,0.0005052946087262183,0.02222222222222222,0.02222222222222222
68,0,0.07163436946385036,0.022222222222222223,0.0005052946087262183,0.02222222222222222,0.02222222222222222
70,0,0.1266013544203187,0.044444444444444446,0.0010340912922769117,0.04444444444444444,0.04444444444444444
71,0,0.0,0.0,0.0,0.0,0.0
72,0,0.0,0.0,0.0,0.0,0.0
74,0,0.07163436946385036,0.022222222222222223,0.0005052946087262183,0.02222222222222222,0.02222222222222222
75,0,0.07163436946385036,0.022222222222222223,0.0005052946087262183,0.02222222222222222,0.02222222222222222
76,0,0.07163436946385036,0.022222222222222223,0.0005052946087262183,0.02222222222222222,0.02222222222222222
79,0,0.31620940521937335,0.15555555555555556,0.004095545775991452,0.15555555555555556,0.15555555555555556
80,0,0.31620940521937335,0.15555555555555556,0.004095545775991452,0.15555555555555556,0.15555555555555556
81,0,0.17294066629167265,0.06666666666666667,0.0015880687702824,0.06666666666666667,0.06666666666666667
82,0,0.17294066629167265,0.06666666666666667,0.0015880687702824,0.06666666666666667,0.06666666666666667
84,0,0.17294066629167265,0.06666666666666667,0.0015880687702824,0.06666666666666667,0.06666666666666667
85,0,0.0,0.0,0.0,0.0,0.0
86,0,0.0,0.0,0.0,0.0,0.0
88,0,0.1266013544203187,0.044444444444444446,0.0010340912922769117,0.04444444444444444,0.04444444444444444
89,0,0.07163436946385036,0.022222222222222223,0.0005052946087262183,0.02222222222222222,0.02222222222222222
90,0,0.07163436946385036,0.022222222222222223,0.0005052946087262183,0.02222222222222222,0.02222222222222222
92,0,0.0,0.0,0.0,0.0,0.0
93,0,0.0,0.0,0.0,0.0,0.0
94,0,0.0,0.0,0.0,0.0,0.0
