2,0.9179687500000003,1.0,1.0,1.0,1.0,0.0
4,0.9179687500000003,1.0,1.0,1.0,1.0,0.0
6,0.9179687500000003,1.0,1.0,1.0,1.0,0.0
8,0.9179687500000003,1.0,1.0,1.0,1.0,0.0
13,0.9179687500000003,1.0,1.0,1.0,1.0,0.0
14,0.9179687500000003,1.0,1.0,1.0,1.0,0.0
15,0.9179687500000003,1.0,1.0,1.0,1.0,0.0
16,0.9179687500000003,1.0,1.0,1.0,1.0,0.0
17,0.9179687500000003,1.0,1.0,1.0,1.0,0.0
18,0.9179687500000003,1.0,1.0,1.0,1.0,0.0
19,0.0,0.0,0.0,0.0,0.0,1.0
20,1.0,0.36167323981784744,0.17977528089887637,0.903529411764706,0.9063180827886708,0.06666666666666661
21,1.0,0.36167323981784744,0.17977528089887637,0.903529411764706,0.9063180827886708,0.06666666666666661
22,1.0,0.36167323981784744,0.17977528089887637,0.903529411764706,0.9063180827886708,0.06666666666666661
23,1.0,0.36167323981784744,0.17977528089887637,0.903529411764706,0.9063180827886708,0.06666666666666661
30,0.9179687500000003,1.0,1.0,1.0,1.0,0.0
31,0.8392857142857141,0.29936808597850484,0.15730337078651693,0.7320261437908496,0.738336713995943,0.06666666666666679
33,0.9179687500000003,1.0,1.0,1.0,1.0,0.0
