2,0.6325,0.9527832949196173,1.0,0.678095238095238,0.7739130434782611,0.0
5,0.6325,0.9527832949196173,1.0,0.678095238095238,0.7739130434782611,0.0
7,0.6325,0.9527832949196173,1.0,0.678095238095238,0.7739130434782611,0.0
8,0.6325,0.9527832949196173,1.0,0.678095238095238,0.7739130434782611,0.0
9,0.6325,0.9527832949196173,1.0,0.678095238095238,0.7739130434782611,0.0
10,0.6325,0.9527832949196173,1.0,0.678095238095238,0.7739130434782611,0.0
11,0.35384615384615375,0.09012388935337623,0.02912621359223301,0.03428571428571429,0.05454545454545457,0.21428571428571433
14,0.6865671641791044,0.9068444402284247,0.8737864077669902,0.6857142857142856,0.7800000000000001,0.21428571428571416
16,0.6741379310344828,0.6115421773096319,0.4563106796116505,0.42597402597402595,0.5466666666666667,0.09523809523809522
17,0.6741379310344828,0.6115421773096319,0.4563106796116505,0.42597402597402595,0.5466666666666667,0.09523809523809522
18,0.6741379310344828,0.6115421773096319,0.4563106796116505,0.42597402597402595,0.5466666666666667,0.09523809523809522
20,0.6865671641791044,0.9068444402284247,0.8737864077669902,0.6857142857142856,0.7800000000000001,0.21428571428571416
21,0.6865671641791044,0.9068444402284247,0.8737864077669902,0.6857142857142856,0.7800000000000001,0.21428571428571416
22,0.6865671641791044,0.9068444402284247,0.8737864077669902,0.6857142857142856,0.7800000000000001,0.21428571428571416
23,0.6865671641791044,0.9068444402284247,0.8737864077669902,0.6857142857142856,0.7800000000000001,0.21428571428571416
24,0.6865671641791044,0.9068444402284247,0.8737864077669902,0.6857142857142856,0.7800000000000001,0.21428571428571416
25,0.6865671641791044,0.9068444402284247,0.8737864077669902,0.6857142857142856,0.7800000000000001,0.21428571428571416
26,0.6865671641791044,0.9068444402284247,0.8737864077669902,0.6857142857142856,0.7800000000000001,0.21428571428571416
27,0.6865671641791044,0.9068444402284247,0.8737864077669902,0.6857142857142856,0.7800000000000001,0.21428571428571416
28,1.0,1.0,0.7766990291262136,1.0,1.0,1.0
30,0.0,0.0,0.0,0.0,0.0,0.7857142857142858
32,0.6325,0.9527832949196173,1.0,0.678095238095238,0.7739130434782611,0.0
