10,0.6938775510204082,0.6324555320336759,0.48275862068965514,0.3877551020408163,0.39999999999999997,0.0
11,0.6938775510204082,0.6324555320336759,0.48275862068965514,0.3877551020408163,0.39999999999999997,0.0
12,0.8,0.7352146220938077,0.7068965517241379,0.5277777777777778,0.5405405405405406,0.43333333333333324
14,0.9577464788732394,0.9325048082403138,0.9482758620689655,0.8636363636363638,0.8695652173913043,0.8999999999999999
16,0.9577464788732394,0.9325048082403138,0.9482758620689655,0.8636363636363638,0.8695652173913043,0.8999999999999999
17,1.0,1.0,1.0,1.0,1.0,1.0
18,1.0,1.0,1.0,1.0,1.0,1.0
19,1.0,1.0,1.0,1.0,1.0,1.0
20,1.0,1.0,1.0,1.0,1.0,1.0
25,0.6938775510204082,0.6324555320336759,0.48275862068965514,0.3877551020408163,0.39999999999999997,0.0
30,0.6938775510204082,0.6324555320336759,0.48275862068965514,0.3877551020408163,0.39999999999999997,0.0
31,0.6938775510204082,0.6324555320336759,0.48275862068965514,0.3877551020408163,0.39999999999999997,0.0
32,0.6938775510204082,0.6324555320336759,0.48275862068965514,0.3877551020408163,0.39999999999999997,0.0
33,0.8,0.7352146220938077,0.7068965517241379,0.5277777777777778,0.5405405405405406,0.43333333333333324
34,0.8,0.7352146220938077,0.7068965517241379,0.5277777777777778,0.5405405405405406,0.43333333333333324
37,0.6938775510204082,0.6324555320336759,0.48275862068965514,0.3877551020408163,0.39999999999999997,0.0
38,0.6938775510204082,0.6324555320336759,0.48275862068965514,0.3877551020408163,0.39999999999999997,0.0
39,0.6938775510204082,0.6324555320336759,0.48275862068965514,0.3877551020408163,0.39999999999999997,0.0
40,0.6938775510204082,0.6324555320336759,0.48275862068965514,0.3877551020408163,0.39999999999999997,0.0
42,0.6938775510204082,0.6324555320336759,0.48275862068965514,0.3877551020408163,0.39999999999999997,0.0
43,0.6938775510204082,0.6324555320336759,0.48275862068965514,0.3877551020408163,0.39999999999999997,0.0
44,0.6938775510204082,0.6324555320336759,0.48275862068965514,0.3877551020408163,0.39999999999999997,0.0
45,0.6938775510204082,0.6324555320336759,0.48275862068965514,0.3877551020408163,0.39999999999999997,0.0
47,0.6938775510204082,0.6324555320336759,0.48275862068965514,0.3877551020408163,0.39999999999999997,0.0
48,0.0,0.0,0.0,0.0,0.0,0.8999999999999999
50,0.9577464788732394,0.9325048082403138,0.9482758620689655,0.8636363636363638,0.8695652173913043,0.8999999999999999
51,0.9577464788732394,0.9325048082403138,0.9482758620689655,0.8636363636363638,0.8695652173913043,0.8999999999999999
53,0.6938775510204082,0.6324555320336759,0.48275862068965514,0.3877551020408163,0.39999999999999997,0.0
55,0.6938775510204082,0.6324555320336759,0.48275862068965514,0.3877551020408163,0.39999999999999997,0.0
