3,0,1.0,1.0,1.0,1.0,1.0
6,0,1.0,1.0,1.0,1.0,1.0
7,0,1.0,1.0,1.0,1.0,1.0
8,0,1.0,1.0,1.0,1.0,1.0
10,0,0.0668539821265196,0.043478260869565216,0.0019942236281116766,0.04347826086956523,0.04347826086956523
12,0,1.0,1.0,1.0,1.0,1.0
14,0,0.0,0.0,0.0,0.0,0.0
16,0,0.799251187238597,0.7391304347826086,0.12430660615229451,0.7391304347826088,0.7391304347826088
18,0,0.18752424745565793,0.13043478260869565,0.006580937972768533,0.13043478260869568,0.13043478260869568
22,0,0.44016030918472365,0.34782608695652173,0.02339889056984367,0.34782608695652173,0.34782608695652173
24,0,1.0,1.0,1.0,1.0,1.0
