7,0.16883116883116991,0.5956308605673314,0.9272727272727276,0.2857142857142859,0.2982456140350873,0.0
10,0.16883116883116991,0.5956308605673314,0.9272727272727276,0.2857142857142859,0.2982456140350873,0.0
11,0.16883116883116991,0.5956308605673314,0.9272727272727276,0.2857142857142859,0.2982456140350873,0.0
13,0.36528925619834696,0.6905457029656833,0.9454545454545452,0.4444444444444442,0.4594594594594597,0.2499999999999998
14,0.780445969125215,0.892437435379244,0.9818181818181815,0.8000000000000002,0.809523809523809,0.7499999999999994
16,0.16883116883116991,0.5956308605673314,0.9272727272727276,0.2857142857142859,0.2982456140350873,0.0
18,0.16883116883116991,0.5956308605673314,0.9272727272727276,0.2857142857142859,0.2982456140350873,0.0
19,0.16883116883116991,0.5956308605673314,0.9272727272727276,0.2857142857142859,0.2982456140350873,0.0
21,0.16883116883116991,0.5956308605673314,0.9272727272727276,0.2857142857142859,0.2982456140350873,0.0
23,0.16883116883116991,0.5956308605673314,0.9272727272727276,0.2857142857142859,0.2982456140350873,0.0
25,0.36528925619834696,0.6905457029656833,0.9454545454545452,0.4444444444444442,0.4594594594594597,0.2499999999999998
26,0.0,0.15567284171739473,0.4363636363636367,0.0,0.0,0.2
28,0.780445969125215,0.892437435379244,0.9818181818181815,0.8000000000000002,0.809523809523809,0.7499999999999994
31,0.16883116883116991,0.5956308605673314,0.9272727272727276,0.2857142857142859,0.2982456140350873,0.0
32,0.16883116883116991,0.5956308605673314,0.9272727272727276,0.2857142857142859,0.2982456140350873,0.0
33,0.16883116883116991,0.5956308605673314,0.9272727272727276,0.2857142857142859,0.2982456140350873,0.0
35,0.16883116883116991,0.5956308605673314,0.9272727272727276,0.2857142857142859,0.2982456140350873,0.0
37,0.36528925619834696,0.6905457029656833,0.9454545454545452,0.4444444444444442,0.4594594594594597,0.2499999999999998
39,0.36528925619834696,0.6905457029656833,0.9454545454545452,0.4444444444444442,0.4594594594594597,0.2499999999999998
40,0.780445969125215,0.892437435379244,0.9818181818181815,0.8000000000000002,0.809523809523809,0.7499999999999994
44,1.0,1.0,1.0,1.0,1.0,1.0
45,0.5173858399664857,0.0,0.0,0.1739130434782609,0.182795698924731,0.3500000000000002
47,0.36528925619834696,0.6905457029656833,0.9454545454545452,0.4444444444444442,0.4594594594594597,0.2499999999999998
49,0.16883116883116991,0.5956308605673314,0.9272727272727276,0.2857142857142859,0.2982456140350873,0.0
51,0.36528925619834696,0.6905457029656833,0.9454545454545452,0.4444444444444442,0.4594594594594597,0.2499999999999998
52,0.780445969125215,0.892437435379244,0.9818181818181815,0.8000000000000002,0.809523809523809,0.7499999999999994
53,0.36528925619834696,0.6905457029656833,0.9454545454545452,0.4444444444444442,0.4594594594594597,0.2499999999999998
56,0.16883116883116991,0.5956308605673314,0.9272727272727276,0.2857142857142859,0.2982456140350873,0.0
57,0.16883116883116991,0.5956308605673314,0.9272727272727276,0.2857142857142859,0.2982456140350873,0.0
