3,0.4940476190476191,1.0,1.0,0.8863636363636364,0.8973607038123167,0.0
7,0.4940476190476191,1.0,1.0,0.8863636363636364,0.8973607038123167,0.0
8,0.4940476190476191,1.0,1.0,0.8863636363636364,0.8973607038123167,0.0
9,0.4940476190476191,1.0,1.0,0.8863636363636364,0.8973607038123167,0.0
10,0.4940476190476191,1.0,1.0,0.8863636363636364,0.8973607038123167,0.0
11,0.4940476190476191,1.0,1.0,0.8863636363636364,0.8973607038123167,0.0
13,0.0,0.0,0.0,0.0,0.0,1.0
15,0.0,0.0,0.0,0.0,0.0,1.0
17,0.0,0.0,0.0,0.0,0.0,1.0
19,0.0,0.0,0.0,0.0,0.0,1.0
26,1.0,0.6446725797507566,0.32222222222222224,1.0,1.0,0.9999999999999993
28,1.0,0.6446725797507566,0.32222222222222224,1.0,1.0,0.9999999999999993
30,1.0,0.6446725797507566,0.32222222222222224,1.0,1.0,0.9999999999999993
32,1.0,0.6446725797507566,0.32222222222222224,1.0,1.0,0.9999999999999993
37,0.4940476190476191,1.0,1.0,0.8863636363636364,0.8973607038123167,0.0
