3,0.7307692307692307,1.0,1.0,1.0,1.0,0.0
5,0.7307692307692307,1.0,1.0,1.0,1.0,0.0
6,0.7307692307692307,1.0,1.0,1.0,1.0,0.0
7,0.7307692307692307,1.0,1.0,1.0,1.0,0.0
8,0.7307692307692307,1.0,1.0,1.0,1.0,0.0
10,0.7307692307692307,1.0,1.0,1.0,1.0,0.0
11,0.7307692307692307,1.0,1.0,1.0,1.0,0.0
12,0.7307692307692307,1.0,1.0,1.0,1.0,0.0
13,1.0,0.4639803635691685,0.18518518518518517,0.13541666666666666,0.27192982456140347,0.29166666666666663
14,0.6934306569343066,0.8929306260178661,0.831275720164609,0.7222222222222222,0.861111111111111,0.2916666666666667
15,0.0,0.0,0.0,0.0,0.0,1.0
16,0.8407079646017699,0.9674659364361369,0.8477366255144033,0.9848484848484848,0.9935897435897434,0.7083333333333333
17,0.76,0.41499665326629104,0.1810699588477366,0.12745098039215688,0.2583333333333333,0.04166666666666661
19,0.8636363636363635,0.87488976377909,0.6831275720164609,0.7222222222222222,0.861111111111111,0.6666666666666664
20,0.7307692307692307,1.0,1.0,1.0,1.0,0.0
