2,0.0,0.8637306112655058,0.9726027397260271,0.2869440459110504,0.2875082617316587,0.0
5,0.0,0.8637306112655058,0.9726027397260271,0.2869440459110504,0.2875082617316587,0.0
6,0.0,0.8637306112655058,0.9726027397260271,0.2869440459110504,0.2875082617316587,0.0
7,0.0,0.8637306112655058,0.9726027397260271,0.2869440459110504,0.2875082617316587,0.0
8,0.0,0.8637306112655058,0.9726027397260271,0.2869440459110504,0.2875082617316587,0.0
9,1.0,1.0,1.0,1.0,1.0,1.0
10,0.1649694501018259,0.0,0.0,0.0,0.0,0.14285714285714154
12,0.0,0.8637306112655058,0.9726027397260271,0.2869440459110504,0.2875082617316587,0.0
13,0.0,0.8637306112655058,0.9726027397260271,0.2869440459110504,0.2875082617316587,0.0
14,0.0,0.8637306112655058,0.9726027397260271,0.2869440459110504,0.2875082617316587,0.0
16,0.0,0.8637306112655058,0.9726027397260271,0.2869440459110504,0.2875082617316587,0.0
