2,0.75,1.0,1.0,1.0,1.0,0.0
4,0.75,1.0,1.0,1.0,1.0,0.0
5,0.75,1.0,1.0,1.0,1.0,0.0
6,0.75,1.0,1.0,1.0,1.0,0.0
7,0.7058823529411765,0.753778361444409,0.6244939271255061,0.7843137254901961,0.8196721311475409,0.4166666666666667
8,0.75,1.0,1.0,1.0,1.0,0.0
9,0.75,1.0,1.0,1.0,1.0,0.0
10,1.0,0.6454972243679029,0.26720647773279355,0.8,0.8333333333333333,0.6666666666666666
12,0.6923076923076924,0.8134892168199607,0.7449392712550607,0.8,0.8333333333333333,0.6666666666666666
13,0.0,0.0,0.0,0.0,0.0,1.0
15,0.782608695652174,0.8964214570007953,0.757085020242915,1.0,1.0,0.3333333333333333
17,0.782608695652174,0.8964214570007953,0.757085020242915,1.0,1.0,0.3333333333333333
18,0.782608695652174,0.8964214570007953,0.757085020242915,1.0,1.0,0.3333333333333333
20,0.782608695652174,0.8964214570007953,0.757085020242915,1.0,1.0,0.3333333333333333
21,0.782608695652174,0.8964214570007953,0.757085020242915,1.0,1.0,0.3333333333333333
22,0.782608695652174,0.8964214570007953,0.757085020242915,1.0,1.0,0.3333333333333333
23,0.782608695652174,0.8964214570007953,0.757085020242915,1.0,1.0,0.3333333333333333
25,0.782608695652174,0.8964214570007953,0.757085020242915,1.0,1.0,0.3333333333333333
27,0.75,1.0,1.0,1.0,1.0,0.0
