3,0.5589517625231911,0.6811702305617955,0.8559322033898304,0.4310119410790552,0.44784157759549253,0.0
5,0.5589517625231911,0.6811702305617955,0.8559322033898304,0.4310119410790552,0.44784157759549253,0.0
6,0.5589517625231911,0.6811702305617955,0.8559322033898304,0.4310119410790552,0.44784157759549253,0.0
7,0.5589517625231911,0.6811702305617955,0.8559322033898304,0.4310119410790552,0.44784157759549253,0.0
8,0.5589517625231911,0.6811702305617955,0.8559322033898304,0.4310119410790552,0.44784157759549253,0.0
10,0.5589517625231911,0.6811702305617955,0.8559322033898304,0.4310119410790552,0.44784157759549253,0.0
12,0.5589517625231911,0.6811702305617955,0.8559322033898304,0.4310119410790552,0.44784157759549253,0.0
13,0.9104529616724738,0.959234387935035,0.9872881355932204,0.9159614823460752,0.9210738255033558,0.9117647058823529
15,0.5589517625231911,0.6811702305617955,0.8559322033898304,0.4310119410790552,0.44784157759549253,0.0
16,0.4983141082519965,0.35335556088744163,0.3432203389830509,0.3410616229408176,0.3565800992121389,0.10294117647058813
18,0.5589517625231911,0.6811702305617955,0.8559322033898304,0.4310119410790552,0.44784157759549253,0.0
19,0.0,0.0,0.0,0.0,0.0,0.7573529411764705
21,0.6353718199608611,0.7355719841704657,0.8898305084745763,0.5144441202217682,0.5314884618920659,0.23529411764705888
22,0.9541071428571427,1.0,1.0,1.0,1.0,1.0
24,0.5589517625231911,0.6811702305617955,0.8559322033898304,0.4310119410790552,0.44784157759549253,0.0
25,1.0,0.35335556088744163,0.1483050847457627,0.7769747031491999,0.7885906040268457,0.2720588235294118
27,0.45553965073003155,0.48421538074654863,0.5677966101694915,0.32254243979470987,0.3376500614424804,0.27205882352941163
28,0.5589517625231911,0.6811702305617955,0.8559322033898304,0.4310119410790552,0.44784157759549253,0.0
