9,0.8456790123456789,0.8359396992145375,0.7844827586206897,0.691358024691358,0.6987951807228916,0.0
10,0.8456790123456789,0.8359396992145375,0.7844827586206897,0.691358024691358,0.6987951807228916,0.0
11,0.8456790123456789,0.8359396992145375,0.7844827586206897,0.691358024691358,0.6987951807228916,0.0
12,0.8456790123456789,0.8359396992145375,0.7844827586206897,0.691358024691358,0.6987951807228916,0.0
13,0.8456790123456789,0.8359396992145375,0.7844827586206897,0.691358024691358,0.6987951807228916,0.0
14,0.8456790123456789,0.8359396992145375,0.7844827586206897,0.691358024691358,0.6987951807228916,0.0
15,0.8456790123456789,0.8359396992145375,0.7844827586206897,0.691358024691358,0.6987951807228916,0.0
16,0.8456790123456789,0.8359396992145375,0.7844827586206897,0.691358024691358,0.6987951807228916,0.0
17,0.0,0.0,0.0,0.0,0.0,0.31999999999999995
19,0.8896103896103895,0.879393730551528,0.8534482758620692,0.7671232876712328,0.7733333333333334,0.31999999999999995
20,1.0,1.0,1.0,1.0,1.0,1.0
21,1.0,1.0,1.0,1.0,1.0,1.0
23,0.8896103896103895,0.879393730551528,0.8534482758620692,0.7671232876712328,0.7733333333333334,0.31999999999999995
24,0.8896103896103895,0.879393730551528,0.8534482758620692,0.7671232876712328,0.7733333333333334,0.31999999999999995
26,0.8456790123456789,0.8359396992145375,0.7844827586206897,0.691358024691358,0.6987951807228916,0.0
