2,0.04838709677419362,1.0,1.0,1.0,1.0,0.0
5,0.04838709677419362,1.0,1.0,1.0,1.0,0.0
6,0.04838709677419362,1.0,1.0,1.0,1.0,0.0
7,0.04838709677419362,1.0,1.0,1.0,1.0,0.0
9,0.04838709677419362,1.0,1.0,1.0,1.0,0.0
10,0.0,0.9197892938855281,0.8899082568807339,0.44586728754365546,0.8917345750873108,1.0
12,0.032786885245901704,0.7063831473092081,0.6055045871559633,0.13996597116503984,0.6248985783328042,0.22222222222222196
13,0.04838709677419362,1.0,1.0,1.0,1.0,0.0
14,1.0,0.0,0.0,0.0,0.0,0.9999999999999997
15,0.04838709677419362,1.0,1.0,1.0,1.0,0.0
