18,0,0.8179831881487875,0.8,0.42622950819672134,0.8000000000000002,0.8000000000000002
20,0,0.8179831881487875,0.8,0.42622950819672134,0.8000000000000002,0.8000000000000002
23,0,1.0,1.0,1.0,1.0,1.0
27,0,1.0,1.0,1.0,1.0,1.0
28,0,1.0,1.0,1.0,1.0,1.0
31,0,0.8179831881487875,0.8,0.42622950819672134,0.8000000000000002,0.8000000000000002
32,0,0.5300867616548062,0.5,0.10655737704918034,0.5,0.5
35,0,0.8179831881487875,0.8,0.42622950819672134,0.8000000000000002,0.8000000000000002
36,0,0.0,0.0,0.0,0.0,0.0
41,0,0.8179831881487875,0.8,0.42622950819672134,0.8000000000000002,0.8000000000000002
44,0,0.8179831881487875,0.8,0.42622950819672134,0.8000000000000002,0.8000000000000002
46,0,0.8179831881487875,0.8,0.42622950819672134,0.8000000000000002,0.8000000000000002
47,0,0.8179831881487875,0.8,0.42622950819672134,0.8000000000000002,0.8000000000000002
48,0,0.8179831881487875,0.8,0.42622950819672134,0.8000000000000002,0.8000000000000002
51,0,1.0,1.0,1.0,1.0,1.0
55,0,1.0,1.0,1.0,1.0,1.0
57,0,1.0,1.0,1.0,1.0,1.0
58,0,1.0,1.0,1.0,1.0,1.0
60,0,1.0,1.0,1.0,1.0,1.0
61,0,1.0,1.0,1.0,1.0,1.0
63,0,1.0,1.0,1.0,1.0,1.0
65,0,0.8179831881487875,0.8,0.42622950819672134,0.8000000000000002,0.8000000000000002
67,0,0.8179831881487875,0.8,0.42622950819672134,0.8000000000000002,0.8000000000000002
68,0,0.8179831881487875,0.8,0.42622950819672134,0.8000000000000002,0.8000000000000002
71,0,1.0,1.0,1.0,1.0,1.0
73,0,1.0,1.0,1.0,1.0,1.0
