4,0,1.0,1.0,1.0,1.0,1.0
9,0,1.0,1.0,1.0,1.0,1.0
10,0,1.0,1.0,1.0,1.0,1.0
11,0,1.0,1.0,1.0,1.0,1.0
13,0,1.0,1.0,1.0,1.0,1.0
14,0,1.0,1.0,1.0,1.0,1.0
15,0,0.6582494232416766,0.5,0.031279620853080566,0.5,0.5
17,0,0.9627366531165921,0.9375,0.46919431279620855,0.9375000000000001,0.9375000000000001
20,0,0.6323027481129403,0.46875,0.0275996654586005,0.46875000000000006,0.46875000000000006
21,0,0.2605230596758403,0.125,0.004468517264725796,0.125,0.125
22,0,0.2605230596758403,0.125,0.004468517264725796,0.125,0.125
25,0,0.2605230596758403,0.125,0.004468517264725796,0.125,0.125
28,0,0.6323027481129403,0.46875,0.0275996654586005,0.46875000000000006,0.46875000000000006
29,0,0.2107675827043134,0.09375,0.0032358228468704034,0.09375,0.09375
32,0,0.2107675827043134,0.09375,0.0032358228468704034,0.09375,0.09375
34,0,0.6323027481129403,0.46875,0.0275996654586005,0.46875000000000006,0.46875000000000006
35,0,0.2107675827043134,0.09375,0.0032358228468704034,0.09375,0.09375
38,0,0.2107675827043134,0.09375,0.0032358228468704034,0.09375,0.09375
39,0,0.6323027481129403,0.46875,0.0275996654586005,0.46875000000000006,0.46875000000000006
40,0,0.6323027481129403,0.46875,0.0275996654586005,0.46875000000000006,0.46875000000000006
42,0,0.6323027481129403,0.46875,0.0275996654586005,0.46875000000000006,0.46875000000000006
44,0,0.5491657439416856,0.375,0.018767772511848343,0.375,0.375
45,0,0.5491657439416856,0.375,0.018767772511848343,0.375,0.375
46,0,0.5491657439416856,0.375,0.018767772511848343,0.375,0.375
49,0,0.15429257912803274,0.0625,0.002085308056872038,0.0625,0.0625
50,0,0.0,0.0,0.0,0.0,0.0
51,0,0.15429257912803274,0.0625,0.002085308056872038,0.0625,0.0625
52,0,0.08730279126471954,0.03125,0.001009020027518728,0.03125,0.03125
53,0,0.15429257912803274,0.0625,0.002085308056872038,0.0625,0.0625
54,0,0.08730279126471954,0.03125,0.001009020027518728,0.03125,0.03125
55,0,0.15429257912803274,0.0625,0.002085308056872038,0.0625,0.0625
