2,0.8333333333333333,0.9607689228305227,0.9523809523809523,0.75,0.7692307692307693,0.0
5,0.8333333333333333,0.9607689228305227,0.9523809523809523,0.75,0.7692307692307693,0.0
6,0.8333333333333333,0.9607689228305227,0.9523809523809523,0.75,0.7692307692307693,0.0
7,0.7142857142857142,0.5940885257860045,0.5476190476190476,0.5294117647058824,0.5555555555555555,0.28571428571428564
8,0.7142857142857142,0.5940885257860045,0.5476190476190476,0.5294117647058824,0.5555555555555555,0.28571428571428564
10,0.8333333333333333,0.9607689228305227,0.9523809523809523,0.75,0.7692307692307693,0.0
11,1.0,0.816496580927726,0.738095238095238,1.0,1.0,0.28571428571428575
12,1.0,0.816496580927726,0.738095238095238,1.0,1.0,0.28571428571428575
14,0.8333333333333333,0.9607689228305227,0.9523809523809523,0.75,0.7692307692307693,0.0
16,0.8333333333333333,0.9607689228305227,0.9523809523809523,0.75,0.7692307692307693,0.0
17,0.0,0.0,0.0,0.0,0.0,1.0
20,0.8333333333333333,0.9607689228305227,0.9523809523809523,0.75,0.7692307692307693,0.0
21,0.8695652173913042,1.0,1.0,0.8181818181818182,0.8333333333333333,0.1428571428571429
23,0.8333333333333333,0.9607689228305227,0.9523809523809523,0.75,0.7692307692307693,0.0
24,0.8333333333333333,0.9607689228305227,0.9523809523809523,0.75,0.7692307692307693,0.0
26,0.8333333333333333,0.9607689228305227,0.9523809523809523,0.75,0.7692307692307693,0.0
27,0.9090909090909088,0.7385489458759962,0.6904761904761905,0.8181818181818182,0.8333333333333333,0.14285714285714282
29,0.8333333333333333,0.9607689228305227,0.9523809523809523,0.75,0.7692307692307693,0.0
30,0.7692307692307689,0.6324555320336758,0.5952380952380952,0.6,0.625,0.1428571428571429
33,0.8333333333333333,0.9607689228305227,0.9523809523809523,0.75,0.7692307692307693,0.0
