8,0.5135265605296343,1.0,1.0,0.6017736486486486,0.6402246402246403,0.0
9,0.5135265605296343,1.0,1.0,0.6017736486486486,0.6402246402246403,0.0
10,0.5135265605296343,1.0,1.0,0.6017736486486486,0.6402246402246403,0.0
11,0.5135265605296343,1.0,1.0,0.6017736486486486,0.6402246402246403,0.0
12,0.5135265605296343,1.0,1.0,0.6017736486486486,0.6402246402246403,0.0
14,0.5135265605296343,1.0,1.0,0.6017736486486486,0.6402246402246403,0.0
15,0.5135265605296343,1.0,1.0,0.6017736486486486,0.6402246402246403,0.0
16,0.38320287500615374,0.576142889500849,0.5362537764350453,0.36212683271506796,0.40067185829897695,0.38222222222222213
17,0.0,0.07552418068214756,0.15709969788519643,0.0,0.0,1.0
19,0.8213387473106879,0.5516944252409373,0.28549848942598194,0.5855855855855856,0.6246246246246246,0.4400000000000001
22,0.5135265605296343,1.0,1.0,0.6017736486486486,0.6402246402246403,0.0
23,0.5135265605296343,1.0,1.0,0.6017736486486486,0.6402246402246403,0.0
24,0.5135265605296343,1.0,1.0,0.6017736486486486,0.6402246402246403,0.0
25,0.5135265605296343,1.0,1.0,0.6017736486486486,0.6402246402246403,0.0
26,0.5135265605296343,1.0,1.0,0.6017736486486486,0.6402246402246403,0.0
28,0.5135265605296343,1.0,1.0,0.6017736486486486,0.6402246402246403,0.0
29,0.5135265605296343,1.0,1.0,0.6017736486486486,0.6402246402246403,0.0
30,0.5135265605296343,1.0,1.0,0.6017736486486486,0.6402246402246403,0.0
31,0.5135265605296343,1.0,1.0,0.6017736486486486,0.6402246402246403,0.0
32,0.2884054398290809,0.5878639082604757,0.6163141993957704,0.30151118860796283,0.33701306940743564,0.7911111111111112
33,0.1539654408506868,0.22420749177534768,0.2537764350453173,0.11261261261261259,0.13001236530648294,0.7733333333333333
35,0.3248997125619885,0.388752874197853,0.3534743202416919,0.25593775593775586,0.2882882882882883,0.43111111111111106
38,0.5135265605296343,1.0,1.0,0.6017736486486486,0.6402246402246403,0.0
39,0.5135265605296343,1.0,1.0,0.6017736486486486,0.6402246402246403,0.0
40,0.5135265605296343,1.0,1.0,0.6017736486486486,0.6402246402246403,0.0
42,0.5135265605296343,1.0,1.0,0.6017736486486486,0.6402246402246403,0.0
44,0.5135265605296343,1.0,1.0,0.6017736486486486,0.6402246402246403,0.0
45,0.4204222370092553,0.0,0.0,0.0204750204750205,0.024024024024023982,0.06666666666666664
46,0.4204222370092553,0.0,0.0,0.0204750204750205,0.024024024024023982,0.06666666666666664
48,0.5316394619467361,0.8851003954911661,0.8202416918429002,0.5855855855855856,0.6246246246246246,0.06666666666666664
49,0.5316394619467361,0.8851003954911661,0.8202416918429002,0.5855855855855856,0.6246246246246246,0.06666666666666664
50,0.5316394619467361,0.8851003954911661,0.8202416918429002,0.5855855855855856,0.6246246246246246,0.06666666666666664
51,0.5994724981053808,0.7887614464114033,0.6435045317220545,0.6091318591318591,0.6472887982321944,0.24888888888888885
56,0.5316394619467361,0.8851003954911661,0.8202416918429002,0.5855855855855856,0.6246246246246246,0.06666666666666664
57,0.5316394619467361,0.8851003954911661,0.8202416918429002,0.5855855855855856,0.6246246246246246,0.06666666666666664
58,0.5316394619467361,0.8851003954911661,0.8202416918429002,0.5855855855855856,0.6246246246246246,0.06666666666666664
59,1.0,0.8827405724357347,0.47885196374622363,1.0,1.0,0.8933333333333333
64,0.5316394619467361,0.8851003954911661,0.8202416918429002,0.5855855855855856,0.6246246246246246,0.06666666666666664
65,0.5316394619467361,0.8851003954911661,0.8202416918429002,0.5855855855855856,0.6246246246246246,0.06666666666666664
67,0.5316394619467361,0.8851003954911661,0.8202416918429002,0.5855855855855856,0.6246246246246246,0.06666666666666664
68,0.5316394619467361,0.8851003954911661,0.8202416918429002,0.5855855855855856,0.6246246246246246,0.06666666666666664
69,0.5316394619467361,0.8851003954911661,0.8202416918429002,0.5855855855855856,0.6246246246246246,0.06666666666666664
70,0.5316394619467361,0.8851003954911661,0.8202416918429002,0.5855855855855856,0.6246246246246246,0.06666666666666664
72,0.5316394619467361,0.8851003954911661,0.8202416918429002,0.5855855855855856,0.6246246246246246,0.06666666666666664
73,0.6875353306953081,0.678166135768719,0.4652567975830816,0.6160572337042924,0.6539222148978248,0.37333333333333324
75,0.5248664579112177,0.5810568814466427,0.45619335347432033,0.456081081081081,0.4968372627947096,0.026666666666666575
76,0.5248664579112177,0.5810568814466427,0.45619335347432033,0.456081081081081,0.4968372627947096,0.026666666666666575
77,0.5248664579112177,0.5810568814466427,0.45619335347432033,0.456081081081081,0.4968372627947096,0.026666666666666575
78,0.5248664579112177,0.5810568814466427,0.45619335347432033,0.456081081081081,0.4968372627947096,0.026666666666666575
80,0.5248664579112177,0.5810568814466427,0.45619335347432033,0.456081081081081,0.4968372627947096,0.026666666666666575
81,0.3137608983945149,0.2029388587214971,0.17522658610271905,0.15898251192368837,0.18207681365576098,0.30666666666666664
83,0.44624316939890724,0.4516983903163524,0.36102719033232633,0.3465003465003465,0.3843843843843844,0.14222222222222214
84,0.44624316939890724,0.4516983903163524,0.36102719033232633,0.3465003465003465,0.3843843843843844,0.14222222222222214
85,0.44624316939890724,0.4516983903163524,0.36102719033232633,0.3465003465003465,0.3843843843843844,0.14222222222222214
86,0.5316394619467361,0.8851003954911661,0.8202416918429002,0.5855855855855856,0.6246246246246246,0.06666666666666664
87,0.6468452529050216,0.4595234316434736,0.2794561933534744,0.4426840633737186,0.4833068362480128,0.20888888888888898
89,0.5316394619467361,0.8851003954911661,0.8202416918429002,0.5855855855855856,0.6246246246246246,0.06666666666666664
