2,0.3004201680672271,1.0,1.0,1.0,1.0,0.0
4,0.3004201680672271,1.0,1.0,1.0,1.0,0.0
5,0.3004201680672271,1.0,1.0,1.0,1.0,0.0
6,0.3004201680672271,1.0,1.0,1.0,1.0,0.0
8,0.3004201680672271,1.0,1.0,1.0,1.0,0.0
9,0.3004201680672271,1.0,1.0,1.0,1.0,0.0
11,0.3004201680672271,1.0,1.0,1.0,1.0,0.0
12,0.3004201680672271,1.0,1.0,1.0,1.0,0.0
15,0.3004201680672271,1.0,1.0,1.0,1.0,0.0
17,1.0,0.0,0.0,0.0,0.0,0.8076923076923075
20,0.3004201680672271,1.0,1.0,1.0,1.0,0.0
21,0.3004201680672271,1.0,1.0,1.0,1.0,0.0
23,0.20251459362370933,0.7570754590659687,0.8386363636363637,0.6774193548387099,0.7096774193548385,0.3846153846153844
25,0.12941176470588253,0.5309781005419734,0.6795454545454545,0.42652329749103945,0.4640198511166255,0.615384615384615
27,0.12941176470588225,0.3503976427938227,0.5249999999999999,0.2789373814041746,0.31048387096774216,0.5384615384615389
29,0.12941176470588253,0.5309781005419734,0.6795454545454545,0.42652329749103945,0.4640198511166255,0.615384615384615
33,0.12941176470588253,0.6170284425579742,0.756818181818182,0.4943330427201397,0.5322580645161291,0.6538461538461539
35,0.0,0.26171396979928313,0.5181818181818182,0.12816041848299933,0.14611005692599655,1.0
37,0.12941176470588253,0.6170284425579742,0.756818181818182,0.4943330427201397,0.5322580645161291,0.6538461538461539
41,0.3004201680672271,1.0,1.0,1.0,1.0,0.0
42,0.3004201680672271,1.0,1.0,1.0,1.0,0.0
