14,0,1.0,1.0,1.0,1.0,1.0
16,0,1.0,1.0,1.0,1.0,1.0
17,0,0.9354143466934853,0.875,0.175,0.875,0.875
18,0,0.31622776601683794,0.1,0.0027777777777777775,0.1,0.1
20,0,0.9219544457292888,0.85,0.14166666666666666,0.85,0.85
22,0,0.9219544457292888,0.85,0.14166666666666666,0.85,0.85
25,0,1.0,1.0,1.0,1.0,1.0
31,0,1.0,1.0,1.0,1.0,1.0
32,0,1.0,1.0,1.0,1.0,1.0
34,0,1.0,1.0,1.0,1.0,1.0
35,0,1.0,1.0,1.0,1.0,1.0
36,0,1.0,1.0,1.0,1.0,1.0
38,0,1.0,1.0,1.0,1.0,1.0
39,0,1.0,1.0,1.0,1.0,1.0
40,0,1.0,1.0,1.0,1.0,1.0
41,0,1.0,1.0,1.0,1.0,1.0
44,0,0.0,0.0,0.0,0.0,0.0
46,0,0.0,0.0,0.0,0.0,0.0
47,0,0.0,0.0,0.0,0.0,0.0
49,0,1.0,1.0,1.0,1.0,1.0
54,0,1.0,1.0,1.0,1.0,1.0
55,0,1.0,1.0,1.0,1.0,1.0
57,0,0.8803408430829505,0.775,0.08611111111111111,0.775,0.775
58,0,0.8366600265340756,0.7,0.058333333333333334,0.7,0.7
60,0,0.8803408430829505,0.775,0.08611111111111111,0.775,0.775
63,0,1.0,1.0,1.0,1.0,1.0
64,0,1.0,1.0,1.0,1.0,1.0
65,0,0.4743416490252569,0.225,0.007258064516129033,0.225,0.225
68,0,1.0,1.0,1.0,1.0,1.0
69,0,0.8944271909999159,0.8,0.1,0.8,0.8
71,0,1.0,1.0,1.0,1.0,1.0
74,0,1.0,1.0,1.0,1.0,1.0
75,0,1.0,1.0,1.0,1.0,1.0
76,0,0.5,0.25,0.008333333333333333,0.25,0.25
78,0,1.0,1.0,1.0,1.0,1.0
79,0,0.9617692030835673,0.925,0.30833333333333335,0.925,0.925
81,0,1.0,1.0,1.0,1.0,1.0
83,0,1.0,1.0,1.0,1.0,1.0
86,0,1.0,1.0,1.0,1.0,1.0
91,0,1.0,1.0,1.0,1.0,1.0
92,0,1.0,1.0,1.0,1.0,1.0
95,0,1.0,1.0,1.0,1.0,1.0
96,0,1.0,1.0,1.0,1.0,1.0
98,0,1.0,1.0,1.0,1.0,1.0
99,0,1.0,1.0,1.0,1.0,1.0
100,0,0.6123724356957946,0.375,0.015,0.375,0.375
102,0,0.7905694150420949,0.625,0.04166666666666667,0.625,0.625
104,0,1.0,1.0,1.0,1.0,1.0
105,0,1.0,1.0,1.0,1.0,1.0
