2,1.0,1.0,1.0,1.0,1.0,0.0
5,1.0,1.0,1.0,1.0,1.0,0.0
6,1.0,1.0,1.0,1.0,1.0,0.0
8,0.7669172932330826,0.6997614841005421,0.6699999999999999,0.7113997113997115,0.724157955865273,0.2807017543859651
9,0.7669172932330826,0.6997614841005421,0.6699999999999999,0.7113997113997115,0.724157955865273,0.2807017543859651
10,0.7669172932330826,0.6997614841005421,0.6699999999999999,0.7113997113997115,0.724157955865273,0.2807017543859651
11,0.7669172932330826,0.6997614841005421,0.6699999999999999,0.7113997113997115,0.724157955865273,0.2807017543859651
13,0.7669172932330826,0.6997614841005421,0.6699999999999999,0.7113997113997115,0.724157955865273,0.2807017543859651
14,0.7669172932330826,0.6997614841005421,0.6699999999999999,0.7113997113997115,0.724157955865273,0.2807017543859651
16,0.3530489667107808,0.33872217567161655,0.3299999999999998,0.31890331890331897,0.33273809523809506,0.7192982456140349
17,0.3530489667107808,0.33872217567161655,0.3299999999999998,0.31890331890331897,0.33273809523809506,0.7192982456140349
19,0.7669172932330826,0.6997614841005421,0.6699999999999999,0.7113997113997115,0.724157955865273,0.2807017543859651
21,0.7669172932330826,0.6997614841005421,0.6699999999999999,0.7113997113997115,0.724157955865273,0.2807017543859651
22,0.7669172932330826,0.6997614841005421,0.6699999999999999,0.7113997113997115,0.724157955865273,0.2807017543859651
24,0.3530489667107808,0.33872217567161655,0.3299999999999998,0.31890331890331897,0.33273809523809506,0.7192982456140349
26,0.7669172932330826,0.6997614841005421,0.6699999999999999,0.7113997113997115,0.724157955865273,0.2807017543859651
27,0.9151985994091262,0.5199663304091697,0.37,0.697865353037767,0.7109788359788359,0.08771929824561372
30,0.3530489667107808,0.33872217567161655,0.3299999999999998,0.31890331890331897,0.33273809523809506,0.7192982456140349
31,0.0,0.0,0.0,0.0,0.0,1.0
34,1.0,1.0,1.0,1.0,1.0,0.0
35,1.0,1.0,1.0,1.0,1.0,0.0
