6,0.0,0.46308704332476114,0.8333333333333336,0.2666666666666669,0.30158730158730185,0.0
11,0.0,0.46308704332476114,0.8333333333333336,0.2666666666666669,0.30158730158730185,0.0
13,0.0,0.46308704332476114,0.8333333333333336,0.2666666666666669,0.30158730158730185,0.0
15,0.0,0.46308704332476114,0.8333333333333336,0.2666666666666669,0.30158730158730185,0.0
16,0.0,0.46308704332476114,0.8333333333333336,0.2666666666666669,0.30158730158730185,0.0
18,0.0,0.46308704332476114,0.8333333333333336,0.2666666666666669,0.30158730158730185,0.0
20,0.0,0.46308704332476114,0.8333333333333336,0.2666666666666669,0.30158730158730185,0.0
24,0.0,0.46308704332476114,0.8333333333333336,0.2666666666666669,0.30158730158730185,0.0
26,0.0,0.46308704332476114,0.8333333333333336,0.2666666666666669,0.30158730158730185,0.0
28,0.0,0.46308704332476114,0.8333333333333336,0.2666666666666669,0.30158730158730185,0.0
29,0.04522613065326551,0.0,0.0,0.0,0.0,0.0454545454545452
30,0.04522613065326551,0.0,0.0,0.0,0.0,0.0454545454545452
33,0.0,0.46308704332476114,0.8333333333333336,0.2666666666666669,0.30158730158730185,0.0
37,0.0,0.46308704332476114,0.8333333333333336,0.2666666666666669,0.30158730158730185,0.0
39,0.0,0.46308704332476114,0.8333333333333336,0.2666666666666669,0.30158730158730185,0.0
41,0.0,0.46308704332476114,0.8333333333333336,0.2666666666666669,0.30158730158730185,0.0
42,1.0,1.0,1.0,1.0,1.0,1.0
43,1.0,1.0,1.0,1.0,1.0,1.0
46,0.0,0.46308704332476114,0.8333333333333336,0.2666666666666669,0.30158730158730185,0.0
50,0.0,0.46308704332476114,0.8333333333333336,0.2666666666666669,0.30158730158730185,0.0
52,0.0,0.46308704332476114,0.8333333333333336,0.2666666666666669,0.30158730158730185,0.0
56,0.0,0.46308704332476114,0.8333333333333336,0.2666666666666669,0.30158730158730185,0.0
57,0.0,0.46308704332476114,0.8333333333333336,0.2666666666666669,0.30158730158730185,0.0
58,0.0,0.46308704332476114,0.8333333333333336,0.2666666666666669,0.30158730158730185,0.0
59,0.0,0.46308704332476114,0.8333333333333336,0.2666666666666669,0.30158730158730185,0.0
62,0.0,0.46308704332476114,0.8333333333333336,0.2666666666666669,0.30158730158730185,0.0
