9,0.6666666666666666,0.6324555320336759,0.7073170731707318,0.3333333333333333,0.4,0.0
11,0.6666666666666666,0.6324555320336759,0.7073170731707318,0.3333333333333333,0.4,0.0
14,0.6666666666666666,0.6324555320336759,0.7073170731707318,0.3333333333333333,0.4,0.0
16,0.6666666666666666,0.6324555320336759,0.7073170731707318,0.3333333333333333,0.4,0.0
18,0.6666666666666666,0.6324555320336759,0.7073170731707318,0.3333333333333333,0.4,0.0
20,0.6666666666666666,0.6324555320336759,0.7073170731707318,0.3333333333333333,0.4,0.0
22,0.6666666666666666,0.6324555320336759,0.7073170731707318,0.3333333333333333,0.4,0.0
23,0.8888888888888888,0.8528028654224417,0.9268292682926829,0.6666666666666666,0.7272727272727273,0.7499999999999999
25,0.0,0.0,0.0,0.0,0.0,0.7499999999999999
26,0.6666666666666666,0.6324555320336759,0.7073170731707318,0.3333333333333333,0.4,0.0
30,0.6666666666666666,0.6324555320336759,0.7073170731707318,0.3333333333333333,0.4,0.0
31,0.6666666666666666,0.6324555320336759,0.7073170731707318,0.3333333333333333,0.4,0.0
32,0.6666666666666666,0.6324555320336759,0.7073170731707318,0.3333333333333333,0.4,0.0
33,0.6666666666666666,0.6324555320336759,0.7073170731707318,0.3333333333333333,0.4,0.0
34,0.6666666666666666,0.6324555320336759,0.7073170731707318,0.3333333333333333,0.4,0.0
38,0.6666666666666666,0.6324555320336759,0.7073170731707318,0.3333333333333333,0.4,0.0
39,0.75,0.7071067811865475,0.8048780487804877,0.42857142857142855,0.5,0.33333333333333326
40,0.0,0.0,0.024390243902439022,0.0,0.0,0.6666666666666665
42,0.75,0.7071067811865475,0.8048780487804877,0.42857142857142855,0.5,0.33333333333333326
43,0.75,0.7071067811865475,0.8048780487804877,0.42857142857142855,0.5,0.33333333333333326
44,0.75,0.7071067811865475,0.8048780487804877,0.42857142857142855,0.5,0.33333333333333326
45,0.75,0.7071067811865475,0.8048780487804877,0.42857142857142855,0.5,0.33333333333333326
48,0.75,0.7071067811865475,0.8048780487804877,0.42857142857142855,0.5,0.33333333333333326
49,0.75,0.7071067811865475,0.8048780487804877,0.42857142857142855,0.5,0.33333333333333326
50,0.75,0.7071067811865475,0.8048780487804877,0.42857142857142855,0.5,0.33333333333333326
51,0.75,0.7071067811865475,0.8048780487804877,0.42857142857142855,0.5,0.33333333333333326
54,0.75,0.7071067811865475,0.8048780487804877,0.42857142857142855,0.5,0.33333333333333326
56,0.75,0.7071067811865475,0.8048780487804877,0.42857142857142855,0.5,0.33333333333333326
57,0.75,0.7071067811865475,0.8048780487804877,0.42857142857142855,0.5,0.33333333333333326
60,0.0,0.0,0.12195121951219512,0.0,0.0,0.33333333333333326
63,0.6666666666666666,0.6324555320336759,0.7073170731707318,0.3333333333333333,0.4,0.0
65,0.6666666666666666,0.6324555320336759,0.7073170731707318,0.3333333333333333,0.4,0.0
66,0.6666666666666666,0.6324555320336759,0.7073170731707318,0.3333333333333333,0.4,0.0
67,0.7741935483870966,0.7302967433402214,0.8292682926829268,0.46153846153846156,0.5333333333333333,0.41666666666666663
69,0.6666666666666666,0.6324555320336759,0.7073170731707318,0.3333333333333333,0.4,0.0
71,0.6666666666666666,0.6324555320336759,0.7073170731707318,0.3333333333333333,0.4,0.0
72,0.6666666666666666,0.6324555320336759,0.7073170731707318,0.3333333333333333,0.4,0.0
73,0.5714285714285715,0.3922322702763681,0.39024390243902435,0.23076923076923078,0.2857142857142857,0.24999999999999992
74,0.6666666666666666,0.6324555320336759,0.7073170731707318,0.3333333333333333,0.4,0.0
75,1.0,1.0,1.0,1.0,1.0,1.0
76,0.4444444444444444,0.3244428422615251,0.24390243902439027,0.15789473684210525,0.2,0.7499999999999999
78,0.6666666666666666,0.6324555320336759,0.7073170731707318,0.3333333333333333,0.4,0.0
79,0.6666666666666666,0.6324555320336759,0.7073170731707318,0.3333333333333333,0.4,0.0
81,0.6666666666666666,0.6324555320336759,0.7073170731707318,0.3333333333333333,0.4,0.0
82,0.6666666666666666,0.6324555320336759,0.7073170731707318,0.3333333333333333,0.4,0.0
83,0.75,0.7071067811865475,0.8048780487804877,0.42857142857142855,0.5,0.33333333333333326
84,0.75,0.7071067811865475,0.8048780487804877,0.42857142857142855,0.5,0.33333333333333326
87,0.6666666666666666,0.6324555320336759,0.7073170731707318,0.3333333333333333,0.4,0.0
89,0.0,0.0,0.2195121951219512,0.0,0.0,0.0
90,0.0,0.0,0.2195121951219512,0.0,0.0,0.0
92,0.0,0.0,0.2195121951219512,0.0,0.0,0.0
93,0.0,0.0,0.2195121951219512,0.0,0.0,0.0
95,0.0,0.0,0.2195121951219512,0.0,0.0,0.0
97,0.0,0.0,0.2195121951219512,0.0,0.0,0.0
98,0.0,0.0,0.2195121951219512,0.0,0.0,0.0
100,0.0,0.0,0.2195121951219512,0.0,0.0,0.0
