3,0.5437788018433178,1.0,1.0,0.8938879456706282,0.9122807017543859,0.0
7,0.5437788018433178,1.0,1.0,0.8938879456706282,0.9122807017543859,0.0
8,0.5437788018433178,1.0,1.0,0.8938879456706282,0.9122807017543859,0.0
9,0.5437788018433178,1.0,1.0,0.8938879456706282,0.9122807017543859,0.0
10,0.5437788018433178,1.0,1.0,0.8938879456706282,0.9122807017543859,0.0
12,0.5437788018433178,1.0,1.0,0.8938879456706282,0.9122807017543859,0.0
13,0.5437788018433178,1.0,1.0,0.8938879456706282,0.9122807017543859,0.0
15,1.0,0.9947632299739207,0.9096989966555183,1.0,1.0,1.0
16,1.0,0.9947632299739207,0.9096989966555183,1.0,1.0,1.0
18,0.5437788018433178,1.0,1.0,0.8938879456706282,0.9122807017543859,0.0
19,0.0,0.0,0.0,0.0,0.0,0.41025641025641035
20,0.5437788018433178,1.0,1.0,0.8938879456706282,0.9122807017543859,0.0
22,0.5437788018433178,1.0,1.0,0.8938879456706282,0.9122807017543859,0.0
23,0.5437788018433178,1.0,1.0,0.8938879456706282,0.9122807017543859,0.0
