4,0,1.0,1.0,1.0,1.0,1.0
6,0,1.0,1.0,1.0,1.0,1.0
7,0,1.0,1.0,1.0,1.0,1.0
8,0,1.0,1.0,1.0,1.0,1.0
10,0,0.6680391963723485,0.5833333333333334,0.11864406779661017,0.5833333333333333,0.5833333333333333
12,0,0.6680391963723485,0.5833333333333334,0.11864406779661017,0.5833333333333333,0.5833333333333333
14,0,0.6680391963723485,0.5833333333333334,0.11864406779661017,0.5833333333333333,0.5833333333333333
15,0,0.6680391963723485,0.5833333333333334,0.11864406779661017,0.5833333333333333,0.5833333333333333
17,0,0.6680391963723485,0.5833333333333334,0.11864406779661017,0.5833333333333333,0.5833333333333333
18,0,0.6680391963723485,0.5833333333333334,0.11864406779661017,0.5833333333333333,0.5833333333333333
20,0,0.5922415440691261,0.5,0.0847457627118644,0.49999999999999994,0.49999999999999994
21,0,0.5922415440691261,0.5,0.0847457627118644,0.49999999999999994,0.49999999999999994
23,0,0.6680391963723485,0.5833333333333334,0.11864406779661017,0.5833333333333333,0.5833333333333333
24,0,0.6680391963723485,0.5833333333333334,0.11864406779661017,0.5833333333333333,0.5833333333333333
30,0,0.2354194542960361,0.16666666666666666,0.01694915254237288,0.16666666666666663,0.16666666666666663
32,0,0.2354194542960361,0.16666666666666666,0.01694915254237288,0.16666666666666663,0.16666666666666663
34,0,0.2354194542960361,0.16666666666666666,0.01694915254237288,0.16666666666666663,0.16666666666666663
35,0,0.2354194542960361,0.16666666666666666,0.01694915254237288,0.16666666666666663,0.16666666666666663
37,0,0.2354194542960361,0.16666666666666666,0.01694915254237288,0.16666666666666663,0.16666666666666663
38,0,0.2354194542960361,0.16666666666666666,0.01694915254237288,0.16666666666666663,0.16666666666666663
40,0,0.0,0.0,0.0,0.0,0.0
41,0,0.0,0.0,0.0,0.0,0.0
43,0,0.2354194542960361,0.16666666666666666,0.01694915254237288,0.16666666666666663,0.16666666666666663
44,0,0.2354194542960361,0.16666666666666666,0.01694915254237288,0.16666666666666663,0.16666666666666663
49,0,1.0,1.0,1.0,1.0,1.0
51,0,0.5922415440691261,0.5,0.0847457627118644,0.49999999999999994,0.49999999999999994
52,0,0.5922415440691261,0.5,0.0847457627118644,0.49999999999999994,0.49999999999999994
54,0,1.0,1.0,1.0,1.0,1.0
55,0,1.0,1.0,1.0,1.0,1.0
56,0,1.0,1.0,1.0,1.0,1.0
58,0,1.0,1.0,1.0,1.0,1.0
