2,0.4803921568627451,0.8970383927039901,1.0,0.5105882352941178,0.5930434782608696,0.0
3,0.4803921568627451,0.8970383927039901,1.0,0.5105882352941178,0.5930434782608696,0.0
5,0.4803921568627451,0.8970383927039901,1.0,0.5105882352941178,0.5930434782608696,0.0
6,0.4803921568627451,0.8970383927039901,1.0,0.5105882352941178,0.5930434782608696,0.0
7,0.4803921568627451,0.8970383927039901,1.0,0.5105882352941178,0.5930434782608696,0.0
8,0.4803921568627451,0.8970383927039901,1.0,0.5105882352941178,0.5930434782608696,0.0
9,0.4803921568627451,0.8970383927039901,1.0,0.5105882352941178,0.5930434782608696,0.0
11,0.3989531840651353,0.6967443765912464,0.7462686567164178,0.3788235294117648,0.45999999999999996,0.2894736842105261
14,0.3989531840651353,0.6967443765912464,0.7462686567164178,0.3788235294117648,0.45999999999999996,0.2894736842105261
16,0.4421052631578948,0.730475187316354,0.7611940298507464,0.42000000000000004,0.5028571428571428,0.13157894736842085
17,0.4421052631578948,0.730475187316354,0.7611940298507464,0.42000000000000004,0.5028571428571428,0.13157894736842085
18,0.4421052631578948,0.730475187316354,0.7611940298507464,0.42000000000000004,0.5028571428571428,0.13157894736842085
22,0.4803921568627451,0.8970383927039901,1.0,0.5105882352941178,0.5930434782608696,0.0
24,1.0,1.0,0.6417910447761195,1.0,1.0,0.9999999999999997
25,1.0,1.0,0.6417910447761195,1.0,1.0,0.9999999999999997
29,0.0,0.0,0.0,0.0,0.0,1.0
30,0.0,0.0,0.0,0.0,0.0,1.0
