3,0.5,0.686243566496721,1.0,0.33088235294117646,0.4709302325581396,0.0
5,0.5,0.686243566496721,1.0,0.33088235294117646,0.4709302325581396,0.0
7,0.5,0.686243566496721,1.0,0.33088235294117646,0.4709302325581396,0.0
8,0.5,0.686243566496721,1.0,0.33088235294117646,0.4709302325581396,0.0
9,0.5,0.686243566496721,1.0,0.33088235294117646,0.4709302325581396,0.0
11,0.5,0.686243566496721,1.0,0.33088235294117646,0.4709302325581396,0.0
12,0.5573770491803279,0.6614378277661477,0.8027681660899655,0.3804347826086957,0.525,0.3602941176470588
13,0.5573770491803279,0.6614378277661477,0.8027681660899655,0.3804347826086957,0.525,0.3602941176470588
14,0.5573770491803279,0.6614378277661477,0.8027681660899655,0.3804347826086957,0.525,0.3602941176470588
16,1.0,1.0,0.5121107266435987,1.0,1.0,1.0
19,0.5,0.686243566496721,1.0,0.33088235294117646,0.4709302325581396,0.0
20,0.5,0.686243566496721,1.0,0.33088235294117646,0.4709302325581396,0.0
21,0.3767313019390581,0.3713906763541038,0.42560553633217996,0.16666666666666666,0.2647058823529412,0.6544117647058826
22,0.3767313019390581,0.3713906763541038,0.42560553633217996,0.16666666666666666,0.2647058823529412,0.6544117647058826
23,0.3767313019390581,0.3713906763541038,0.42560553633217996,0.16666666666666666,0.2647058823529412,0.6544117647058826
24,0.3767313019390581,0.3713906763541038,0.42560553633217996,0.16666666666666666,0.2647058823529412,0.6544117647058826
25,0.38636363636363635,0.3779644730092272,0.4290657439446367,0.17241379310344826,0.27272727272727276,0.5882352941176473
27,0.0,0.0,0.0,0.0,0.0,0.5294117647058824
30,0.5,0.686243566496721,1.0,0.33088235294117646,0.4709302325581396,0.0
31,0.6772908366533865,0.6681531047810609,0.6020761245674742,0.4807692307692308,0.6250000000000001,0.6544117647058825
33,0.5,0.686243566496721,1.0,0.33088235294117646,0.4709302325581396,0.0
34,0.5,0.686243566496721,1.0,0.33088235294117646,0.4709302325581396,0.0
