10,0.6969696969696969,0.8944271909999159,0.9411764705882353,0.6,0.8,0.33333333333333326
12,0.6969696969696969,0.8944271909999159,0.9411764705882353,0.6,0.8,0.33333333333333326
13,0.6969696969696969,0.8944271909999159,0.9411764705882353,0.6,0.8,0.33333333333333326
14,0.6969696969696969,0.8944271909999159,0.9411764705882353,0.6,0.8,0.33333333333333326
15,0.6969696969696969,0.8944271909999159,0.9411764705882353,0.6,0.8,0.33333333333333326
17,0.6388888888888888,0.8528028654224418,0.911764705882353,0.5,0.7272727272727273,0.0
19,0.6388888888888888,0.8528028654224418,0.911764705882353,0.5,0.7272727272727273,0.0
21,0.6388888888888888,0.8528028654224418,0.911764705882353,0.5,0.7272727272727273,0.0
23,0.6388888888888888,0.8528028654224418,0.911764705882353,0.5,0.7272727272727273,0.0
24,0.6388888888888888,0.8528028654224418,0.911764705882353,0.5,0.7272727272727273,0.0
26,0.6388888888888888,0.8528028654224418,0.911764705882353,0.5,0.7272727272727273,0.0
27,0.6388888888888888,0.8528028654224418,0.911764705882353,0.5,0.7272727272727273,0.0
29,0.6388888888888888,0.8528028654224418,0.911764705882353,0.5,0.7272727272727273,0.0
31,0.6969696969696969,0.8944271909999159,0.9411764705882353,0.6,0.8,0.33333333333333326
32,0.6969696969696969,0.8944271909999159,0.9411764705882353,0.6,0.8,0.33333333333333326
33,0.6969696969696969,0.8944271909999159,0.9411764705882353,0.6,0.8,0.33333333333333326
34,0.6969696969696969,0.8944271909999159,0.9411764705882353,0.6,0.8,0.33333333333333326
35,0.6969696969696969,0.8944271909999159,0.9411764705882353,0.6,0.8,0.33333333333333326
37,0.6388888888888888,0.8528028654224418,0.911764705882353,0.5,0.7272727272727273,0.0
38,0.6388888888888888,0.8528028654224418,0.911764705882353,0.5,0.7272727272727273,0.0
39,0.6388888888888888,0.8528028654224418,0.911764705882353,0.5,0.7272727272727273,0.0
40,0.6388888888888888,0.8528028654224418,0.911764705882353,0.5,0.7272727272727273,0.0
44,0.6388888888888888,0.8528028654224418,0.911764705882353,0.5,0.7272727272727273,0.0
47,0.6388888888888888,0.8528028654224418,0.911764705882353,0.5,0.7272727272727273,0.0
48,0.6388888888888888,0.8528028654224418,0.911764705882353,0.5,0.7272727272727273,0.0
50,0.6388888888888888,0.8528028654224418,0.911764705882353,0.5,0.7272727272727273,0.0
51,0.6388888888888888,0.8528028654224418,0.911764705882353,0.5,0.7272727272727273,0.0
52,0.6388888888888888,0.8528028654224418,0.911764705882353,0.5,0.7272727272727273,0.0
53,0.6388888888888888,0.8528028654224418,0.911764705882353,0.5,0.7272727272727273,0.0
55,0.6388888888888888,0.8528028654224418,0.911764705882353,0.5,0.7272727272727273,0.0
56,0.6388888888888888,0.8528028654224418,0.911764705882353,0.5,0.7272727272727273,0.0
57,0.6388888888888888,0.8528028654224418,0.911764705882353,0.5,0.7272727272727273,0.0
58,0.6388888888888888,0.8528028654224418,0.911764705882353,0.5,0.7272727272727273,0.0
59,0.6969696969696969,0.8944271909999159,0.9411764705882353,0.6,0.8,0.33333333333333326
60,0.6969696969696969,0.8944271909999159,0.9411764705882353,0.6,0.8,0.33333333333333326
61,0.6969696969696969,0.8944271909999159,0.9411764705882353,0.6,0.8,0.33333333333333326
63,0.6969696969696969,0.8944271909999159,0.9411764705882353,0.6,0.8,0.33333333333333326
66,0.6388888888888888,0.8528028654224418,0.911764705882353,0.5,0.7272727272727273,0.0
70,0.6388888888888888,0.8528028654224418,0.911764705882353,0.5,0.7272727272727273,0.0
72,0.6388888888888888,0.8528028654224418,0.911764705882353,0.5,0.7272727272727273,0.0
73,0.6388888888888888,0.8528028654224418,0.911764705882353,0.5,0.7272727272727273,0.0
74,0.6388888888888888,0.8528028654224418,0.911764705882353,0.5,0.7272727272727273,0.0
75,0.6969696969696969,0.8944271909999159,0.9411764705882353,0.6,0.8,0.33333333333333326
76,0.6969696969696969,0.8944271909999159,0.9411764705882353,0.6,0.8,0.33333333333333326
78,0.6969696969696969,0.8944271909999159,0.9411764705882353,0.6,0.8,0.33333333333333326
80,0.6388888888888888,0.8528028654224418,0.911764705882353,0.5,0.7272727272727273,0.0
82,0.6388888888888888,0.8528028654224418,0.911764705882353,0.5,0.7272727272727273,0.0
84,0.6388888888888888,0.8528028654224418,0.911764705882353,0.5,0.7272727272727273,0.0
85,0.6388888888888888,0.8528028654224418,0.911764705882353,0.5,0.7272727272727273,0.0
86,0.6388888888888888,0.8528028654224418,0.911764705882353,0.5,0.7272727272727273,0.0
89,0.6388888888888888,0.8528028654224418,0.911764705882353,0.5,0.7272727272727273,0.0
91,0.6388888888888888,0.8528028654224418,0.911764705882353,0.5,0.7272727272727273,0.0
92,0.6388888888888888,0.8528028654224418,0.911764705882353,0.5,0.7272727272727273,0.0
93,0.6969696969696969,0.8944271909999159,0.9411764705882353,0.6,0.8,0.33333333333333326
94,0.6969696969696969,0.8944271909999159,0.9411764705882353,0.6,0.8,0.33333333333333326
95,0.8518518518518517,1.0,1.0,1.0,1.0,1.0
97,0.2948717948717949,0.2529822128134704,0.14705882352941177,0.075,0.17777777777777776,0.9333333333333332
100,0.6388888888888888,0.8528028654224418,0.911764705882353,0.5,0.7272727272727273,0.0
101,0.5679012345679012,0.5059644256269408,0.3823529411764706,0.19999999999999998,0.4,0.19999999999999996
102,0.6969696969696969,0.6928203230275509,0.5882352941176471,0.36,0.6,0.19999999999999996
103,1.0,0.8485281374238571,0.6470588235294118,0.6,0.8,0.8666666666666667
105,0.0,0.0,0.0,0.0,0.0,0.6666666666666666
107,0.6388888888888888,0.8528028654224418,0.911764705882353,0.5,0.7272727272727273,0.0
109,0.6388888888888888,0.8528028654224418,0.911764705882353,0.5,0.7272727272727273,0.0
111,0.6388888888888888,0.8528028654224418,0.911764705882353,0.5,0.7272727272727273,0.0
112,0.6388888888888888,0.8528028654224418,0.911764705882353,0.5,0.7272727272727273,0.0
113,0.6388888888888888,0.8528028654224418,0.911764705882353,0.5,0.7272727272727273,0.0
114,0.6388888888888888,0.8528028654224418,0.911764705882353,0.5,0.7272727272727273,0.0
116,0.6388888888888888,0.8528028654224418,0.911764705882353,0.5,0.7272727272727273,0.0
