4,0.47222222222222243,1.0,1.0,1.0,1.0,0.0
5,0.47222222222222243,1.0,1.0,1.0,1.0,0.0
6,0.47222222222222243,1.0,1.0,1.0,1.0,0.0
7,0.47222222222222243,1.0,1.0,1.0,1.0,0.0
8,0.47222222222222243,1.0,1.0,1.0,1.0,0.0
9,0.47222222222222243,1.0,1.0,1.0,1.0,0.0
10,0.47222222222222243,1.0,1.0,1.0,1.0,0.0
11,0.47222222222222243,1.0,1.0,1.0,1.0,0.0
12,1.0,0.6904972281219234,0.5624999999999999,0.9,0.9099999999999997,1.0
15,0.47222222222222243,1.0,1.0,1.0,1.0,0.0
17,0.47222222222222243,1.0,1.0,1.0,1.0,0.0
18,1.0,0.17135085597620667,0.06250000000000006,0.3,0.325,0.6666666666666666
21,0.0,0.0,0.0,0.0,0.0,0.6666666666666666
22,0.0,0.0,0.0,0.0,0.0,0.6666666666666666
