5,0.85,0.8451542547285167,0.7000000000000001,0.7000000000000001,0.7142857142857143,0.0
7,0.85,0.8451542547285167,0.7000000000000001,0.7000000000000001,0.7142857142857143,0.0
8,0.85,0.8451542547285167,0.7000000000000001,0.7000000000000001,0.7142857142857143,0.0
9,0.85,0.8451542547285167,0.7000000000000001,0.7000000000000001,0.7142857142857143,0.0
11,0.85,0.8451542547285167,0.7000000000000001,0.7000000000000001,0.7142857142857143,0.0
12,0.85,0.8451542547285167,0.7000000000000001,0.7000000000000001,0.7142857142857143,0.0
13,0.85,0.8451542547285167,0.7000000000000001,0.7000000000000001,0.7142857142857143,0.0
14,0.85,0.8451542547285167,0.7000000000000001,0.7000000000000001,0.7142857142857143,0.0
15,0.85,0.8451542547285167,0.7000000000000001,0.7000000000000001,0.7142857142857143,0.0
17,0.85,0.8451542547285167,0.7000000000000001,0.7000000000000001,0.7142857142857143,0.0
19,0.85,0.8451542547285167,0.7000000000000001,0.7000000000000001,0.7142857142857143,0.0
20,0.0,0.0,0.0,0.0,0.0,1.0
21,0.0,0.0,0.05000000000000005,0.0,0.0,0.923076923076923
23,0.85,0.8451542547285167,0.7000000000000001,0.7000000000000001,0.7142857142857143,0.0
24,0.0,0.0,0.35000000000000003,0.0,0.0,0.4615384615384615
26,1.0,1.0,1.0,1.0,1.0,0.46153846153846156
27,0.85,0.8451542547285167,0.7000000000000001,0.7000000000000001,0.7142857142857143,0.0
