5,0,1.0,1.0,1.0,1.0,1.0
10,0,1.0,1.0,1.0,1.0,1.0
11,0,1.0,1.0,1.0,1.0,1.0
15,0,1.0,1.0,1.0,1.0,1.0
16,0,0.10001264429950885,0.08,0.0035355023359568993,0.08,0.08
18,0,1.0,1.0,1.0,1.0,1.0
20,0,1.0,1.0,1.0,1.0,1.0
21,0,0.2853392814940205,0.24,0.012839455851632953,0.24000000000000007,0.24000000000000007
24,0,0.2853392814940205,0.24,0.012839455851632953,0.24000000000000007,0.24000000000000007
25,0,0.2853392814940205,0.24,0.012839455851632953,0.24000000000000007,0.24000000000000007
26,0,0.2853392814940205,0.24,0.012839455851632953,0.24000000000000007,0.24000000000000007
27,0,0.2853392814940205,0.24,0.012839455851632953,0.24000000000000007,0.24000000000000007
28,0,0.0,0.0,0.0,0.0,0.0
29,0,0.0,0.0,0.0,0.0,0.0
30,0,0.10001264429950885,0.08,0.0035355023359568993,0.08,0.08
32,0,0.19488600023005628,0.16,0.0077444336882865426,0.16,0.16
34,0,0.2853392814940205,0.24,0.012839455851632953,0.24000000000000007,0.24000000000000007
36,0,0.10001264429950885,0.08,0.0035355023359568993,0.08,0.08
38,0,1.0,1.0,1.0,1.0,1.0
