4,0.8823529411764706,0.8819171036881969,0.8431372549019607,0.7647058823529411,0.7777777777777778,0.0
5,0.8823529411764706,0.8819171036881969,0.8431372549019607,0.7647058823529411,0.7777777777777778,0.0
6,0.8823529411764706,0.8819171036881969,0.8431372549019607,0.7647058823529411,0.7777777777777778,0.0
8,0.8823529411764706,0.8819171036881969,0.8431372549019607,0.7647058823529411,0.7777777777777778,0.0
9,0.8823529411764706,0.8819171036881969,0.8431372549019607,0.7647058823529411,0.7777777777777778,0.0
11,0.8823529411764706,0.8819171036881969,0.8431372549019607,0.7647058823529411,0.7777777777777778,0.0
12,0.8823529411764706,0.8819171036881969,0.8431372549019607,0.7647058823529411,0.7777777777777778,0.0
13,0.8823529411764706,0.8819171036881969,0.8431372549019607,0.7647058823529411,0.7777777777777778,0.0
14,0.8823529411764706,0.8819171036881969,0.8431372549019607,0.7647058823529411,0.7777777777777778,0.0
16,0.8823529411764706,0.8819171036881969,0.8431372549019607,0.7647058823529411,0.7777777777777778,0.0
17,0.8823529411764706,0.8819171036881969,0.8431372549019607,0.7647058823529411,0.7777777777777778,0.0
20,0.0,0.0,0.13725490196078433,0.0,0.0,0.0
21,0.8823529411764706,0.8819171036881969,0.8431372549019607,0.7647058823529411,0.7777777777777778,0.0
23,0.8823529411764706,0.8819171036881969,0.8431372549019607,0.7647058823529411,0.7777777777777778,0.0
24,0.8823529411764706,0.8819171036881969,0.8431372549019607,0.7647058823529411,0.7777777777777778,0.0
25,0.8823529411764706,0.8819171036881969,0.8431372549019607,0.7647058823529411,0.7777777777777778,0.0
28,0.8823529411764706,0.8819171036881969,0.8431372549019607,0.7647058823529411,0.7777777777777778,0.0
29,0.8823529411764706,0.8819171036881969,0.8431372549019607,0.7647058823529411,0.7777777777777778,0.0
30,0.8823529411764706,0.8819171036881969,0.8431372549019607,0.7647058823529411,0.7777777777777778,0.0
32,0.8823529411764706,0.8819171036881969,0.8431372549019607,0.7647058823529411,0.7777777777777778,0.0
33,0.8823529411764706,0.8819171036881969,0.8431372549019607,0.7647058823529411,0.7777777777777778,0.0
35,0.8823529411764706,0.8819171036881969,0.8431372549019607,0.7647058823529411,0.7777777777777778,0.0
37,0.9230769230769231,0.9211323729436764,0.9019607843137255,0.8387096774193548,0.8484848484848485,0.375
39,0.9836065573770493,0.9826073688810348,0.9803921568627452,0.9629629629629629,0.9655172413793104,0.875
41,0.9836065573770493,0.9826073688810348,0.9803921568627452,0.9629629629629629,0.9655172413793104,0.875
42,0.9836065573770493,0.9826073688810348,0.9803921568627452,0.9629629629629629,0.9655172413793104,0.875
43,1.0,1.0,1.0,1.0,1.0,1.0
44,0.9836065573770493,0.9826073688810348,0.9803921568627452,0.9629629629629629,0.9655172413793104,0.875
45,0.9836065573770493,0.9826073688810348,0.9803921568627452,0.9629629629629629,0.9655172413793104,0.875
46,0.9836065573770493,0.9826073688810348,0.9803921568627452,0.9629629629629629,0.9655172413793104,0.875
47,0.9836065573770493,0.9826073688810348,0.9803921568627452,0.9629629629629629,0.9655172413793104,0.875
48,0.9836065573770493,0.9826073688810348,0.9803921568627452,0.9629629629629629,0.9655172413793104,0.875
53,0.0,0.0,0.0,0.0,0.0,0.8749999999999998
54,0.0,0.0,0.0,0.0,0.0,0.8749999999999998
