9,0,1.0,1.0,1.0,1.0,1.0
13,0,1.0,1.0,1.0,1.0,1.0
15,0,1.0,1.0,1.0,1.0,1.0
16,0,1.0,1.0,1.0,1.0,1.0
17,0,1.0,1.0,1.0,1.0,1.0
18,0,1.0,1.0,1.0,1.0,1.0
21,0,1.0,1.0,1.0,1.0,1.0
22,0,1.0,1.0,1.0,1.0,1.0
23,0,1.0,1.0,1.0,1.0,1.0
24,0,0.0,0.0,0.0,0.0,0.0
25,0,0.0,0.0,0.0,0.0,0.0
27,0,0.8608585649852801,0.8095238095238095,0.20393474088291746,0.8095238095238095,0.8095238095238095
28,0,0.8608585649852801,0.8095238095238095,0.20393474088291746,0.8095238095238095,0.8095238095238095
29,0,0.8608585649852801,0.8095238095238095,0.20393474088291746,0.8095238095238095,0.8095238095238095
31,0,0.8608585649852801,0.8095238095238095,0.20393474088291746,0.8095238095238095,0.8095238095238095
33,0,0.8608585649852801,0.8095238095238095,0.20393474088291746,0.8095238095238095,0.8095238095238095
