4,0.6461187214611872,0.6623235151136028,0.959016393442623,0.3105022831050228,0.34632034632034636,0.0
7,0.6461187214611872,0.6623235151136028,0.959016393442623,0.3105022831050228,0.34632034632034636,0.0
9,0.6461187214611872,0.6623235151136028,0.959016393442623,0.3105022831050228,0.34632034632034636,0.0
10,0.6461187214611872,0.6623235151136028,0.959016393442623,0.3105022831050228,0.34632034632034636,0.0
12,0.6461187214611872,0.6623235151136028,0.959016393442623,0.3105022831050228,0.34632034632034636,0.0
14,0.731266149870801,0.5305482838361477,0.5368852459016393,0.37777777777777777,0.4166666666666667,0.21935483870967745
16,0.693627450980392,0.7100323492502001,1.0,0.35978835978835977,0.39800995024875624,0.25806451612903225
18,0.693627450980392,0.7100323492502001,1.0,0.35978835978835977,0.39800995024875624,0.25806451612903225
21,0.6461187214611872,0.6623235151136028,0.959016393442623,0.3105022831050228,0.34632034632034636,0.0
22,0.6461187214611872,0.6623235151136028,0.959016393442623,0.3105022831050228,0.34632034632034636,0.0
23,0.6461187214611872,0.6623235151136028,0.959016393442623,0.3105022831050228,0.34632034632034636,0.0
25,0.6461187214611872,0.6623235151136028,0.959016393442623,0.3105022831050228,0.34632034632034636,0.0
27,1.0,1.0,0.8893442622950819,1.0,1.0,1.0
29,0.66903073286052,0.6849348892187753,0.9795081967213115,0.3333333333333333,0.37037037037037035,0.12903225806451624
31,0.66903073286052,0.6849348892187753,0.9795081967213115,0.3333333333333333,0.37037037037037035,0.12903225806451624
34,0.6461187214611872,0.6623235151136028,0.959016393442623,0.3105022831050228,0.34632034632034636,0.0
35,0.6461187214611872,0.6623235151136028,0.959016393442623,0.3105022831050228,0.34632034632034636,0.0
36,0.6461187214611872,0.6623235151136028,0.959016393442623,0.3105022831050228,0.34632034632034636,0.0
37,0.6461187214611872,0.6623235151136028,0.959016393442623,0.3105022831050228,0.34632034632034636,0.0
39,0.6461187214611872,0.6623235151136028,0.959016393442623,0.3105022831050228,0.34632034632034636,0.0
40,0.6786570743405275,0.4911922650753382,0.5163934426229508,0.32380952380952377,0.3603603603603604,0.09032258064516134
42,0.6461187214611872,0.6623235151136028,0.959016393442623,0.3105022831050228,0.34632034632034636,0.0
44,0.6461187214611872,0.6623235151136028,0.959016393442623,0.3105022831050228,0.34632034632034636,0.0
45,0.7237851662404091,0.6426845869171516,0.7786885245901639,0.3863636363636363,0.425531914893617,0.30322580645161284
47,0.6461187214611872,0.6623235151136028,0.959016393442623,0.3105022831050228,0.34632034632034636,0.0
48,0.7427821522309712,0.5396181422669197,0.540983606557377,0.3908045977011494,0.43010752688172044,0.2451612903225807
49,0.6461187214611872,0.6623235151136028,0.959016393442623,0.3105022831050228,0.34632034632034636,0.0
51,0.66903073286052,0.5931710140017397,0.7459016393442623,0.3269230769230769,0.36363636363636365,0.09677419354838707
53,0.8348082595870205,0.6195469181897235,0.569672131147541,0.5151515151515151,0.5555555555555556,0.42580645161290326
54,0.8348082595870205,0.6195469181897235,0.569672131147541,0.5151515151515151,0.5555555555555556,0.42580645161290326
57,0.6461187214611872,0.6623235151136028,0.959016393442623,0.3105022831050228,0.34632034632034636,0.0
59,0.5270018621973929,0.39183587576350587,0.4344262295081967,0.20606060606060603,0.23391812865497075,0.42580645161290326
61,0.5859213250517599,0.42845639127810103,0.47131147540983603,0.24637681159420288,0.2777777777777778,0.19354838709677413
63,0.5329566854990584,0.2796234976026204,0.2418032786885246,0.1954022988505747,0.22222222222222224,0.19999999999999996
64,0.5329566854990584,0.2796234976026204,0.2418032786885246,0.1954022988505747,0.22222222222222224,0.19999999999999996
68,0.6461187214611872,0.6623235151136028,0.959016393442623,0.3105022831050228,0.34632034632034636,0.0
70,0.66903073286052,0.34246744460938766,0.27868852459016397,0.2833333333333333,0.31746031746031744,0.03225806451612906
71,0.66903073286052,0.34246744460938766,0.27868852459016397,0.2833333333333333,0.31746031746031744,0.03225806451612906
73,0.6388261851015801,0.5674803065350241,0.7254098360655736,0.2982456140350877,0.33333333333333337,0.03225806451612895
74,0.0,0.0,0.0,0.0,0.0,0.2838709677419355
77,0.7092731829573935,0.629152869605896,0.7704918032786886,0.3695652173913043,0.40816326530612246,0.25161290322580643
78,0.7092731829573935,0.629152869605896,0.7704918032786886,0.3695652173913043,0.40816326530612246,0.25161290322580643
80,0.7092731829573935,0.629152869605896,0.7704918032786886,0.3695652173913043,0.40816326530612246,0.25161290322580643
81,0.7092731829573935,0.629152869605896,0.7704918032786886,0.3695652173913043,0.40816326530612246,0.25161290322580643
82,0.7092731829573935,0.629152869605896,0.7704918032786886,0.3695652173913043,0.40816326530612246,0.25161290322580643
83,0.7092731829573935,0.629152869605896,0.7704918032786886,0.3695652173913043,0.40816326530612246,0.25161290322580643
85,0.7092731829573935,0.629152869605896,0.7704918032786886,0.3695652173913043,0.40816326530612246,0.25161290322580643
86,0.7092731829573935,0.629152869605896,0.7704918032786886,0.3695652173913043,0.40816326530612246,0.25161290322580643
88,0.7092731829573935,0.629152869605896,0.7704918032786886,0.3695652173913043,0.40816326530612246,0.25161290322580643
89,0.7092731829573935,0.629152869605896,0.7704918032786886,0.3695652173913043,0.40816326530612246,0.25161290322580643
91,0.7092731829573935,0.629152869605896,0.7704918032786886,0.3695652173913043,0.40816326530612246,0.25161290322580643
92,0.7092731829573935,0.629152869605896,0.7704918032786886,0.3695652173913043,0.40816326530612246,0.25161290322580643
94,0.7092731829573935,0.629152869605896,0.7704918032786886,0.3695652173913043,0.40816326530612246,0.25161290322580643
97,0.6505747126436782,0.4714045207910318,0.5040983606557378,0.2982456140350877,0.33333333333333337,0.012903225806451665
98,0.6505747126436782,0.4714045207910318,0.5040983606557378,0.2982456140350877,0.33333333333333337,0.012903225806451665
99,0.7092731829573935,0.629152869605896,0.7704918032786886,0.3695652173913043,0.40816326530612246,0.25161290322580643
100,0.8654434250764526,0.4594682917363408,0.31147540983606553,0.47222222222222215,0.5128205128205129,0.23870967741935484
103,0.6505747126436782,0.4714045207910318,0.5040983606557378,0.2982456140350877,0.33333333333333337,0.012903225806451665
104,0.6505747126436782,0.4714045207910318,0.5040983606557378,0.2982456140350877,0.33333333333333337,0.012903225806451665
108,0.6388261851015801,0.5674803065350241,0.7254098360655736,0.2982456140350877,0.33333333333333337,0.03225806451612895
