2,0.5216718266253872,1.0,1.0,1.0,1.0,0.0
4,0.5216718266253872,1.0,1.0,1.0,1.0,0.0
5,0.5216718266253872,1.0,1.0,1.0,1.0,0.0
6,0.5216718266253872,1.0,1.0,1.0,1.0,0.0
7,0.5216718266253872,1.0,1.0,1.0,1.0,0.0
8,0.5216718266253872,1.0,1.0,1.0,1.0,0.0
9,0.0,0.0,0.0,0.0,0.0,1.0
10,0.0,0.0,0.0,0.0,0.0,1.0
12,1.0,0.7183790655618314,0.4449760765550238,0.6741519350215001,0.7687162335991768,0.9999999999999998
13,1.0,0.7183790655618314,0.4449760765550238,0.6741519350215001,0.7687162335991768,0.9999999999999998
14,1.0,0.7183790655618314,0.4449760765550238,0.6741519350215001,0.7687162335991768,0.9999999999999998
16,1.0,0.7183790655618314,0.4449760765550238,0.6741519350215001,0.7687162335991768,0.9999999999999998
