3,0,1.0,1.0,1.0,1.0,1.0
6,0,1.0,1.0,1.0,1.0,1.0
7,0,1.0,1.0,1.0,1.0,1.0
8,0,0.0,0.0,0.0,0.0,0.0
10,0,0.9826837862666576,0.9705882352941176,0.9714045416316233,0.9705882352941176,0.9705882352941176
11,0,0.0,0.0,0.0,0.0,0.0
13,0,0.9651109940991549,0.9411764705882353,0.4709840201850294,0.9411764705882353,0.9411764705882353
14,0,0.0,0.0,0.0,0.0,0.0
16,0,0.9472698684634054,0.9117647058823529,0.30417717970283153,0.9117647058823529,0.9117647058823529
17,0,0.0,0.0,0.0,0.0,0.0
20,0,0.9291477283450473,0.8823529411764706,0.22077375946173255,0.8823529411764706,0.8823529411764706
21,0,0.9291477283450473,0.8823529411764706,0.22077375946173255,0.8823529411764706,0.8823529411764706
22,0,0.9291477283450473,0.8823529411764706,0.22077375946173255,0.8823529411764706,0.8823529411764706
23,0,0.9291477283450473,0.8823529411764706,0.22077375946173255,0.8823529411764706,0.8823529411764706
26,0,0.9291477283450473,0.8823529411764706,0.22077375946173255,0.8823529411764706,0.8823529411764706
27,0,0.9291477283450473,0.8823529411764706,0.22077375946173255,0.8823529411764706,0.8823529411764706
28,0,0.9291477283450473,0.8823529411764706,0.22077375946173255,0.8823529411764706,0.8823529411764706
32,0,1.0,1.0,1.0,1.0,1.0
