4,0.98,0.9805806756909202,0.6666666666666667,0.9600000000000001,0.9615384615384616,0.0
7,0.98,0.9805806756909202,0.6666666666666667,0.9600000000000001,0.9615384615384616,0.0
8,0.98,0.9805806756909202,0.6666666666666667,0.9600000000000001,0.9615384615384616,0.0
9,0.98,0.9805806756909202,0.6666666666666667,0.9600000000000001,0.9615384615384616,0.0
10,0.98,0.9805806756909202,0.6666666666666667,0.9600000000000001,0.9615384615384616,0.0
11,1.0,1.0,1.0,1.0,1.0,1.0
15,0.98,0.9805806756909202,0.6666666666666667,0.9600000000000001,0.9615384615384616,0.0
17,0.98,0.9805806756909202,0.6666666666666667,0.9600000000000001,0.9615384615384616,0.0
18,0.98,0.9805806756909202,0.6666666666666667,0.9600000000000001,0.9615384615384616,0.0
19,0.98,0.9805806756909202,0.6666666666666667,0.9600000000000001,0.9615384615384616,0.0
21,1.0,1.0,1.0,1.0,1.0,1.0
22,1.0,1.0,1.0,1.0,1.0,1.0
25,0.0,0.0,0.0,0.0,0.0,0.9999999999999991
