2,0,1.0,1.0,1.0,1.0,1.0
4,0,1.0,1.0,1.0,1.0,1.0
5,0,1.0,1.0,1.0,1.0,1.0
6,0,1.0,1.0,1.0,1.0,1.0
7,0,1.0,1.0,1.0,1.0,1.0
8,0,1.0,1.0,1.0,1.0,1.0
10,0,1.0,1.0,1.0,1.0,1.0
11,0,1.0,1.0,1.0,1.0,1.0
12,0,1.0,1.0,1.0,1.0,1.0
14,0,0.8278555397630867,0.7741935483870968,0.11133579160223624,0.7741935483870968,0.7741935483870968
15,0,0.8278555397630867,0.7741935483870968,0.11133579160223624,0.7741935483870968,0.7741935483870968
16,0,0.8278555397630867,0.7741935483870968,0.11133579160223624,0.7741935483870968,0.7741935483870968
20,0,1.0,1.0,1.0,1.0,1.0
21,0,1.0,1.0,1.0,1.0,1.0
23,0,1.0,1.0,1.0,1.0,1.0
25,0,0.9037285548983273,0.8709677419354839,0.21919233971690258,0.8709677419354838,0.8709677419354838
26,0,0.9037285548983273,0.8709677419354839,0.21919233971690258,0.8709677419354838,0.8709677419354838
28,0,1.0,1.0,1.0,1.0,1.0
29,0,0.0,0.0,0.0,0.0,0.0
31,0,0.8017797198966242,0.7419354838709677,0.09335970024979184,0.7419354838709675,0.7419354838709675
32,0,1.0,1.0,1.0,1.0,1.0
