3,0.6904761904761904,0.7698003589195009,0.9658119658119658,0.41904761904761906,0.47863247863247865,0.0
6,0.6904761904761904,0.7698003589195009,0.9658119658119658,0.41904761904761906,0.47863247863247865,0.0
7,0.6904761904761904,0.7698003589195009,0.9658119658119658,0.41904761904761906,0.47863247863247865,0.0
8,0.6904761904761904,0.7698003589195009,0.9658119658119658,0.41904761904761906,0.47863247863247865,0.0
9,0.6904761904761904,0.7698003589195009,0.9658119658119658,0.41904761904761906,0.47863247863247865,0.0
11,0.6904761904761904,0.7698003589195009,0.9658119658119658,0.41904761904761906,0.47863247863247865,0.0
12,0.7323232323232322,0.8125992002933919,1.0,0.4731182795698925,0.5333333333333333,0.24615384615384622
14,0.6904761904761904,0.7698003589195009,0.9658119658119658,0.41904761904761906,0.47863247863247865,0.0
16,0.42028985507246375,0.26226526415648105,0.17094017094017094,0.15942028985507248,0.19444444444444445,0.6923076923076922
17,0.42028985507246375,0.26226526415648105,0.17094017094017094,0.15942028985507248,0.19444444444444445,0.6923076923076922
19,0.8787878787878787,0.8498365855987975,0.8290598290598291,0.6875,0.7368421052631579,0.6923076923076923
21,0.8787878787878787,0.8498365855987975,0.8290598290598291,0.6875,0.7368421052631579,0.6923076923076923
22,0.8787878787878787,0.8498365855987975,0.8290598290598291,0.6875,0.7368421052631579,0.6923076923076923
24,0.8787878787878787,0.8498365855987975,0.8290598290598291,0.6875,0.7368421052631579,0.6923076923076923
26,0.0,0.0,0.0,0.0,0.0,0.24615384615384614
27,0.0,0.0,0.0,0.0,0.0,0.24615384615384614
29,0.9731543624161072,0.9636241116594315,0.8632478632478633,0.9166666666666667,0.9333333333333335,0.9384615384615385
31,0.9731543624161072,0.9636241116594315,0.8632478632478633,0.9166666666666667,0.9333333333333335,0.9384615384615385
32,0.9731543624161072,0.9636241116594315,0.8632478632478633,0.9166666666666667,0.9333333333333335,0.9384615384615385
34,0.9731543624161072,0.9636241116594315,0.8632478632478633,0.9166666666666667,0.9333333333333335,0.9384615384615385
36,0.0,0.0,0.02564102564102564,0.0,0.0,0.061538461538461535
37,0.0,0.0,0.02564102564102564,0.0,0.0,0.061538461538461535
40,1.0,1.0,0.8717948717948718,1.0,1.0,1.0
41,1.0,1.0,0.8717948717948718,1.0,1.0,1.0
