3,0,0.9482253681133798,0.9333333333333333,0.9514563106796117,0.9333333333333332,0.9333333333333332
5,0,0.9482253681133798,0.9333333333333333,0.9514563106796117,0.9333333333333332,0.9333333333333332
7,0,1.0,1.0,1.0,1.0,1.0
10,0,1.0,1.0,1.0,1.0,1.0
11,0,1.0,1.0,1.0,1.0,1.0
12,0,1.0,1.0,1.0,1.0,1.0
13,0,1.0,1.0,1.0,1.0,1.0
14,0,1.0,1.0,1.0,1.0,1.0
15,0,1.0,1.0,1.0,1.0,1.0
16,0,1.0,1.0,1.0,1.0,1.0
17,0,1.0,1.0,1.0,1.0,1.0
19,0,0.6057738286048066,0.5333333333333333,0.07766990291262135,0.5333333333333333,0.5333333333333333
21,0,0.6057738286048066,0.5333333333333333,0.07766990291262135,0.5333333333333333,0.5333333333333333
23,0,0.6057738286048066,0.5333333333333333,0.07766990291262135,0.5333333333333333,0.5333333333333333
24,0,0.6057738286048066,0.5333333333333333,0.07766990291262135,0.5333333333333333,0.5333333333333333
30,0,0.09200827940454502,0.06666666666666667,0.004854368932038834,0.06666666666666667,0.06666666666666667
32,0,0.0,0.0,0.0,0.0,0.0
34,0,0.0,0.0,0.0,0.0,0.0
35,0,0.0,0.0,0.0,0.0,0.0
41,0,1.0,1.0,1.0,1.0,1.0
42,0,1.0,1.0,1.0,1.0,1.0
