3,0,0,0.0,0,0,1.0
5,0,0,0.0,0,0,1.0
11,0,0,0.0,0,0,1.0
12,0,0,0.8500000000000001,0,0,0.15
13,0,0,0.8500000000000001,0,0,0.15
15,0,0,0.14999999999999994,0,0,0.85
16,0,0,1.0,0,0,0.0
17,0,0,1.0,0,0,0.0
18,0,0,1.0,0,0,0.0
21,0,0,0.14999999999999994,0,0,0.85
22,0,0,0.14999999999999994,0,0,0.85
23,0,0,0.5,0,0,0.5
25,0,0,0.14999999999999994,0,0,0.85
26,0,0,0.14999999999999994,0,0,0.85
28,0,0,0.14999999999999994,0,0,0.85
32,0,0,0.14999999999999994,0,0,0.85
33,0,0,0.14999999999999994,0,0,0.85
36,0,0,0.14999999999999994,0,0,0.85
