3,0.0,0.0,0.013513513513513513,0.0,0.0,0.0
5,0.0,0.0,0.013513513513513513,0.0,0.0,0.0
7,0.5,1.0,1.0,0.9572649572649573,0.9718574108818011,0.0
10,0.5,1.0,1.0,0.9572649572649573,0.9718574108818011,0.0
11,0.5,1.0,1.0,0.9572649572649573,0.9718574108818011,0.0
12,0.5,1.0,1.0,0.9572649572649573,0.9718574108818011,0.0
13,0.5,1.0,1.0,0.9572649572649573,0.9718574108818011,0.0
15,0.5,1.0,1.0,0.9572649572649573,0.9718574108818011,0.0
16,0.5,1.0,1.0,0.9572649572649573,0.9718574108818011,0.0
18,0.5,1.0,1.0,0.9572649572649573,0.9718574108818011,0.0
19,0.5,1.0,1.0,0.9572649572649573,0.9718574108818011,0.0
22,0.5,1.0,1.0,0.9572649572649573,0.9718574108818011,0.0
24,0.5215453194650818,0.9909597034122264,0.9351351351351351,1.0,1.0,0.2843137254901961
26,0.5625,0.8181612036157916,0.5864864864864865,0.8205128205128205,0.8757396449704142,0.47058823529411753
27,0.5625,0.8181612036157916,0.5864864864864865,0.8205128205128205,0.8757396449704142,0.47058823529411753
28,0.5625,0.8181612036157916,0.5864864864864865,0.8205128205128205,0.8757396449704142,0.47058823529411753
31,0.5,1.0,1.0,0.9572649572649573,0.9718574108818011,0.0
33,0.33962264150943394,0.419707841712868,0.27567567567567564,0.2953846153846154,0.3925729442970822,1.0
35,0.35526315789473684,0.30491067797299276,0.14594594594594593,0.19433198380566802,0.27106227106227104,0.43137254901960775
36,0.35526315789473684,0.30491067797299276,0.14594594594594593,0.19433198380566802,0.27106227106227104,0.43137254901960775
38,0.33962264150943394,0.419707841712868,0.27567567567567564,0.2953846153846154,0.3925729442970822,1.0
40,0.3253012048192771,0.2892636675902369,0.14324324324324325,0.18461538461538463,0.25874125874125875,0.568627450980392
42,0.35526315789473684,0.30491067797299276,0.14594594594594593,0.19433198380566802,0.27106227106227104,0.43137254901960775
44,0.5625,0.4090806018078958,0.15675675675675674,0.24615384615384617,0.334841628959276,0.11764705882352938
45,0.5625,0.4090806018078958,0.15675675675675674,0.24615384615384617,0.334841628959276,0.11764705882352938
50,0.5,1.0,1.0,0.9572649572649573,0.9718574108818011,0.0
52,0.43548387096774194,0.3457362111448452,0.15135135135135133,0.2171945701357466,0.2995951417004048,0.15686274509803919
54,0.0,0.0,0.0,0.0,0.0,0.6862745098039215
55,0.0,0.0,0.0,0.0,0.0,0.6862745098039215
58,1.0,0.6468132241526725,0.16486486486486485,0.3076923076923077,0.40659340659340654,0.5294117647058822
61,0.5,1.0,1.0,0.9572649572649573,0.9718574108818011,0.0
