3,0.5,0.5,0.4,0.3333333333333333,0.25,0.0
5,0.5,0.5,0.4,0.3333333333333333,0.25,0.0
6,0.5,0.5,0.4,0.3333333333333333,0.25,0.0
9,0.0,0.0,0.0,0.0,0.0,0.3333333333333333
10,0.0,0.0,0.0,0.0,0.0,0.3333333333333333
12,0.0,0.0,0.0,0.0,0.0,0.3333333333333333
13,0.0,0.0,0.0,0.0,0.0,0.3333333333333333
15,0.0,0.0,0.2,0.0,0.0,0.0
16,0.0,0.0,0.2,0.0,0.0,0.0
18,0.0,0.0,0.0,0.0,0.0,0.3333333333333333
19,0.0,0.0,0.0,0.0,0.0,0.3333333333333333
21,1.0,1.0,1.0,1.0,1.0,1.0
22,1.0,1.0,1.0,1.0,1.0,1.0
24,0.5,0.5,0.4,0.3333333333333333,0.25,0.0
