2,0.4284313725490196,0.822163990028112,0.9117647058823528,0.40106951871657764,0.4545454545454545,0.0
5,0.4284313725490196,0.822163990028112,0.9117647058823528,0.40106951871657764,0.4545454545454545,0.0
6,0.4284313725490196,0.822163990028112,0.9117647058823528,0.40106951871657764,0.4545454545454545,0.0
7,0.4284313725490196,0.822163990028112,0.9117647058823528,0.40106951871657764,0.4545454545454545,0.0
9,0.0,0.0,0.0,0.0,0.0,1.0
11,0.0,0.0,0.0,0.0,0.0,1.0
12,0.0,0.0,0.0,0.0,0.0,1.0
16,0.8918367346938774,1.0,0.7352941176470588,1.0,1.0,0.9999999999999997
18,0.8918367346938774,1.0,0.7352941176470588,1.0,1.0,0.9999999999999997
19,0.8918367346938774,1.0,0.7352941176470588,1.0,1.0,0.9999999999999997
21,0.4284313725490196,0.822163990028112,0.9117647058823528,0.40106951871657764,0.4545454545454545,0.0
22,0.4284313725490196,0.822163990028112,0.9117647058823528,0.40106951871657764,0.4545454545454545,0.0
23,0.4284313725490196,0.822163990028112,0.9117647058823528,0.40106951871657764,0.4545454545454545,0.0
25,0.4284313725490196,0.822163990028112,0.9117647058823528,0.40106951871657764,0.4545454545454545,0.0
27,0.5440860215053762,0.9408204707889054,1.0,0.5454545454545455,0.5989304812834225,0.4736842105263158
31,0.4284313725490196,0.822163990028112,0.9117647058823528,0.40106951871657764,0.4545454545454545,0.0
32,0.4284313725490196,0.822163990028112,0.9117647058823528,0.40106951871657764,0.4545454545454545,0.0
33,0.4284313725490196,0.822163990028112,0.9117647058823528,0.40106951871657764,0.4545454545454545,0.0
35,0.4284313725490196,0.822163990028112,0.9117647058823528,0.40106951871657764,0.4545454545454545,0.0
37,0.2620253164556962,0.434037469204908,0.4411764705882352,0.20454545454545459,0.24242424242424238,0.5789473684210525
38,0.2620253164556962,0.434037469204908,0.4411764705882352,0.20454545454545459,0.24242424242424238,0.5789473684210525
39,0.2620253164556962,0.434037469204908,0.4411764705882352,0.20454545454545459,0.24242424242424238,0.5789473684210525
40,0.2620253164556962,0.434037469204908,0.4411764705882352,0.20454545454545459,0.24242424242424238,0.5789473684210525
43,1.0,0.6268563109083249,0.2941176470588235,0.681818181818182,0.7272727272727274,0.5789473684210524
46,0.4284313725490196,0.822163990028112,0.9117647058823528,0.40106951871657764,0.4545454545454545,0.0
48,0.4284313725490196,0.822163990028112,0.9117647058823528,0.40106951871657764,0.4545454545454545,0.0
