3,0,1.0,1.0,1.0,1.0,1.0
8,0,1.0,1.0,1.0,1.0,1.0
10,0,1.0,1.0,1.0,1.0,1.0
11,0,0.24019223070763068,0.057692307692307696,0.0011773940345368916,0.057692307692307696,0.057692307692307696
14,0,0.970725343394151,0.9423076923076923,0.3141025641025641,0.9423076923076923,0.9423076923076923
15,0,0.970725343394151,0.9423076923076923,0.3141025641025641,0.9423076923076923,0.9423076923076923
16,0,0.970725343394151,0.9423076923076923,0.3141025641025641,0.9423076923076923,0.9423076923076923
17,0,0.970725343394151,0.9423076923076923,0.3141025641025641,0.9423076923076923,0.9423076923076923
19,0,0.970725343394151,0.9423076923076923,0.3141025641025641,0.9423076923076923,0.9423076923076923
20,0,0.970725343394151,0.9423076923076923,0.3141025641025641,0.9423076923076923,0.9423076923076923
21,0,0.970725343394151,0.9423076923076923,0.3141025641025641,0.9423076923076923,0.9423076923076923
22,0,0.970725343394151,0.9423076923076923,0.3141025641025641,0.9423076923076923,0.9423076923076923
24,0,0.970725343394151,0.9423076923076923,0.3141025641025641,0.9423076923076923,0.9423076923076923
26,0,0.970725343394151,0.9423076923076923,0.3141025641025641,0.9423076923076923,0.9423076923076923
27,0,0.6933752452815364,0.4807692307692308,0.017806267806267807,0.4807692307692308,0.4807692307692308
29,0,0.6793662204867574,0.46153846153846156,0.016483516483516484,0.46153846153846156,0.46153846153846156
34,0,0.0,0.0,0.0,0.0,0.0
38,0,1.0,1.0,1.0,1.0,1.0
