3,0.6612903225806451,0.5863019699779286,0.34375,0.3225806451612903,0.34375,0.0
5,0.6612903225806451,0.5863019699779286,0.34375,0.3225806451612903,0.34375,0.0
6,0.6612903225806451,0.5863019699779286,0.34375,0.3225806451612903,0.34375,0.0
7,0.6612903225806451,0.5863019699779286,0.34375,0.3225806451612903,0.34375,0.0
9,0.6612903225806451,0.5863019699779286,0.34375,0.3225806451612903,0.34375,0.0
10,0.6612903225806451,0.5863019699779286,0.34375,0.3225806451612903,0.34375,0.0
11,0.6612903225806451,0.5863019699779286,0.34375,0.3225806451612903,0.34375,0.0
13,0.0,0.0,0.03125,0.0,0.0,0.42857142857142855
14,0.0,0.0,0.03125,0.0,0.0,0.42857142857142855
16,0.7735849056603773,0.6915640748081247,0.625,0.45454545454545453,0.47826086956521735,0.4285714285714285
18,0.0,0.0,0.25,0.0,0.0,0.09523809523809523
19,0.0,0.0,0.25,0.0,0.0,0.09523809523809523
21,0.803921568627451,0.7237468644557459,0.6875,0.5,0.5238095238095237,0.5238095238095238
23,0.803921568627451,0.7237468644557459,0.6875,0.5,0.5238095238095237,0.5238095238095238
24,0.803921568627451,0.7237468644557459,0.6875,0.5,0.5238095238095237,0.5238095238095238
26,0.803921568627451,0.7237468644557459,0.6875,0.5,0.5238095238095237,0.5238095238095238
27,0.803921568627451,0.7237468644557459,0.6875,0.5,0.5238095238095237,0.5238095238095238
29,0.803921568627451,0.7237468644557459,0.6875,0.5,0.5238095238095237,0.5238095238095238
30,0.803921568627451,0.7237468644557459,0.6875,0.5,0.5238095238095237,0.5238095238095238
32,0.8913043478260869,0.82915619758885,0.84375,0.6666666666666666,0.6875,0.7619047619047619
33,0.8913043478260869,0.82915619758885,0.84375,0.6666666666666666,0.6875,0.7619047619047619
35,0.0,0.0,0.0,0.0,0.0,0.4761904761904761
36,0.0,0.0,0.0,0.0,0.0,0.4761904761904761
38,1.0,1.0,1.0,1.0,1.0,1.0
39,1.0,1.0,1.0,1.0,1.0,1.0
