2,0.665204678362573,0.9883215092540114,1.0,0.6945642795513371,0.7324729682595047,0.0
4,0.665204678362573,0.9883215092540114,1.0,0.6945642795513371,0.7324729682595047,0.0
5,0.665204678362573,0.9883215092540114,1.0,0.6945642795513371,0.7324729682595047,0.0
6,0.665204678362573,0.9883215092540114,1.0,0.6945642795513371,0.7324729682595047,0.0
7,0.665204678362573,0.9883215092540114,1.0,0.6945642795513371,0.7324729682595047,0.0
9,0.665204678362573,0.9883215092540114,1.0,0.6945642795513371,0.7324729682595047,0.0
10,0.665204678362573,0.9883215092540114,1.0,0.6945642795513371,0.7324729682595047,0.0
12,1.0,1.0,0.757936507936508,1.0,1.0,0.9999999999999998
15,0.665204678362573,0.9883215092540114,1.0,0.6945642795513371,0.7324729682595047,0.0
17,1.0,1.0,0.757936507936508,1.0,1.0,0.9999999999999998
21,0.0,0.0,0.0,0.0,0.0,1.0
23,0.665204678362573,0.9883215092540114,1.0,0.6945642795513371,0.7324729682595047,0.0
