18,0.6545454545454544,0.5188745216627709,0.5581395348837209,0.24000000000000002,0.2692307692307693,0.2083333333333333
20,0.6545454545454544,0.5188745216627709,0.5581395348837209,0.24000000000000002,0.2692307692307693,0.2083333333333333
21,0.6545454545454544,0.5188745216627709,0.5581395348837209,0.24000000000000002,0.2692307692307693,0.2083333333333333
23,0.6545454545454544,0.5188745216627709,0.5581395348837209,0.24000000000000002,0.2692307692307693,0.2083333333333333
25,0.6545454545454544,0.5188745216627709,0.5581395348837209,0.24000000000000002,0.2692307692307693,0.2083333333333333
26,0.6545454545454544,0.5188745216627709,0.5581395348837209,0.24000000000000002,0.2692307692307693,0.2083333333333333
27,0.0,0.0,0.4186046511627907,0.0,0.0,0.0
29,0.6545454545454544,0.5188745216627709,0.5581395348837209,0.24000000000000002,0.2692307692307693,0.2083333333333333
30,0.6545454545454544,0.5188745216627709,0.5581395348837209,0.24000000000000002,0.2692307692307693,0.2083333333333333
31,0.6545454545454544,0.5188745216627709,0.5581395348837209,0.24000000000000002,0.2692307692307693,0.2083333333333333
32,0.6545454545454544,0.5188745216627709,0.5581395348837209,0.24000000000000002,0.2692307692307693,0.2083333333333333
35,0.0,0.0,0.06976744186046513,0.0,0.0,0.625
38,0.0,0.0,0.06976744186046513,0.0,0.0,0.625
39,0.0,0.0,0.06976744186046513,0.0,0.0,0.625
41,0.0,0.0,0.06976744186046513,0.0,0.0,0.625
43,0.0,0.0,0.06976744186046513,0.0,0.0,0.625
44,0.0,0.0,0.06976744186046513,0.0,0.0,0.625
45,0.0,0.0,0.06976744186046513,0.0,0.0,0.625
46,0.0,0.0,0.06976744186046513,0.0,0.0,0.625
47,0.0,0.0,0.06976744186046513,0.0,0.0,0.625
49,0.0,0.0,0.06976744186046513,0.0,0.0,0.625
52,0.6,0.4751909633114915,0.441860465116279,0.2,0.22580645161290322,0.0
58,0.6,0.4751909633114915,0.441860465116279,0.2,0.22580645161290322,0.0
59,0.6,0.4751909633114915,0.441860465116279,0.2,0.22580645161290322,0.0
60,0.6,0.4751909633114915,0.441860465116279,0.2,0.22580645161290322,0.0
63,0.6,0.4751909633114915,0.441860465116279,0.2,0.22580645161290322,0.0
64,0.6,0.4751909633114915,0.441860465116279,0.2,0.22580645161290322,0.0
65,0.6,0.4751909633114915,0.441860465116279,0.2,0.22580645161290322,0.0
66,0.6,0.4751909633114915,0.441860465116279,0.2,0.22580645161290322,0.0
67,0.6,0.4751909633114915,0.441860465116279,0.2,0.22580645161290322,0.0
68,0.6,0.4751909633114915,0.441860465116279,0.2,0.22580645161290322,0.0
69,0.631578947368421,0.5,0.5116279069767442,0.2222222222222222,0.25,0.12499999999999997
71,0.6,0.4751909633114915,0.441860465116279,0.2,0.22580645161290322,0.0
73,0.6,0.4751909633114915,0.441860465116279,0.2,0.22580645161290322,0.0
75,0.0,0.0,0.3023255813953489,0.0,0.0,0.20833333333333331
76,0.0,0.0,0.3488372093023256,0.0,0.0,0.125
78,0.0,0.0,0.3720930232558139,0.0,0.0,0.08333333333333333
79,0.0,0.0,0.3023255813953489,0.0,0.0,0.20833333333333331
83,0.6545454545454544,0.5188745216627709,0.5581395348837209,0.24000000000000002,0.2692307692307693,0.2083333333333333
84,0.6545454545454544,0.5188745216627709,0.5581395348837209,0.24000000000000002,0.2692307692307693,0.2083333333333333
85,0.6545454545454544,0.5188745216627709,0.5581395348837209,0.24000000000000002,0.2692307692307693,0.2083333333333333
87,0.6545454545454544,0.5188745216627709,0.5581395348837209,0.24000000000000002,0.2692307692307693,0.2083333333333333
89,0.6545454545454544,0.5188745216627709,0.5581395348837209,0.24000000000000002,0.2692307692307693,0.2083333333333333
90,0.6545454545454544,0.5188745216627709,0.5581395348837209,0.24000000000000002,0.2692307692307693,0.2083333333333333
92,0.6545454545454544,0.5188745216627709,0.5581395348837209,0.24000000000000002,0.2692307692307693,0.2083333333333333
93,0.6545454545454544,0.5188745216627709,0.5581395348837209,0.24000000000000002,0.2692307692307693,0.2083333333333333
95,0.6545454545454544,0.5188745216627709,0.5581395348837209,0.24000000000000002,0.2692307692307693,0.2083333333333333
96,0.6545454545454544,0.5188745216627709,0.5581395348837209,0.24000000000000002,0.2692307692307693,0.2083333333333333
98,0.6792452830188679,0.5400617248673218,0.6046511627906976,0.2608695652173913,0.2916666666666667,0.2916666666666666
100,0.6792452830188679,0.5400617248673218,0.6046511627906976,0.2608695652173913,0.2916666666666667,0.2916666666666666
101,0.6792452830188679,0.5400617248673218,0.6046511627906976,0.2608695652173913,0.2916666666666667,0.2916666666666666
102,0.6792452830188679,0.5400617248673218,0.6046511627906976,0.2608695652173913,0.2916666666666667,0.2916666666666666
103,0.0,0.0,0.0,0.0,0.0,0.7499999999999999
107,1.0,1.0,1.0,1.0,1.0,1.0
108,1.0,1.0,1.0,1.0,1.0,1.0
113,0.0,0.0,0.0,0.0,0.0,0.7499999999999999
115,0.0,0.0,0.06976744186046513,0.0,0.0,0.625
116,0.0,0.0,0.06976744186046513,0.0,0.0,0.625
117,0.0,0.0,0.06976744186046513,0.0,0.0,0.625
118,0.0,0.0,0.06976744186046513,0.0,0.0,0.625
120,0.0,0.0,0.20930232558139536,0.0,0.0,0.37499999999999994
122,0.0,0.0,0.20930232558139536,0.0,0.0,0.37499999999999994
123,0.0,0.0,0.20930232558139536,0.0,0.0,0.37499999999999994
124,0.0,0.0,0.20930232558139536,0.0,0.0,0.37499999999999994
125,0.0,0.0,0.20930232558139536,0.0,0.0,0.37499999999999994
126,0.0,0.0,0.20930232558139536,0.0,0.0,0.37499999999999994
130,0.0,0.0,0.39534883720930236,0.0,0.0,0.041666666666666664
131,0.0,0.0,0.39534883720930236,0.0,0.0,0.041666666666666664
136,0.0,0.0,0.0,0.0,0.0,0.7499999999999999
138,0.0,0.0,0.3488372093023256,0.0,0.0,0.125
139,0.0,0.0,0.3488372093023256,0.0,0.0,0.125
141,0.0,0.0,0.06976744186046513,0.0,0.0,0.625
142,0.0,0.0,0.06976744186046513,0.0,0.0,0.625
