4,0.5619047619047616,1.0,1.0,1.0,1.0,0.0
6,0.5619047619047616,1.0,1.0,1.0,1.0,0.0
13,0.5619047619047616,1.0,1.0,1.0,1.0,0.0
15,0.5619047619047616,1.0,1.0,1.0,1.0,0.0
16,0.5619047619047616,1.0,1.0,1.0,1.0,0.0
18,0.5619047619047616,1.0,1.0,1.0,1.0,0.0
19,1.0,0.5311753854412694,0.35537190082644626,0.6631578947368423,0.6992481203007518,1.0
21,1.0,0.5311753854412694,0.35537190082644626,0.6631578947368423,0.6992481203007518,1.0
22,1.0,0.5311753854412694,0.35537190082644626,0.6631578947368423,0.6992481203007518,1.0
23,1.0,0.5311753854412694,0.35537190082644626,0.6631578947368423,0.6992481203007518,1.0
24,1.0,0.5311753854412694,0.35537190082644626,0.6631578947368423,0.6992481203007518,1.0
26,1.0,0.5311753854412694,0.35537190082644626,0.6631578947368423,0.6992481203007518,1.0
27,1.0,0.5311753854412694,0.35537190082644626,0.6631578947368423,0.6992481203007518,1.0
28,1.0,0.5311753854412694,0.35537190082644626,0.6631578947368423,0.6992481203007518,1.0
33,0.0,0.0,0.0,0.0,0.0,1.0
35,0.0,0.0,0.0,0.0,0.0,1.0
36,0.0,0.0,0.0,0.0,0.0,1.0
37,0.0,0.0,0.0,0.0,0.0,1.0
39,0.0,0.0,0.0,0.0,0.0,1.0
40,0.0,0.0,0.0,0.0,0.0,1.0
41,0.0,0.0,0.0,0.0,0.0,1.0
44,0.5619047619047616,1.0,1.0,1.0,1.0,0.0
