5,0.9705882352941176,0.9712858623572641,0.9531249999999998,0.9411764705882353,0.9433962264150942,0.0
7,0.9705882352941176,0.9712858623572641,0.9531249999999998,0.9411764705882353,0.9433962264150942,0.0
8,0.9705882352941176,0.9712858623572641,0.9531249999999998,0.9411764705882353,0.9433962264150942,0.0
9,0.9705882352941176,0.9712858623572641,0.9531249999999998,0.9411764705882353,0.9433962264150942,0.0
10,0.9705882352941176,0.9712858623572641,0.9531249999999998,0.9411764705882353,0.9433962264150942,0.0
11,0.9705882352941176,0.9712858623572641,0.9531249999999998,0.9411764705882353,0.9433962264150942,0.0
12,0.9705882352941176,0.9712858623572641,0.9531249999999998,0.9411764705882353,0.9433962264150942,0.0
13,0.9705882352941176,0.9712858623572641,0.9531249999999998,0.9411764705882353,0.9433962264150942,0.0
14,0.9705882352941176,0.9712858623572641,0.9531249999999998,0.9411764705882353,0.9433962264150942,0.0
15,0.9705882352941176,0.9712858623572641,0.9531249999999998,0.9411764705882353,0.9433962264150942,0.0
16,0.9705882352941176,0.9712858623572641,0.9531249999999998,0.9411764705882353,0.9433962264150942,0.0
17,1.0,1.0,1.0,1.0,1.0,0.3750000000000001
18,1.0,1.0,1.0,1.0,1.0,0.3750000000000001
20,1.0,1.0,1.0,1.0,1.0,0.3750000000000001
23,0.0,0.0,0.0,0.0,0.0,1.0
26,0.9705882352941176,0.9712858623572641,0.9531249999999998,0.9411764705882353,0.9433962264150942,0.0
29,0.9705882352941176,0.9712858623572641,0.9531249999999998,0.9411764705882353,0.9433962264150942,0.0
