5,0,1.0,1.0,1.0,1.0,1.0
7,0,1.0,1.0,1.0,1.0,1.0
9,0,1.0,1.0,1.0,1.0,1.0
10,0,1.0,1.0,1.0,1.0,1.0
11,0,1.0,1.0,1.0,1.0,1.0
15,0,0.8662758226507657,0.8,0.16047548291233285,0.7999999999999999,0.7999999999999999
16,0,0.8662758226507657,0.8,0.16047548291233285,0.7999999999999999,0.7999999999999999
18,0,0.8662758226507657,0.8,0.16047548291233285,0.7999999999999999,0.7999999999999999
20,0,0.683719788478775,0.56,0.051060380926651355,0.5599999999999999,0.5599999999999999
21,0,0.683719788478775,0.56,0.051060380926651355,0.5599999999999999,0.5599999999999999
22,0,0.683719788478775,0.56,0.051060380926651355,0.5599999999999999,0.5599999999999999
23,0,0.683719788478775,0.56,0.051060380926651355,0.5599999999999999,0.5599999999999999
24,0,0.683719788478775,0.56,0.051060380926651355,0.5599999999999999,0.5599999999999999
26,0,0.7162707180849727,0.6,0.06017830609212481,0.6,0.6
28,0,0.683719788478775,0.56,0.051060380926651355,0.5599999999999999,0.5599999999999999
29,0,0.683719788478775,0.56,0.051060380926651355,0.5599999999999999,0.5599999999999999
30,0,0.683719788478775,0.56,0.051060380926651355,0.5599999999999999,0.5599999999999999
31,0,0.683719788478775,0.56,0.051060380926651355,0.5599999999999999,0.5599999999999999
32,0,0.683719788478775,0.56,0.051060380926651355,0.5599999999999999,0.5599999999999999
36,0,1.0,1.0,1.0,1.0,1.0
37,0,0.0,0.0,0.0,0.0,0.0
38,0,0.948134427881964,0.92,0.4613670133729569,0.92,0.92
39,0,0.21731033881764386,0.12,0.005470755099284074,0.12,0.12
40,0,0.808559446769269,0.72,0.10316281044364253,0.72,0.72
41,0,0.21731033881764386,0.12,0.005470755099284074,0.12,0.12
42,0,0.6501347257680093,0.52,0.04346210995542347,0.52,0.52
43,0,0.21731033881764386,0.12,0.005470755099284074,0.12,0.12
44,0,0.4622137380722012,0.32,0.018879468577921513,0.32,0.32
45,0,0.0,0.0,0.0,0.0,0.0
47,0,0.3739387691339814,0.24,0.012669117072026274,0.24,0.24
48,0,1.0,1.0,1.0,1.0,1.0
