7,0.7658547794117648,1.0,1.0,1.0,1.0,0.0
11,0.7658547794117648,1.0,1.0,1.0,1.0,0.0
13,0.7658547794117648,1.0,1.0,1.0,1.0,0.0
14,0.7658547794117648,1.0,1.0,1.0,1.0,0.0
15,0.7658547794117648,1.0,1.0,1.0,1.0,0.0
17,0.7658547794117648,1.0,1.0,1.0,1.0,0.0
20,0.0,0.05942038777700426,0.261127596439169,0.0,0.0,1.0
21,0.0,0.05942038777700426,0.261127596439169,0.0,0.0,1.0
22,0.0,0.05942038777700426,0.261127596439169,0.0,0.0,1.0
23,0.0,0.05942038777700426,0.261127596439169,0.0,0.0,1.0
25,1.0,0.0,0.0,0.3463497453310693,0.36011080332409956,0.20792079207920805
26,1.0,0.0,0.0,0.3463497453310693,0.36011080332409956,0.20792079207920805
33,0.7658547794117648,1.0,1.0,1.0,1.0,0.0
34,0.7658547794117648,1.0,1.0,1.0,1.0,0.0
