4,1.0,1.0,1.0,1.0,1.0,0.0
7,1.0,1.0,1.0,1.0,1.0,0.0
8,1.0,1.0,1.0,1.0,1.0,0.0
9,1.0,1.0,1.0,1.0,1.0,0.0
10,1.0,1.0,1.0,1.0,1.0,0.0
11,1.0,1.0,1.0,1.0,1.0,0.0
15,1.0,1.0,1.0,1.0,1.0,0.0
16,1.0,1.0,1.0,1.0,1.0,0.0
17,1.0,1.0,1.0,1.0,1.0,0.0
19,1.0,1.0,1.0,1.0,1.0,0.0
20,1.0,1.0,1.0,1.0,1.0,0.0
21,0.0,0.0,0.0,0.0,0.0,1.0
23,1.0,1.0,1.0,1.0,1.0,0.0
26,1.0,1.0,1.0,1.0,1.0,0.0
27,1.0,1.0,1.0,1.0,1.0,0.0
28,0.0,0.0,0.0,0.0,0.0,1.0
29,0.0,0.0,0.0,0.0,0.0,1.0
34,1.0,1.0,1.0,1.0,1.0,0.0
35,1.0,1.0,1.0,1.0,1.0,0.0
