3,0.5228143504005573,1.0,1.0,1.0,1.0,0.0
5,0.5228143504005573,1.0,1.0,1.0,1.0,0.0
6,0.5228143504005573,1.0,1.0,1.0,1.0,0.0
7,0.5228143504005573,1.0,1.0,1.0,1.0,0.0
8,0.5228143504005573,1.0,1.0,1.0,1.0,0.0
9,0.6554078332734461,0.3197192637598322,0.1171875,0.09937178754997146,0.1941747572815534,0.2466666666666667
10,0.5228143504005573,1.0,1.0,1.0,1.0,0.0
11,0.6083476272155518,0.21225413076146343,0.0595703125,0.04888509548703724,0.10091977516607051,0.09999999999999996
12,0.5228143504005573,1.0,1.0,1.0,1.0,0.0
13,0.8987435328898744,0.4088822045320173,0.1474609375,0.13265496639283048,0.2503832396525294,0.6799999999999998
14,0.5228143504005573,1.0,1.0,1.0,1.0,0.0
15,0.6554078332734461,0.3197192637598322,0.1171875,0.09937178754997146,0.1941747572815534,0.2466666666666667
16,0.5228143504005573,1.0,1.0,1.0,1.0,0.0
17,0.8534759358288772,0.48221185093899394,0.205078125,0.19072972126526777,0.33980582524271846,0.8266666666666664
18,0.5228143504005573,1.0,1.0,1.0,1.0,0.0
19,0.6769714435420487,0.40617343955898305,0.17480468749999997,0.15291827913187137,0.2827669902912621,0.3933333333333333
20,0.5228143504005573,1.0,1.0,1.0,1.0,0.0
21,1.0,0.32503732104898236,0.08984375000000001,0.07809989363387422,0.156127000787195,0.5333333333333332
22,0.5228143504005573,1.0,1.0,1.0,1.0,0.0
23,0.0,0.0,0.0,0.0,0.0,0.5266666666666666
24,0.5228143504005573,1.0,1.0,1.0,1.0,0.0
25,0.3267813267813268,0.21015906683515517,0.08593750000000001,0.06731526149001878,0.1361591285815771,0.42666666666666675
26,0.5228143504005573,1.0,1.0,1.0,1.0,0.0
27,0.1368136813681368,0.1260954401010931,0.0556640625,0.041649910955362794,0.08668515950069347,0.8599999999999999
28,0.5228143504005573,1.0,1.0,1.0,1.0,0.0
29,0.24972617743702077,0.2645969915342897,0.140625,0.10495777560751424,0.2038834951456311,1.0
30,0.24972617743702077,0.2645969915342897,0.140625,0.10495777560751424,0.2038834951456311,1.0
31,0.6083476272155518,0.9438598491651273,0.8330078125,0.9279600160854827,0.9656726768377253,0.9999999999999998
34,0.6083476272155518,0.9438598491651273,0.8330078125,0.9279600160854827,0.9656726768377253,0.9999999999999998
