5,0.84375,1.0,1.0,0.75,0.7777777777777778,0.0
8,0.84375,1.0,1.0,0.75,0.7777777777777778,0.0
9,0.84375,1.0,1.0,0.75,0.7777777777777778,0.0
10,1.0,0.9607689228305228,0.8032786885245902,1.0,1.0,0.49999999999999994
11,1.0,0.9607689228305228,0.8032786885245902,1.0,1.0,0.49999999999999994
14,0.6428571428571429,0.46291004988627577,0.36065573770491804,0.4,0.4375,0.49999999999999994
15,0.6428571428571429,0.46291004988627577,0.36065573770491804,0.4,0.4375,0.49999999999999994
16,0.6428571428571429,0.46291004988627577,0.36065573770491804,0.4,0.4375,0.49999999999999994
17,0.6428571428571429,0.46291004988627577,0.36065573770491804,0.4,0.4375,0.49999999999999994
18,0.6428571428571429,0.46291004988627577,0.36065573770491804,0.4,0.4375,0.49999999999999994
19,0.6428571428571429,0.46291004988627577,0.36065573770491804,0.4,0.4375,0.49999999999999994
23,0.6428571428571429,0.46291004988627577,0.36065573770491804,0.4,0.4375,0.49999999999999994
24,0.6428571428571429,0.46291004988627577,0.36065573770491804,0.4,0.4375,0.49999999999999994
25,0.0,0.0,0.0,0.0,0.0,1.0
26,0.0,0.0,0.016393442622950834,0.0,0.0,0.8999999999999999
27,0.0,0.0,0.016393442622950834,0.0,0.0,0.8999999999999999
30,0.0,0.0,0.1475409836065574,0.0,0.0,0.09999999999999999
31,0.0,0.0,0.1475409836065574,0.0,0.0,0.09999999999999999
35,0.6428571428571429,0.46291004988627577,0.36065573770491804,0.4,0.4375,0.49999999999999994
36,0.6428571428571429,0.46291004988627577,0.36065573770491804,0.4,0.4375,0.49999999999999994
39,0.6428571428571429,0.46291004988627577,0.36065573770491804,0.4,0.4375,0.49999999999999994
41,0.6428571428571429,0.46291004988627577,0.36065573770491804,0.4,0.4375,0.49999999999999994
