2,0,1.0,1.0,1.0,1.0,1.0
4,0,1.0,1.0,1.0,1.0,1.0
6,0,1.0,1.0,1.0,1.0,1.0
7,0,1.0,1.0,1.0,1.0,1.0
8,0,1.0,1.0,1.0,1.0,1.0
9,0,1.0,1.0,1.0,1.0,1.0
10,0,1.0,1.0,1.0,1.0,1.0
12,0,0.9639620411996473,0.9393939393939394,0.4701159678858162,0.9393939393939393,0.9393939393939393
14,0,0.9639620411996473,0.9393939393939394,0.4701159678858162,0.9393939393939393,0.9393939393939393
16,0,0.9267791674408784,0.8787878787878788,0.21989295272078502,0.8787878787878788,0.8787878787878788
17,0,0.9267791674408784,0.8787878787878788,0.21989295272078502,0.8787878787878788,0.8787878787878788
18,0,0.9267791674408784,0.8787878787878788,0.21989295272078502,0.8787878787878788,0.8787878787878788
22,0,1.0,1.0,1.0,1.0,1.0
24,0,0.0,0.0,0.0,0.0,0.0
25,0,0.0,0.0,0.0,0.0,0.0
27,0,0.982117551532763,0.9696969696969697,0.9705619982158786,0.9696969696969697,0.9696969696969697
28,0,0.982117551532763,0.9696969696969697,0.9705619982158786,0.9696969696969697,0.9696969696969697
30,0,0.982117551532763,0.9696969696969697,0.9705619982158786,0.9696969696969697,0.9696969696969697
31,0,0.982117551532763,0.9696969696969697,0.9705619982158786,0.9696969696969697,0.9696969696969697
33,0,0.982117551532763,0.9696969696969697,0.9705619982158786,0.9696969696969697,0.9696969696969697
34,0,0.982117551532763,0.9696969696969697,0.9705619982158786,0.9696969696969697,0.9696969696969697
35,0,0.982117551532763,0.9696969696969697,0.9705619982158786,0.9696969696969697,0.9696969696969697
36,0,0.982117551532763,0.9696969696969697,0.9705619982158786,0.9696969696969697,0.9696969696969697
39,0,0.5675190824606082,0.3939393939393939,0.019714540588760036,0.3939393939393939,0.3939393939393939
40,0,0.5675190824606082,0.3939393939393939,0.019714540588760036,0.3939393939393939,0.3939393939393939
45,0,0.646478311851969,0.48484848484848486,0.028545941123996433,0.48484848484848486,0.48484848484848486
46,0,0.646478311851969,0.48484848484848486,0.028545941123996433,0.48484848484848486,0.48484848484848486
47,0,0.646478311851969,0.48484848484848486,0.028545941123996433,0.48484848484848486,0.48484848484848486
49,0,0.5100654423338367,0.3333333333333333,0.015165031222123104,0.33333333333333337,0.33333333333333337
50,0,0.5100654423338367,0.3333333333333333,0.015165031222123104,0.33333333333333337,0.33333333333333337
54,0,0.34066812232608495,0.18181818181818182,0.0067400138764991575,0.1818181818181818,0.1818181818181818
55,0,0.34066812232608495,0.18181818181818182,0.0067400138764991575,0.1818181818181818,0.1818181818181818
