5,0.33529411764705896,1.0,1.0,1.0,1.0,0.0
6,0.33529411764705896,1.0,1.0,1.0,1.0,0.0
7,0.33529411764705896,1.0,1.0,1.0,1.0,0.0
8,0.33529411764705896,1.0,1.0,1.0,1.0,0.0
9,0.33529411764705896,1.0,1.0,1.0,1.0,0.0
10,0.33529411764705896,1.0,1.0,1.0,1.0,0.0
11,0.0,0.10833411513748231,0.10769230769230773,0.03985507246376811,0.10020703933747403,1.0
12,0.0,0.10833411513748231,0.10769230769230773,0.03985507246376811,0.10020703933747403,1.0
13,0.0,0.10833411513748231,0.10769230769230773,0.03985507246376811,0.10020703933747403,1.0
14,0.0,0.10833411513748231,0.10769230769230773,0.03985507246376811,0.10020703933747403,1.0
15,0.0,0.10833411513748231,0.10769230769230773,0.03985507246376811,0.10020703933747403,1.0
16,0.0,0.10833411513748231,0.10769230769230773,0.03985507246376811,0.10020703933747403,1.0
17,0.0,0.10833411513748231,0.10769230769230773,0.03985507246376811,0.10020703933747403,1.0
18,0.0,0.10833411513748231,0.10769230769230773,0.03985507246376811,0.10020703933747403,1.0
19,0.0,0.10833411513748231,0.10769230769230773,0.03985507246376811,0.10020703933747403,1.0
20,0.0,0.10833411513748231,0.10769230769230773,0.03985507246376811,0.10020703933747403,1.0
21,0.0,0.10833411513748231,0.10769230769230773,0.03985507246376811,0.10020703933747403,1.0
22,0.0,0.10833411513748231,0.10769230769230773,0.03985507246376811,0.10020703933747403,1.0
26,0.10671936758893287,0.14740147639665177,0.11282051282051281,0.051669817265280416,0.12753623188405794,0.6304347826086953
27,0.10671936758893287,0.14740147639665177,0.11282051282051281,0.051669817265280416,0.12753623188405794,0.6304347826086953
28,0.10671936758893287,0.14740147639665177,0.11282051282051281,0.051669817265280416,0.12753623188405794,0.6304347826086953
29,0.10671936758893287,0.14740147639665177,0.11282051282051281,0.051669817265280416,0.12753623188405794,0.6304347826086953
30,0.10671936758893287,0.14740147639665177,0.11282051282051281,0.051669817265280416,0.12753623188405794,0.6304347826086953
34,0.0,0.10833411513748231,0.10769230769230773,0.03985507246376811,0.10020703933747403,1.0
36,0.0,0.10833411513748231,0.10769230769230773,0.03985507246376811,0.10020703933747403,1.0
37,0.0,0.10833411513748231,0.10769230769230773,0.03985507246376811,0.10020703933747403,1.0
38,0.0,0.10833411513748231,0.10769230769230773,0.03985507246376811,0.10020703933747403,1.0
39,0.0,0.10833411513748231,0.10769230769230773,0.03985507246376811,0.10020703933747403,1.0
40,0.0,0.10833411513748231,0.10769230769230773,0.03985507246376811,0.10020703933747403,1.0
41,0.0,0.10833411513748231,0.10769230769230773,0.03985507246376811,0.10020703933747403,1.0
42,0.23233695652173927,0.1888857909630998,0.11794871794871788,0.0645586297760211,0.15623188405797103,0.2608695652173912
43,0.23233695652173927,0.1888857909630998,0.11794871794871788,0.0645586297760211,0.15623188405797103,0.2608695652173912
44,0.23233695652173927,0.1888857909630998,0.11794871794871788,0.0645586297760211,0.15623188405797103,0.2608695652173912
45,0.23233695652173927,0.1888857909630998,0.11794871794871788,0.0645586297760211,0.15623188405797103,0.2608695652173912
46,0.23233695652173927,0.1888857909630998,0.11794871794871788,0.0645586297760211,0.15623188405797103,0.2608695652173912
50,0.012453572208870842,0.0,0.0,0.0,0.0,0.8478260869565215
51,0.012453572208870842,0.0,0.0,0.0,0.0,0.8478260869565215
52,0.012453572208870842,0.0,0.0,0.0,0.0,0.8478260869565215
53,0.012453572208870842,0.0,0.0,0.0,0.0,0.8478260869565215
54,0.012453572208870842,0.0,0.0,0.0,0.0,0.8478260869565215
60,1.0,0.2430928875810653,0.025641025641025664,0.05797101449275364,0.14170692431561988,0.9999999999999998
61,1.0,0.2430928875810653,0.025641025641025664,0.05797101449275364,0.14170692431561988,0.9999999999999998
62,1.0,0.2430928875810653,0.025641025641025664,0.05797101449275364,0.14170692431561988,0.9999999999999998
63,1.0,0.2430928875810653,0.025641025641025664,0.05797101449275364,0.14170692431561988,0.9999999999999998
64,1.0,0.2430928875810653,0.025641025641025664,0.05797101449275364,0.14170692431561988,0.9999999999999998
65,1.0,0.2430928875810653,0.025641025641025664,0.05797101449275364,0.14170692431561988,0.9999999999999998
66,1.0,0.2430928875810653,0.025641025641025664,0.05797101449275364,0.14170692431561988,0.9999999999999998
67,1.0,0.2430928875810653,0.025641025641025664,0.05797101449275364,0.14170692431561988,0.9999999999999998
68,1.0,0.2430928875810653,0.025641025641025664,0.05797101449275364,0.14170692431561988,0.9999999999999998
69,1.0,0.2430928875810653,0.025641025641025664,0.05797101449275364,0.14170692431561988,0.9999999999999998
70,1.0,0.2430928875810653,0.025641025641025664,0.05797101449275364,0.14170692431561988,0.9999999999999998
71,1.0,0.2430928875810653,0.025641025641025664,0.05797101449275364,0.14170692431561988,0.9999999999999998
75,1.0,0.2430928875810653,0.025641025641025664,0.05797101449275364,0.14170692431561988,0.9999999999999998
76,1.0,0.2430928875810653,0.025641025641025664,0.05797101449275364,0.14170692431561988,0.9999999999999998
77,1.0,0.2430928875810653,0.025641025641025664,0.05797101449275364,0.14170692431561988,0.9999999999999998
78,1.0,0.2430928875810653,0.025641025641025664,0.05797101449275364,0.14170692431561988,0.9999999999999998
79,1.0,0.2430928875810653,0.025641025641025664,0.05797101449275364,0.14170692431561988,0.9999999999999998
83,1.0,0.2430928875810653,0.025641025641025664,0.05797101449275364,0.14170692431561988,0.9999999999999998
86,0.33529411764705896,1.0,1.0,1.0,1.0,0.0
