3,0,1.0,1.0,1.0,1.0,1.0
6,0,1.0,1.0,1.0,1.0,1.0
8,0,1.0,1.0,1.0,1.0,1.0
10,0,1.0,1.0,1.0,1.0,1.0
12,0,1.0,1.0,1.0,1.0,1.0
14,0,0.9534625892455922,0.9090909090909091,0.18181818181818182,0.9090909090909091,0.9090909090909091
16,0,0.7862453931068965,0.6181818181818182,0.02943722943722944,0.6181818181818182,0.6181818181818182
20,0,1.0,1.0,1.0,1.0,1.0
22,0,0.6466697906828633,0.41818181818181815,0.013068181818181817,0.41818181818181815,0.41818181818181815
24,0,0.40451991747794525,0.16363636363636364,0.003557312252964427,0.16363636363636364,0.16363636363636364
25,0,0.40451991747794525,0.16363636363636364,0.003557312252964427,0.16363636363636364,0.16363636363636364
27,0,0.3302891295379082,0.10909090909090909,0.0022263450834879408,0.10909090909090909,0.10909090909090909
29,0,0.40451991747794525,0.16363636363636364,0.003557312252964427,0.16363636363636364,0.16363636363636364
30,0,0.40451991747794525,0.16363636363636364,0.003557312252964427,0.16363636363636364,0.16363636363636364
34,0,0.504524979109513,0.2545454545454545,0.0062084257206208434,0.2545454545454545,0.2545454545454545
37,0,0.7627700713964739,0.5818181818181818,0.025296442687747035,0.5818181818181818,0.5818181818181818
39,0,0.7627700713964739,0.5818181818181818,0.025296442687747035,0.5818181818181818,0.5818181818181818
41,0,0.4472135954999579,0.2,0.004545454545454545,0.2,0.2
42,0,0.4472135954999579,0.2,0.004545454545454545,0.2,0.2
44,0,0.40451991747794525,0.16363636363636364,0.003557312252964427,0.16363636363636364,0.16363636363636364
46,0,0.4472135954999579,0.2,0.004545454545454545,0.2,0.2
47,0,0.4472135954999579,0.2,0.004545454545454545,0.2,0.2
51,0,0.6179143806533246,0.38181818181818183,0.011229946524064172,0.38181818181818183,0.38181818181818183
56,0,0.0,0.0,0.0,0.0,0.0
60,0,1.0,1.0,1.0,1.0,1.0
