3,0,1.0,1.0,1.0,1.0,1.0
6,0,1.0,1.0,1.0,1.0,1.0
7,0,1.0,1.0,1.0,1.0,1.0
8,0,0.20341411126763573,0.08823529411764706,0.0028486936704739682,0.08823529411764706,0.08823529411764706
9,0,0.0,0.0,0.0,0.0,0.0
10,0,0.0,0.0,0.0,0.0,0.0
11,0,0.0,0.0,0.0,0.0,0.0
13,0,0.14890946442437825,0.058823529411764705,0.001839781328847771,0.05882352941176471,0.05882352941176471
14,0,0.0,0.0,0.0,0.0,0.0
15,0,0.0,0.0,0.0,0.0,0.0
16,0,0.0,0.0,0.0,0.0,0.0
19,0,0.08425688366512454,0.029411764705882353,0.000892015189744374,0.029411764705882353,0.029411764705882353
20,0,0.08425688366512454,0.029411764705882353,0.000892015189744374,0.029411764705882353,0.029411764705882353
21,0,0.08425688366512454,0.029411764705882353,0.000892015189744374,0.029411764705882353,0.029411764705882353
23,0,0.08425688366512454,0.029411764705882353,0.000892015189744374,0.029411764705882353,0.029411764705882353
27,0,0.9291477283450473,0.8823529411764706,0.22077375946173255,0.8823529411764706,0.8823529411764706
28,0,0.9291477283450473,0.8823529411764706,0.22077375946173255,0.8823529411764706,0.8823529411764706
29,0,0.9291477283450473,0.8823529411764706,0.22077375946173255,0.8823529411764706,0.8823529411764706
30,0,0.9291477283450473,0.8823529411764706,0.22077375946173255,0.8823529411764706,0.8823529411764706
31,0,0.9291477283450473,0.8823529411764706,0.22077375946173255,0.8823529411764706,0.8823529411764706
34,0,0.9291477283450473,0.8823529411764706,0.22077375946173255,0.8823529411764706,0.8823529411764706
35,0,0.9291477283450473,0.8823529411764706,0.22077375946173255,0.8823529411764706,0.8823529411764706
36,0,0.9291477283450473,0.8823529411764706,0.22077375946173255,0.8823529411764706,0.8823529411764706
37,0,0.9291477283450473,0.8823529411764706,0.22077375946173255,0.8823529411764706,0.8823529411764706
40,0,0.9291477283450473,0.8823529411764706,0.22077375946173255,0.8823529411764706,0.8823529411764706
42,0,0.9651109940991549,0.9411764705882353,0.4709840201850294,0.9411764705882353,0.9411764705882353
