2,0,1.0,1.0,1.0,1.0,1.0
3,0,1.0,1.0,1.0,1.0,1.0
4,0,1.0,1.0,1.0,1.0,1.0
5,0,1.0,1.0,1.0,1.0,1.0
7,0,1.0,1.0,1.0,1.0,1.0
8,0,1.0,1.0,1.0,1.0,1.0
9,0,1.0,1.0,1.0,1.0,1.0
10,0,1.0,1.0,1.0,1.0,1.0
11,0,1.0,1.0,1.0,1.0,1.0
12,0,1.0,1.0,1.0,1.0,1.0
13,0,1.0,1.0,1.0,1.0,1.0
14,0,1.0,1.0,1.0,1.0,1.0
15,0,0.8280522342664551,0.7777777777777778,0.13073639274279614,0.7777777777777779,0.7777777777777779
16,0,0.8280522342664551,0.7777777777777778,0.13073639274279614,0.7777777777777779,0.7777777777777779
17,0,0.8280522342664551,0.7777777777777778,0.13073639274279614,0.7777777777777779,0.7777777777777779
20,0,1.0,1.0,1.0,1.0,1.0
21,0,0.0,0.0,0.0,0.0,0.0
22,0,0.0,0.0,0.0,0.0,0.0
24,0,0.7668366749591242,0.7037037037037037,0.08871398078975454,0.7037037037037037,0.7037037037037037
25,0,0.7668366749591242,0.7037037037037037,0.08871398078975454,0.7037037037037037,0.7037037037037037
26,0,0.7668366749591242,0.7037037037037037,0.08871398078975454,0.7037037037037037,0.7037037037037037
27,0,0.7668366749591242,0.7037037037037037,0.08871398078975454,0.7037037037037037,0.7037037037037037
