2,0,1.0,1.0,1.0,1.0,1.0
5,0,1.0,1.0,1.0,1.0,1.0
6,0,1.0,1.0,1.0,1.0,1.0
7,0,1.0,1.0,1.0,1.0,1.0
8,0,1.0,1.0,1.0,1.0,1.0
9,0,1.0,1.0,1.0,1.0,1.0
11,0,0.11941849019733407,0.1,0.0056903264450434265,0.09999999999999998,0.09999999999999998
13,0,0.11941849019733407,0.1,0.0056903264450434265,0.09999999999999998,0.09999999999999998
15,0,0.11941849019733407,0.1,0.0056903264450434265,0.09999999999999998,0.09999999999999998
16,0,0.11941849019733407,0.1,0.0056903264450434265,0.09999999999999998,0.09999999999999998
17,0,0.11941849019733407,0.1,0.0056903264450434265,0.09999999999999998,0.09999999999999998
20,0,0.0,0.0,0.0,0.0,0.0
21,0,0.0,0.0,0.0,0.0,0.0
23,0,0.11941849019733407,0.1,0.0056903264450434265,0.09999999999999998,0.09999999999999998
24,0,0.11941849019733407,0.1,0.0056903264450434265,0.09999999999999998,0.09999999999999998
26,0,1.0,1.0,1.0,1.0,1.0
27,0,1.0,1.0,1.0,1.0,1.0
28,0,1.0,1.0,1.0,1.0,1.0
29,0,1.0,1.0,1.0,1.0,1.0
