11,0.8717948717948718,0.8760375907831331,0.9305555555555556,0.7435897435897436,0.7674418604651162,0.0
12,0.8717948717948718,0.8760375907831331,0.9305555555555556,0.7435897435897436,0.7674418604651162,0.0
18,0.8717948717948718,0.8760375907831331,0.9305555555555556,0.7435897435897436,0.7674418604651162,0.0
21,0.8717948717948718,0.8760375907831331,0.9305555555555556,0.7435897435897436,0.7674418604651162,0.0
22,0.8717948717948718,0.8760375907831331,0.9305555555555556,0.7435897435897436,0.7674418604651162,0.0
23,0.8717948717948718,0.8760375907831331,0.9305555555555556,0.7435897435897436,0.7674418604651162,0.0
25,0.8717948717948718,0.8760375907831331,0.9305555555555556,0.7435897435897436,0.7674418604651162,0.0
27,0.8717948717948718,0.8760375907831331,0.9305555555555556,0.7435897435897436,0.7674418604651162,0.0
28,0.8717948717948718,0.8760375907831331,0.9305555555555556,0.7435897435897436,0.7674418604651162,0.0
29,0.8717948717948718,0.8760375907831331,0.9305555555555556,0.7435897435897436,0.7674418604651162,0.0
31,0.8717948717948718,0.8760375907831331,0.9305555555555556,0.7435897435897436,0.7674418604651162,0.0
32,0.8717948717948718,0.8760375907831331,0.9305555555555556,0.7435897435897436,0.7674418604651162,0.0
34,0.8717948717948718,0.8760375907831331,0.9305555555555556,0.7435897435897436,0.7674418604651162,0.0
35,0.8717948717948718,0.8760375907831331,0.9305555555555556,0.7435897435897436,0.7674418604651162,0.0
37,0.8717948717948718,0.8760375907831331,0.9305555555555556,0.7435897435897436,0.7674418604651162,0.0
39,0.8717948717948718,0.8760375907831331,0.9305555555555556,0.7435897435897436,0.7674418604651162,0.0
40,0.8717948717948718,0.8760375907831331,0.9305555555555556,0.7435897435897436,0.7674418604651162,0.0
42,0.8717948717948718,0.8760375907831331,0.9305555555555556,0.7435897435897436,0.7674418604651162,0.0
43,0.8717948717948718,0.8760375907831331,0.9305555555555556,0.7435897435897436,0.7674418604651162,0.0
44,0.8717948717948718,0.8760375907831331,0.9305555555555556,0.7435897435897436,0.7674418604651162,0.0
45,0.8717948717948718,0.8760375907831331,0.9305555555555556,0.7435897435897436,0.7674418604651162,0.0
46,0.8717948717948718,0.8760375907831331,0.9305555555555556,0.7435897435897436,0.7674418604651162,0.0
48,0.8717948717948718,0.8760375907831331,0.9305555555555556,0.7435897435897436,0.7674418604651162,0.0
49,0.8717948717948718,0.8760375907831331,0.9305555555555556,0.7435897435897436,0.7674418604651162,0.0
50,0.8717948717948718,0.8760375907831331,0.9305555555555556,0.7435897435897436,0.7674418604651162,0.0
51,0.8717948717948718,0.8760375907831331,0.9305555555555556,0.7435897435897436,0.7674418604651162,0.0
52,0.8717948717948718,0.8760375907831331,0.9305555555555556,0.7435897435897436,0.7674418604651162,0.0
54,0.8717948717948718,0.8760375907831331,0.9305555555555556,0.7435897435897436,0.7674418604651162,0.0
55,0.8717948717948718,0.8760375907831331,0.9305555555555556,0.7435897435897436,0.7674418604651162,0.0
57,1.0,1.0,1.0,1.0,1.0,0.7692307692307692
58,1.0,1.0,1.0,1.0,1.0,0.7692307692307692
59,0.0,0.0,0.0,0.0,0.0,1.0
60,0.0,0.0,0.020833333333333336,0.0,0.0,0.7692307692307692
61,0.0,0.0,0.020833333333333336,0.0,0.0,0.7692307692307692
