5,1.0,1.0,1.0,1.0,1.0,0
6,1.0,1.0,1.0,1.0,1.0,0
7,1.0,1.0,1.0,1.0,1.0,0
8,1.0,1.0,1.0,1.0,1.0,0
9,1.0,1.0,1.0,1.0,1.0,0
12,1.0,1.0,1.0,1.0,1.0,0
14,1.0,1.0,1.0,1.0,1.0,0
15,1.0,1.0,1.0,1.0,1.0,0
16,1.0,1.0,1.0,1.0,1.0,0
17,1.0,1.0,1.0,1.0,1.0,0
19,1.0,1.0,1.0,1.0,1.0,0
20,1.0,1.0,1.0,1.0,1.0,0
21,1.0,1.0,1.0,1.0,1.0,0
22,1.0,1.0,1.0,1.0,1.0,0
23,1.0,1.0,1.0,1.0,1.0,0
24,1.0,1.0,1.0,1.0,1.0,0
25,1.0,1.0,1.0,1.0,1.0,0
26,1.0,1.0,1.0,1.0,1.0,0
27,0.0,0.0,0.0,0.0,0.0,0
28,1.0,1.0,1.0,1.0,1.0,0
30,1.0,1.0,1.0,1.0,1.0,0
31,1.0,1.0,1.0,1.0,1.0,0
33,0.0,0.0,0.0,0.0,0.0,0
34,1.0,1.0,1.0,1.0,1.0,0
