3,0.0,0.6567049257233079,0.9691252144082333,0.06673407482305355,0.07534883720930238,0.0
5,0.0,0.6567049257233079,0.9691252144082333,0.06673407482305355,0.07534883720930238,0.0
6,0.0,0.6567049257233079,0.9691252144082333,0.06673407482305355,0.07534883720930238,0.0
7,0.0,0.6567049257233079,0.9691252144082333,0.06673407482305355,0.07534883720930238,0.0
8,0.0,0.6567049257233079,0.9691252144082333,0.06673407482305355,0.07534883720930238,0.0
10,0.0,0.6567049257233079,0.9691252144082333,0.06673407482305355,0.07534883720930238,0.0
11,0.06697796585437008,0.6958191440691314,0.9794168096054888,0.10708491076257434,0.12023750618505692,0.15584415584415576
13,0.0,0.6567049257233079,0.9691252144082333,0.06673407482305355,0.07534883720930238,0.0
14,0.0,0.6567049257233079,0.9691252144082333,0.06673407482305355,0.07534883720930238,0.0
15,0.057134558732002905,0.6074559222054676,0.8370497427101201,0.09302325581395349,0.10465116279069768,0.11688311688311688
16,0.057134558732002905,0.6074559222054676,0.8370497427101201,0.09302325581395349,0.10465116279069768,0.11688311688311688
18,0.0,0.6567049257233079,0.9691252144082333,0.06673407482305355,0.07534883720930238,0.0
19,0.0,0.6567049257233079,0.9691252144082333,0.06673407482305355,0.07534883720930238,0.0
20,0.21545923955562513,0.7865600515229447,1.0,0.20741671904462605,0.22972206466250716,0.4675324675324675
21,0.21545923955562513,0.7865600515229447,1.0,0.20741671904462605,0.22972206466250716,0.4675324675324675
23,0.0,0.6567049257233079,0.9691252144082333,0.06673407482305355,0.07534883720930238,0.0
24,0.0186866425110938,0.5864176028279096,0.8319039451114922,0.07034883720930227,0.07939053728949481,0.03896103896103887
26,0.22434017595307898,0.607255908076878,0.7135506003430532,0.1884944920440636,0.20930232558139536,0.3636363636363637
27,0.3768472906403942,0.6943041610434038,0.7272727272727272,0.3028001898433792,0.3310782241014799,0.5714285714285714
28,0.6244897959183674,0.0,0.0,0.0,0.0,0.14285714285714288
29,0.6244897959183674,0.0,0.0,0.0,0.0,0.14285714285714288
30,0.6244897959183674,0.0,0.0,0.0,0.0,0.14285714285714288
32,0.24231865695280352,0.51215919329159,0.5711835334476844,0.18120155038759692,0.20140412461605978,0.3246753246753247
33,1.0,1.0,0.6157804459691253,1.0,1.0,1.0
34,1.0,1.0,0.6157804459691253,1.0,1.0,1.0
35,1.0,1.0,0.6157804459691253,1.0,1.0,1.0
38,0.0746997363538718,0.2009286911857946,0.27444253859348194,0.027655562539283474,0.03139534883720931,0.06493506493506496
39,0.0746997363538718,0.2009286911857946,0.27444253859348194,0.027655562539283474,0.03139534883720931,0.06493506493506496
42,0.22434017595307898,0.607255908076878,0.7135506003430532,0.1884944920440636,0.20930232558139536,0.3636363636363637
44,0.0,0.6567049257233079,0.9691252144082333,0.06673407482305355,0.07534883720930238,0.0
