3,1.0,1.0,1.0,1.0,1.0,0.0
6,1.0,1.0,1.0,1.0,1.0,0.0
7,1.0,1.0,1.0,1.0,1.0,0.0
8,1.0,1.0,1.0,1.0,1.0,0.0
9,1.0,1.0,1.0,1.0,1.0,0.0
10,1.0,1.0,1.0,1.0,1.0,0.0
11,1.0,1.0,1.0,1.0,1.0,0.0
12,1.0,1.0,1.0,1.0,1.0,0.0
13,1.0,1.0,1.0,1.0,1.0,0.0
14,1.0,1.0,1.0,1.0,1.0,0.0
15,0.9189189189189189,0.9037362062210313,0.8478260869565217,0.5666666666666667,0.85,0.22500000000000003
16,0.8235294117647058,0.7981227975693964,0.6956521739130435,0.35000000000000003,0.7,0.45000000000000007
17,0.8235294117647058,0.7981227975693964,0.6956521739130435,0.35000000000000003,0.7,0.45000000000000007
18,0.9130434782608696,0.8188567126118425,0.7028985507246377,0.3818181818181818,0.728,0.20000000000000012
19,0.9130434782608696,0.8188567126118425,0.7028985507246377,0.3818181818181818,0.728,0.20000000000000012
20,0.9130434782608696,0.8188567126118425,0.7028985507246377,0.3818181818181818,0.728,0.20000000000000012
21,0.9130434782608696,0.8188567126118425,0.7028985507246377,0.3818181818181818,0.728,0.20000000000000012
23,0.9873417721518988,0.803851025121095,0.6594202898550724,0.35454545454545455,0.7041666666666666,0.02499999999999991
24,0.9189189189189189,0.9037362062210313,0.8478260869565217,0.5666666666666667,0.85,0.22500000000000003
25,0.6206896551724138,0.34205262752974136,0.16666666666666666,0.047368421052631574,0.17727272727272725,0.275
26,0.8235294117647058,0.7981227975693964,0.6956521739130435,0.35000000000000003,0.7,0.45000000000000007
27,0.0,0.0,0.0,0.0,0.0,1.0
28,0.9130434782608696,0.8188567126118425,0.7028985507246377,0.3818181818181818,0.728,0.20000000000000012
29,0.26086956521739135,0.14719601443879743,0.06521739130434781,0.014285714285714284,0.05909090909090909,0.425
31,0.9130434782608696,0.8188567126118425,0.7028985507246377,0.3818181818181818,0.728,0.20000000000000012
32,0.9189189189189189,0.9037362062210313,0.8478260869565217,0.5666666666666667,0.85,0.22500000000000003
33,0.9189189189189189,0.9037362062210313,0.8478260869565217,0.5666666666666667,0.85,0.22500000000000003
34,0.9189189189189189,0.9037362062210313,0.8478260869565217,0.5666666666666667,0.85,0.22500000000000003
35,0.9189189189189189,0.9037362062210313,0.8478260869565217,0.5666666666666667,0.85,0.22500000000000003
37,0.9473684210526316,0.9367496997597595,0.8985507246376812,0.6749999999999999,0.8999999999999999,0.14999999999999997
38,0.9473684210526316,0.9367496997597595,0.8985507246376812,0.6749999999999999,0.8999999999999999,0.14999999999999997
39,0.9473684210526316,0.9367496997597595,0.8985507246376812,0.6749999999999999,0.8999999999999999,0.14999999999999997
40,0.9473684210526316,0.9367496997597595,0.8985507246376812,0.6749999999999999,0.8999999999999999,0.14999999999999997
41,0.9473684210526316,0.9367496997597595,0.8985507246376812,0.6749999999999999,0.8999999999999999,0.14999999999999997
43,0.979591836734694,0.8901578244226989,0.8043478260869565,0.5333333333333333,0.832,0.04999999999999999
44,0.979591836734694,0.8901578244226989,0.8043478260869565,0.5333333333333333,0.832,0.04999999999999999
45,0.979591836734694,0.8901578244226989,0.8043478260869565,0.5333333333333333,0.832,0.04999999999999999
47,0.979591836734694,0.8901578244226989,0.8043478260869565,0.5333333333333333,0.832,0.04999999999999999
48,0.9473684210526315,0.8551315688243534,0.7536231884057971,0.44999999999999996,0.7799999999999999,0.12500000000000006
49,0.9473684210526316,0.9367496997597595,0.8985507246376812,0.6749999999999999,0.8999999999999999,0.14999999999999997
52,1.0,1.0,1.0,1.0,1.0,0.0
