2,1.0,1.0,1.0,1.0,1.0,0
5,1.0,1.0,1.0,1.0,1.0,0
6,1.0,1.0,1.0,1.0,1.0,0
7,1.0,1.0,1.0,1.0,1.0,0
8,1.0,1.0,1.0,1.0,1.0,0
9,1.0,1.0,1.0,1.0,1.0,0
11,1.0,1.0,1.0,1.0,1.0,0
13,1.0,1.0,1.0,1.0,1.0,0
15,1.0,1.0,1.0,1.0,1.0,0
16,1.0,1.0,1.0,1.0,1.0,0
18,1.0,1.0,1.0,1.0,1.0,0
20,1.0,1.0,1.0,1.0,1.0,0
21,1.0,1.0,1.0,1.0,1.0,0
22,1.0,1.0,1.0,1.0,1.0,0
25,1.0,1.0,1.0,1.0,1.0,0
27,1.0,1.0,1.0,1.0,1.0,0
28,1.0,1.0,1.0,1.0,1.0,0
29,1.0,1.0,1.0,1.0,1.0,0
32,1.0,1.0,1.0,1.0,1.0,0
33,0.0,0.0,0.0,0.0,0.0,0
36,1.0,1.0,1.0,1.0,1.0,0
39,1.0,1.0,1.0,1.0,1.0,0
