3,0.5407944176060119,1.0,1.0,1.0,1.0,0.0
4,0.5407944176060119,1.0,1.0,1.0,1.0,0.0
6,0.5407944176060119,1.0,1.0,1.0,1.0,0.0
7,0.5407944176060119,1.0,1.0,1.0,1.0,0.0
8,0.5407944176060119,1.0,1.0,1.0,1.0,0.0
9,0.43503384513785687,0.7938416123262982,0.7426035502958581,0.8128422100547537,0.8301445578231293,1.0
11,0.5407944176060119,1.0,1.0,1.0,1.0,0.0
12,0.488573680063042,0.4032074709153085,0.25443786982248523,0.5547309833024118,0.5836734693877551,0.20689655172413812
13,0.6968529222864482,0.30638634556979977,0.13609467455621302,0.4693877551020408,0.49886621315192736,0.379310344827586
14,0.6968529222864482,0.30638634556979977,0.13609467455621302,0.4693877551020408,0.49886621315192736,0.379310344827586
15,0.0,0.0,0.0,0.0,0.0,0.8965517241379314
16,0.6968529222864482,0.30638634556979977,0.13609467455621302,0.4693877551020408,0.49886621315192736,0.379310344827586
18,0.1580020387359835,0.022971427375019293,0.002958579881656809,0.03129251700680271,0.03507653061224491,0.5862068965517245
20,0.5677655677655677,0.7573808876901569,0.6301775147928995,0.8961038961038961,0.9065934065934067,0.20689655172413732
21,1.0,0.37869044384507844,0.14201183431952663,0.6034985422740524,0.6313775510204082,1.0
22,0.5677655677655677,0.08510873509918596,0.008875739644970411,0.10832025117739406,0.1202623906705539,0.03448275862068962
23,1.0,0.37869044384507844,0.14201183431952663,0.6034985422740524,0.6313775510204082,1.0
26,0.39641943734015345,0.49585767492890115,0.3727810650887574,0.6034985422740524,0.6313775510204082,0.7931034482758627
27,0.5407944176060119,1.0,1.0,1.0,1.0,0.0
