3,0,1.0,1.0,1.0,1.0,1.0
5,0,1.0,1.0,1.0,1.0,1.0
6,0,1.0,1.0,1.0,1.0,1.0
7,0,1.0,1.0,1.0,1.0,1.0
9,0,1.0,1.0,1.0,1.0,1.0
10,0,1.0,1.0,1.0,1.0,1.0
12,0,0.9552183535671397,0.9444444444444444,0.9635627530364372,0.9444444444444446,0.9444444444444446
14,0,1.0,1.0,1.0,1.0,1.0
16,0,1.0,1.0,1.0,1.0,1.0
17,0,1.0,1.0,1.0,1.0,1.0
19,0,0.5073973141644932,0.4444444444444444,0.045344129554655874,0.44444444444444453,0.44444444444444453
20,0,0.5073973141644932,0.4444444444444444,0.045344129554655874,0.44444444444444453,0.44444444444444453
24,0,0.0,0.0,0.0,0.0,0.0
26,0,1.0,1.0,1.0,1.0,1.0
