3,0,0.845151157587478,0.8064516129032258,0.13570194917345177,0.8064516129032256,0.8064516129032256
5,0,0.845151157587478,0.8064516129032258,0.13570194917345177,0.8064516129032256,0.8064516129032256
9,0,1.0,1.0,1.0,1.0,1.0
12,0,1.0,1.0,1.0,1.0,1.0
13,0,1.0,1.0,1.0,1.0,1.0
14,0,1.0,1.0,1.0,1.0,1.0
15,0,1.0,1.0,1.0,1.0,1.0
17,0,1.0,1.0,1.0,1.0,1.0
19,0,1.0,1.0,1.0,1.0,1.0
20,0,1.0,1.0,1.0,1.0,1.0
21,0,1.0,1.0,1.0,1.0,1.0
23,0,1.0,1.0,1.0,1.0,1.0
25,0,0.24881860480325282,0.1935483870967742,0.007816432272390822,0.19354838709677416,0.19354838709677416
26,0,0.24881860480325282,0.1935483870967742,0.007816432272390822,0.19354838709677416,0.19354838709677416
27,0,0.24881860480325282,0.1935483870967742,0.007816432272390822,0.19354838709677416,0.19354838709677416
29,0,0.974960828733357,0.967741935483871,0.9770540340488527,0.967741935483871,0.967741935483871
31,0,0.04495365706486971,0.03225806451612903,0.001085615593387614,0.032258064516129004,0.032258064516129004
32,0,0.04495365706486971,0.03225806451612903,0.001085615593387614,0.032258064516129004,0.032258064516129004
33,0,0.04495365706486971,0.03225806451612903,0.001085615593387614,0.032258064516129004,0.032258064516129004
35,0,0.9496287717839483,0.9354838709677419,0.4722427831236122,0.935483870967742,0.935483870967742
37,0,0.08832850693214205,0.06451612903225806,0.0022461012276985123,0.06451612903225801,0.06451612903225801
38,0,0.08832850693214205,0.06451612903225806,0.0022461012276985123,0.06451612903225801,0.06451612903225801
39,0,0.08832850693214205,0.06451612903225806,0.0022461012276985123,0.06451612903225801,0.06451612903225801
40,0,0.08832850693214205,0.06451612903225806,0.0022461012276985123,0.06451612903225801,0.06451612903225801
41,0,0.08832850693214205,0.06451612903225806,0.0022461012276985123,0.06451612903225801,0.06451612903225801
42,0,0.08832850693214205,0.06451612903225806,0.0022461012276985123,0.06451612903225801,0.06451612903225801
43,0,0.08832850693214205,0.06451612903225806,0.0022461012276985123,0.06451612903225801,0.06451612903225801
45,0,0.8980432562124525,0.8709677419354839,0.21983715766099185,0.8709677419354837,0.8709677419354837
47,0,0.28621896641215977,0.22580645161290322,0.009499136442141624,0.22580645161290316,0.22580645161290316
48,0,0.28621896641215977,0.22580645161290322,0.009499136442141624,0.22580645161290316,0.22580645161290316
49,0,0.28621896641215977,0.22580645161290322,0.009499136442141624,0.22580645161290316,0.22580645161290316
51,0,0.845151157587478,0.8064516129032258,0.13570194917345177,0.8064516129032256,0.8064516129032256
53,0,0.28621896641215977,0.22580645161290322,0.009499136442141624,0.22580645161290316,0.22580645161290316
54,0,0.28621896641215977,0.22580645161290322,0.009499136442141624,0.22580645161290316,0.22580645161290316
55,0,0.28621896641215977,0.22580645161290322,0.009499136442141624,0.22580645161290316,0.22580645161290316
56,0,0.28621896641215977,0.22580645161290322,0.009499136442141624,0.22580645161290316,0.22580645161290316
58,0,0.6775123434437347,0.6129032258064516,0.05156674068591167,0.6129032258064516,0.6129032258064516
60,0,0.24881860480325282,0.1935483870967742,0.007816432272390822,0.19354838709677416,0.19354838709677416
61,0,0.24881860480325282,0.1935483870967742,0.007816432272390822,0.19354838709677416,0.19354838709677416
62,0,0.24881860480325282,0.1935483870967742,0.007816432272390822,0.19354838709677416,0.19354838709677416
64,0,0.5877776952170423,0.5161290322580645,0.03473969898840365,0.5161290322580644,0.5161290322580644
66,0,0.0,0.0,0.0,0.0,0.0
67,0,0.0,0.0,0.0,0.0,0.0
68,0,0.0,0.0,0.0,0.0,0.0
69,0,0.0,0.0,0.0,0.0,0.0
70,0,0.0,0.0,0.0,0.0,0.0
71,0,0.0,0.0,0.0,0.0,0.0
72,0,0.0,0.0,0.0,0.0,0.0
73,0,0.0,0.0,0.0,0.0,0.0
74,0,0.0,0.0,0.0,0.0,0.0
76,0,0.49326851210396666,0.41935483870967744,0.02352167119006497,0.41935483870967744,0.41935483870967744
78,0,0.322695434283769,0.25806451612903225,0.011328162713609886,0.25806451612903225,0.25806451612903225
79,0,0.322695434283769,0.25806451612903225,0.011328162713609886,0.25806451612903225,0.25806451612903225
80,0,0.322695434283769,0.25806451612903225,0.011328162713609886,0.25806451612903225,0.25806451612903225
81,0,0.322695434283769,0.25806451612903225,0.011328162713609886,0.25806451612903225,0.25806451612903225
82,0,0.322695434283769,0.25806451612903225,0.011328162713609886,0.25806451612903225,0.25806451612903225
83,0,0.322695434283769,0.25806451612903225,0.011328162713609886,0.25806451612903225,0.25806451612903225
84,0,0.322695434283769,0.25806451612903225,0.011328162713609886,0.25806451612903225,0.25806451612903225
88,0,0.1302800625321407,0.0967741935483871,0.003489478693031616,0.09677419354838708,0.09677419354838708
92,0,1.0,1.0,1.0,1.0,1.0
93,0,1.0,1.0,1.0,1.0,1.0
95,0,1.0,1.0,1.0,1.0,1.0
97,0,1.0,1.0,1.0,1.0,1.0
98,0,1.0,1.0,1.0,1.0,1.0
