2,0.3611111111111105,1.0,1.0,1.0,1.0,0.0
3,0.3611111111111105,1.0,1.0,1.0,1.0,0.0
5,0.3611111111111105,1.0,1.0,1.0,1.0,0.0
6,0.3611111111111105,1.0,1.0,1.0,1.0,0.0
7,0.3611111111111105,1.0,1.0,1.0,1.0,0.0
9,0.3611111111111105,1.0,1.0,1.0,1.0,0.0
11,0.3611111111111105,1.0,1.0,1.0,1.0,0.0
13,0.3611111111111105,1.0,1.0,1.0,1.0,0.0
15,0.3611111111111105,1.0,1.0,1.0,1.0,0.0
17,0.2127976190476169,0.2160964900660144,0.266955266955267,0.08695652173913028,0.0909090909090913,0.3636363636363638
18,0.2127976190476169,0.2160964900660144,0.266955266955267,0.08695652173913028,0.0909090909090913,0.3636363636363638
19,0.2127976190476169,0.2160964900660144,0.266955266955267,0.08695652173913028,0.0909090909090913,0.3636363636363638
23,0.3611111111111105,1.0,1.0,1.0,1.0,0.0
24,0.3611111111111105,1.0,1.0,1.0,1.0,0.0
26,0.3611111111111105,1.0,1.0,1.0,1.0,0.0
27,0.33758262511803483,0.8246630552572619,0.8167388167388169,0.8278688524590169,0.8347107438016536,0.09090909090909145
29,0.3075268817204293,0.6375810245027901,0.6334776334776335,0.6250000000000002,0.6363636363636369,0.1818181818181809
30,0.3611111111111105,1.0,1.0,1.0,1.0,0.0
32,1.0,0.0,0.0,0.0,0.0,1.0
33,1.0,0.0,0.0,0.0,0.0,1.0
36,0.0,0.27612420566325846,0.35497835497835506,0.058823529411764816,0.061583577712610485,0.999999999999998
37,0.0,0.27612420566325846,0.35497835497835506,0.058823529411764816,0.061583577712610485,0.999999999999998
38,0.0,0.27612420566325846,0.35497835497835506,0.058823529411764816,0.061583577712610485,0.999999999999998
