5,0.0,0.0,0.0,0.0,0.0,0.0
6,0.0,0.0,0.0,0.0,0.0,0.0
9,0.0,0.0,0.0,0.0,0.0,0.0
10,0.0,0.0,0.0,0.0,0.0,0.0
12,0.0,0.0,0.0,0.0,0.0,0.0
13,0.0,0.0,0.0,0.0,0.0,0.0
16,0.0,0.0,0.0,0.0,0.0,0.0
18,0.0,0.0,0.0,0.0,0.0,0.0
19,0.0,0.0,0.0,0.0,0.0,0.0
20,0.0,0.0,0.0,0.0,0.0,0.0
21,0.26440677966101594,0.24485607632323086,0.3,0.22499999999999995,0.22758620689655168,0.30000000000000004
22,0.26440677966101594,0.24485607632323086,0.3,0.22499999999999995,0.22758620689655168,0.30000000000000004
23,0.26440677966101594,0.24485607632323086,0.3,0.22499999999999995,0.22758620689655168,0.30000000000000004
24,1.0,1.0,1.0,1.0,1.0,1.0
25,1.0,1.0,1.0,1.0,1.0,1.0
28,0.3586206896551716,0.33509592991435344,0.4,0.31111111111111106,0.3142857142857141,0.3999999999999999
29,0.6618181818181808,0.6375821237793231,0.7,0.6124999999999999,0.616,0.7
30,0.6618181818181808,0.6375821237793231,0.7,0.6124999999999999,0.616,0.7
31,0.6618181818181808,0.6375821237793231,0.7,0.6124999999999999,0.616,0.7
32,0.6618181818181808,0.6375821237793231,0.7,0.6124999999999999,0.616,0.7
33,0.6618181818181808,0.6375821237793231,0.7,0.6124999999999999,0.616,0.7
38,0.0,0.0,0.0,0.0,0.0,0.0
40,0.0,0.0,0.0,0.0,0.0,0.0
43,0.0,0.0,0.0,0.0,0.0,0.0
45,0.0,0.0,0.0,0.0,0.0,0.0
46,0.0,0.0,0.0,0.0,0.0,0.0
47,0.4561403508771916,0.4303037934186853,0.5,0.4038461538461541,0.4074074074074072,0.49999999999999983
48,0.8830188679245272,0.8713403363415553,0.9,0.8590909090909093,0.8608695652173911,0.8999999999999998
49,0.8830188679245272,0.8713403363415553,0.9,0.8590909090909093,0.8608695652173911,0.8999999999999998
50,0.8830188679245272,0.8713403363415553,0.9,0.8590909090909093,0.8608695652173911,0.8999999999999998
54,0.0,0.0,0.0,0.0,0.0,0.0
