4,0.5147058823529411,0.28867513459481287,0.5714285714285714,0.029411764705882353,0.08333333333333333,0.0
6,0.5147058823529411,0.28867513459481287,0.5714285714285714,0.029411764705882353,0.08333333333333333,0.0
7,0.5147058823529411,0.28867513459481287,0.5714285714285714,0.029411764705882353,0.08333333333333333,0.0
9,0.5147058823529411,0.28867513459481287,0.5714285714285714,0.029411764705882353,0.08333333333333333,0.0
10,0.5147058823529411,0.28867513459481287,0.5714285714285714,0.029411764705882353,0.08333333333333333,0.0
11,0.5147058823529411,0.28867513459481287,0.5714285714285714,0.029411764705882353,0.08333333333333333,0.0
12,0.5147058823529411,0.28867513459481287,0.5714285714285714,0.029411764705882353,0.08333333333333333,0.0
13,0.5147058823529411,0.28867513459481287,0.5714285714285714,0.029411764705882353,0.08333333333333333,0.0
14,0.5384615384615384,0.3015113445777636,0.6103896103896104,0.03225806451612903,0.09090909090909091,0.09090909090909093
15,0.5384615384615384,0.3015113445777636,0.6103896103896104,0.03225806451612903,0.09090909090909091,0.09090909090909093
19,0.5147058823529411,0.28867513459481287,0.5714285714285714,0.029411764705882353,0.08333333333333333,0.0
21,0.5147058823529411,0.28867513459481287,0.5714285714285714,0.029411764705882353,0.08333333333333333,0.0
23,0.5147058823529411,0.28867513459481287,0.5714285714285714,0.029411764705882353,0.08333333333333333,0.0
24,0.5147058823529411,0.28867513459481287,0.5714285714285714,0.029411764705882353,0.08333333333333333,0.0
25,0.5384615384615384,0.3015113445777636,0.6103896103896104,0.03225806451612903,0.09090909090909091,0.09090909090909093
27,0.5147058823529411,0.28867513459481287,0.5714285714285714,0.029411764705882353,0.08333333333333333,0.0
28,0.5833333333333333,0.32732683535398854,0.6753246753246753,0.038461538461538464,0.10714285714285714,0.2424242424242425
31,0.5147058823529411,0.28867513459481287,0.5714285714285714,0.029411764705882353,0.08333333333333333,0.0
33,0.5147058823529411,0.28867513459481287,0.5714285714285714,0.029411764705882353,0.08333333333333333,0.0
35,0.5147058823529411,0.28867513459481287,0.5714285714285714,0.029411764705882353,0.08333333333333333,0.0
36,0.5147058823529411,0.28867513459481287,0.5714285714285714,0.029411764705882353,0.08333333333333333,0.0
37,0.5147058823529411,0.28867513459481287,0.5714285714285714,0.029411764705882353,0.08333333333333333,0.0
38,0.5147058823529411,0.28867513459481287,0.5714285714285714,0.029411764705882353,0.08333333333333333,0.0
39,0.5833333333333333,0.32732683535398854,0.6753246753246753,0.038461538461538464,0.10714285714285714,0.2424242424242425
40,0.5833333333333333,0.32732683535398854,0.6753246753246753,0.038461538461538464,0.10714285714285714,0.2424242424242425
41,0.5833333333333333,0.32732683535398854,0.6753246753246753,0.038461538461538464,0.10714285714285714,0.2424242424242425
43,0.6603773584905659,0.3779644730092272,0.7662337662337663,0.05263157894736842,0.14285714285714285,0.45454545454545453
44,1.0,1.0,1.0,1.0,1.0,1.0
45,1.0,1.0,1.0,1.0,1.0,1.0
50,0.5147058823529411,0.28867513459481287,0.5714285714285714,0.029411764705882353,0.08333333333333333,0.0
52,0.5384615384615384,0.3015113445777636,0.6103896103896104,0.03225806451612903,0.09090909090909091,0.09090909090909093
53,0.5384615384615384,0.3015113445777636,0.6103896103896104,0.03225806451612903,0.09090909090909091,0.09090909090909093
54,0.5384615384615384,0.3015113445777636,0.6103896103896104,0.03225806451612903,0.09090909090909091,0.09090909090909093
55,0.5384615384615384,0.3015113445777636,0.6103896103896104,0.03225806451612903,0.09090909090909091,0.09090909090909093
56,0.5384615384615384,0.3015113445777636,0.6103896103896104,0.03225806451612903,0.09090909090909091,0.09090909090909093
57,0.5384615384615384,0.3015113445777636,0.6103896103896104,0.03225806451612903,0.09090909090909091,0.09090909090909093
58,0.5384615384615384,0.3015113445777636,0.6103896103896104,0.03225806451612903,0.09090909090909091,0.09090909090909093
59,0.5384615384615384,0.3015113445777636,0.6103896103896104,0.03225806451612903,0.09090909090909091,0.09090909090909093
60,0.5384615384615384,0.3015113445777636,0.6103896103896104,0.03225806451612903,0.09090909090909091,0.09090909090909093
62,0.5384615384615384,0.3015113445777636,0.6103896103896104,0.03225806451612903,0.09090909090909091,0.09090909090909093
63,0.0,0.0,0.10389610389610389,0.0,0.0,0.0
65,0.0,0.0,0.10389610389610389,0.0,0.0,0.0
66,0.0,0.0,0.10389610389610389,0.0,0.0,0.0
67,0.0,0.0,0.10389610389610389,0.0,0.0,0.0
69,0.0,0.0,0.10389610389610389,0.0,0.0,0.0
70,0.0,0.0,0.10389610389610389,0.0,0.0,0.0
71,0.0,0.0,0.10389610389610389,0.0,0.0,0.0
72,0.0,0.0,0.10389610389610389,0.0,0.0,0.0
73,0.0,0.0,0.10389610389610389,0.0,0.0,0.0
74,0.0,0.0,0.10389610389610389,0.0,0.0,0.0
76,0.0,0.0,0.10389610389610389,0.0,0.0,0.0
78,0.0,0.0,0.10389610389610389,0.0,0.0,0.0
79,0.5147058823529411,0.28867513459481287,0.5714285714285714,0.029411764705882353,0.08333333333333333,0.0
81,0.5147058823529411,0.28867513459481287,0.5714285714285714,0.029411764705882353,0.08333333333333333,0.0
82,0.5147058823529411,0.28867513459481287,0.5714285714285714,0.029411764705882353,0.08333333333333333,0.0
83,0.5147058823529411,0.28867513459481287,0.5714285714285714,0.029411764705882353,0.08333333333333333,0.0
85,0.5147058823529411,0.28867513459481287,0.5714285714285714,0.029411764705882353,0.08333333333333333,0.0
86,0.5147058823529411,0.28867513459481287,0.5714285714285714,0.029411764705882353,0.08333333333333333,0.0
87,0.5147058823529411,0.28867513459481287,0.5714285714285714,0.029411764705882353,0.08333333333333333,0.0
88,0.5147058823529411,0.28867513459481287,0.5714285714285714,0.029411764705882353,0.08333333333333333,0.0
89,0.5147058823529411,0.28867513459481287,0.5714285714285714,0.029411764705882353,0.08333333333333333,0.0
92,0.5147058823529411,0.28867513459481287,0.5714285714285714,0.029411764705882353,0.08333333333333333,0.0
93,0.5147058823529411,0.28867513459481287,0.5714285714285714,0.029411764705882353,0.08333333333333333,0.0
94,0.5147058823529411,0.28867513459481287,0.5714285714285714,0.029411764705882353,0.08333333333333333,0.0
95,0.5147058823529411,0.28867513459481287,0.5714285714285714,0.029411764705882353,0.08333333333333333,0.0
96,0.0,0.0,0.0,0.0,0.0,0.24242424242424243
98,0.5833333333333333,0.32732683535398854,0.6753246753246753,0.038461538461538464,0.10714285714285714,0.2424242424242425
99,0.5833333333333333,0.32732683535398854,0.6753246753246753,0.038461538461538464,0.10714285714285714,0.2424242424242425
100,0.5833333333333333,0.32732683535398854,0.6753246753246753,0.038461538461538464,0.10714285714285714,0.2424242424242425
101,0.5833333333333333,0.32732683535398854,0.6753246753246753,0.038461538461538464,0.10714285714285714,0.2424242424242425
102,0.5833333333333333,0.32732683535398854,0.6753246753246753,0.038461538461538464,0.10714285714285714,0.2424242424242425
104,0.5833333333333333,0.32732683535398854,0.6753246753246753,0.038461538461538464,0.10714285714285714,0.2424242424242425
107,0.5147058823529411,0.28867513459481287,0.5714285714285714,0.029411764705882353,0.08333333333333333,0.0
108,0.5147058823529411,0.28867513459481287,0.5714285714285714,0.029411764705882353,0.08333333333333333,0.0
109,0.5147058823529411,0.28867513459481287,0.5714285714285714,0.029411764705882353,0.08333333333333333,0.0
110,0.5147058823529411,0.28867513459481287,0.5714285714285714,0.029411764705882353,0.08333333333333333,0.0
