2,0.6025641025641025,1.0,1.0,0.9887123745819397,0.9906832298136643,0.0
6,0.6025641025641025,1.0,1.0,0.9887123745819397,0.9906832298136643,0.0
8,0.6025641025641025,1.0,1.0,0.9887123745819397,0.9906832298136643,0.0
10,0.6025641025641025,1.0,1.0,0.9887123745819397,0.9906832298136643,0.0
11,0.6025641025641025,1.0,1.0,0.9887123745819397,0.9906832298136643,0.0
14,0.0,0.0,0.0,0.0,0.0,0.8108108108108111
15,0.0,0.0,0.0,0.0,0.0,0.8108108108108111
17,0.0,0.0,0.0,0.0,0.0,0.8108108108108111
18,0.0,0.0,0.0,0.0,0.0,0.8108108108108111
19,0.0,0.0,0.0,0.0,0.0,0.8108108108108111
21,0.0,0.0,0.0,0.0,0.0,0.8108108108108111
22,0.0,0.0,0.0,0.0,0.0,0.8108108108108111
27,0.7520000000000001,0.9064420960366731,0.8052980132450333,1.0,1.0,0.8108108108108107
29,1.0,0.12644157029997563,0.006622516556291374,0.10622529644268773,0.12608695652173907,0.4054054054054054
30,1.0,0.12644157029997563,0.006622516556291374,0.10622529644268773,0.12608695652173907,0.4054054054054054
32,1.0,0.12644157029997563,0.006622516556291374,0.10622529644268773,0.12608695652173907,0.4054054054054054
33,1.0,0.12644157029997563,0.006622516556291374,0.10622529644268773,0.12608695652173907,0.4054054054054054
34,1.0,0.12644157029997563,0.006622516556291374,0.10622529644268773,0.12608695652173907,0.4054054054054054
36,1.0,0.12644157029997563,0.006622516556291374,0.10622529644268773,0.12608695652173907,0.4054054054054054
37,1.0,0.12644157029997563,0.006622516556291374,0.10622529644268773,0.12608695652173907,0.4054054054054054
44,0.6945812807881776,0.7366696613483666,0.6039735099337749,0.826923076923077,0.8529411764705881,0.4054054054054054
46,0.6945812807881776,0.7366696613483666,0.6039735099337749,0.826923076923077,0.8529411764705881,0.4054054054054054
47,0.6945812807881776,0.7366696613483666,0.6039735099337749,0.826923076923077,0.8529411764705881,0.4054054054054054
48,0.6945812807881776,0.7366696613483666,0.6039735099337749,0.826923076923077,0.8529411764705881,0.4054054054054054
49,0.9672823218997357,0.555633214637169,0.3417218543046358,0.6930284857571214,0.7326674500587544,1.0
50,0.9672823218997357,0.555633214637169,0.3417218543046358,0.6930284857571214,0.7326674500587544,1.0
52,0.6945812807881776,0.7366696613483666,0.6039735099337749,0.826923076923077,0.8529411764705881,0.4054054054054054
54,0.245217391304348,0.12217501509526517,0.0675496688741722,0.13354037267080743,0.15760869565217386,0.5945945945945946
57,0.46419753086419824,0.5120472284249797,0.39999999999999997,0.555816686251469,0.6030245746691871,0.4864864864864862
59,0.245217391304348,0.12217501509526517,0.0675496688741722,0.13354037267080743,0.15760869565217386,0.5945945945945946
61,0.245217391304348,0.12217501509526517,0.0675496688741722,0.13354037267080743,0.15760869565217386,0.5945945945945946
62,0.245217391304348,0.12217501509526517,0.0675496688741722,0.13354037267080743,0.15760869565217386,0.5945945945945946
63,0.245217391304348,0.12217501509526517,0.0675496688741722,0.13354037267080743,0.15760869565217386,0.5945945945945946
65,0.245217391304348,0.12217501509526517,0.0675496688741722,0.13354037267080743,0.15760869565217386,0.5945945945945946
66,0.245217391304348,0.12217501509526517,0.0675496688741722,0.13354037267080743,0.15760869565217386,0.5945945945945946
69,0.245217391304348,0.12217501509526517,0.0675496688741722,0.13354037267080743,0.15760869565217386,0.5945945945945946
70,0.245217391304348,0.12217501509526517,0.0675496688741722,0.13354037267080743,0.15760869565217386,0.5945945945945946
72,0.245217391304348,0.12217501509526517,0.0675496688741722,0.13354037267080743,0.15760869565217386,0.5945945945945946
73,0.245217391304348,0.12217501509526517,0.0675496688741722,0.13354037267080743,0.15760869565217386,0.5945945945945946
74,0.245217391304348,0.12217501509526517,0.0675496688741722,0.13354037267080743,0.15760869565217386,0.5945945945945946
76,0.245217391304348,0.12217501509526517,0.0675496688741722,0.13354037267080743,0.15760869565217386,0.5945945945945946
77,0.245217391304348,0.12217501509526517,0.0675496688741722,0.13354037267080743,0.15760869565217386,0.5945945945945946
