3,0.16491228070175434,1.0,1.0,1.0,1.0,0.0
7,0.16491228070175434,1.0,1.0,1.0,1.0,0.0
8,0.16491228070175434,1.0,1.0,1.0,1.0,0.0
9,0.16491228070175434,1.0,1.0,1.0,1.0,0.0
10,0.0,0.6278281786003512,0.6875,0.4242424242424242,0.6363636363636364,0.47058823529411753
12,0.0,0.6278281786003512,0.6875,0.4242424242424242,0.6363636363636364,0.47058823529411753
13,0.0,0.6278281786003512,0.6875,0.4242424242424242,0.6363636363636364,0.47058823529411753
14,1.0,0.0,0.0,0.0,0.0,1.0
15,0.23938879456706272,0.5573678006975399,0.5625000000000001,0.36363636363636365,0.5757575757575756,0.17647058823529427
17,0.0,0.6278281786003512,0.6875,0.4242424242424242,0.6363636363636364,0.47058823529411753
20,0.16491228070175434,1.0,1.0,1.0,1.0,0.0
