9,0.0,0.0,0.631578947368421,0.0,0.0,0.0
11,0.0,0.0,0.631578947368421,0.0,0.0,0.0
12,0.0,0.0,0.631578947368421,0.0,0.0,0.0
13,0.0,0.0,0.631578947368421,0.0,0.0,0.0
15,0.0,0.0,0.631578947368421,0.0,0.0,0.0
17,0.0,0.0,0.631578947368421,0.0,0.0,0.0
28,0.8,0.7905694150420948,0.6842105263157895,0.6,0.625,0.0
30,0.8,0.7905694150420948,0.6842105263157895,0.6,0.625,0.0
31,0.8,0.7905694150420948,0.6842105263157895,0.6,0.625,0.0
32,0.8,0.7905694150420948,0.6842105263157895,0.6,0.625,0.0
33,0.8,0.7905694150420948,0.6842105263157895,0.6,0.625,0.0
34,0.8,0.7905694150420948,0.6842105263157895,0.6,0.625,0.0
35,0.8,0.7905694150420948,0.6842105263157895,0.6,0.625,0.0
36,0.8275862068965518,0.8164965809277259,0.7368421052631579,0.6428571428571429,0.6666666666666666,0.08333333333333331
37,0.888888888888889,0.8770580193070292,0.8421052631578947,0.75,0.7692307692307693,0.24999999999999994
38,0.8275862068965518,0.8164965809277259,0.7368421052631579,0.6428571428571429,0.6666666666666666,0.08333333333333331
39,0.888888888888889,0.8770580193070292,0.8421052631578947,0.75,0.7692307692307693,0.24999999999999994
40,0.888888888888889,0.8770580193070292,0.8421052631578947,0.75,0.7692307692307693,0.24999999999999994
41,0.0,0.0,0.0,0.0,0.0,1.0
43,1.0,1.0,1.0,1.0,1.0,0.5
86,0.8,0.7905694150420948,0.6842105263157895,0.6,0.625,0.0
87,0.8,0.7905694150420948,0.6842105263157895,0.6,0.625,0.0
88,0.8,0.7905694150420948,0.6842105263157895,0.6,0.625,0.0
89,0.888888888888889,0.8770580193070292,0.8421052631578947,0.75,0.7692307692307693,0.24999999999999994
90,0.8,0.7905694150420948,0.6842105263157895,0.6,0.625,0.0
91,0.888888888888889,0.8770580193070292,0.8421052631578947,0.75,0.7692307692307693,0.24999999999999994
92,0.8,0.7905694150420948,0.6842105263157895,0.6,0.625,0.0
93,0.0,0.0,0.0,0.0,0.0,1.0
94,0.8,0.7905694150420948,0.6842105263157895,0.6,0.625,0.0
99,0.8,0.7905694150420948,0.6842105263157895,0.6,0.625,0.0
100,0.8,0.7905694150420948,0.6842105263157895,0.6,0.625,0.0
101,0.8,0.7905694150420948,0.6842105263157895,0.6,0.625,0.0
103,0.8,0.7905694150420948,0.6842105263157895,0.6,0.625,0.0
105,0.8,0.7905694150420948,0.6842105263157895,0.6,0.625,0.0
