3,0.8214285714285714,1.0,1.0,0.6785714285714286,0.7000000000000001,0.0
4,0.8214285714285714,1.0,1.0,0.6785714285714286,0.7000000000000001,0.0
5,0.8214285714285714,1.0,1.0,0.6785714285714286,0.7000000000000001,0.0
6,0.8214285714285714,1.0,1.0,0.6785714285714286,0.7000000000000001,0.0
7,0.8214285714285714,1.0,1.0,0.6785714285714286,0.7000000000000001,0.0
10,0.8214285714285714,1.0,1.0,0.6785714285714286,0.7000000000000001,0.0
11,0.8214285714285714,1.0,1.0,0.6785714285714286,0.7000000000000001,0.0
13,0.9199999999999998,0.9128709291752769,0.7472527472527472,0.8260869565217391,0.8400000000000001,0.5999999999999998
14,0.9387755102040817,0.9325048082403137,0.7582417582417581,0.8636363636363638,0.875,0.6999999999999998
15,0.9387755102040817,0.9325048082403137,0.7582417582417581,0.8636363636363638,0.875,0.6999999999999998
17,0.9387755102040817,0.9325048082403137,0.7582417582417581,0.8636363636363638,0.875,0.6999999999999998
20,0.9387755102040817,0.9325048082403137,0.7582417582417581,0.8636363636363638,0.875,0.6999999999999998
22,0.9199999999999998,0.9128709291752769,0.7472527472527472,0.8260869565217391,0.8400000000000001,0.5999999999999998
23,0.0,0.0,0.0,0.0,0.0,0.4
26,1.0,0.9999999999999998,0.7912087912087911,1.0,1.0,1.0
30,0.676470588235294,0.4879500364742665,0.2967032967032967,0.4318181818181819,0.4565217391304348,0.6
31,0.8214285714285714,1.0,1.0,0.6785714285714286,0.7000000000000001,0.0
