2,0,1.0,1.0,1.0,1.0,1.0
5,0,1.0,1.0,1.0,1.0,1.0
6,0,1.0,1.0,1.0,1.0,1.0
7,0,1.0,1.0,1.0,1.0,1.0
8,0,1.0,1.0,1.0,1.0,1.0
9,0,1.0,1.0,1.0,1.0,1.0
10,0,1.0,1.0,1.0,1.0,1.0
11,0,0.970725343394151,0.9423076923076923,0.3141025641025641,0.9423076923076923,0.9423076923076923
12,0,0.970725343394151,0.9423076923076923,0.3141025641025641,0.9423076923076923,0.9423076923076923
13,0,0.970725343394151,0.9423076923076923,0.3141025641025641,0.9423076923076923,0.9423076923076923
14,0,0.36689969285267143,0.1346153846153846,0.0029914529914529917,0.1346153846153846,0.1346153846153846
15,0,0.36689969285267143,0.1346153846153846,0.0029914529914529917,0.1346153846153846,0.1346153846153846
16,0,0.36689969285267143,0.1346153846153846,0.0029914529914529917,0.1346153846153846,0.1346153846153846
17,0,0.36689969285267143,0.1346153846153846,0.0029914529914529917,0.1346153846153846,0.1346153846153846
18,0,0.0,0.0,0.0,0.0,0.0
19,0,0.0,0.0,0.0,0.0,0.0
21,0,1.0,1.0,1.0,1.0,1.0
22,0,1.0,1.0,1.0,1.0,1.0
