3,1.0,1.0,1.0,1.0,1.0,0.0
9,1.0,1.0,1.0,1.0,1.0,0.0
11,1.0,1.0,1.0,1.0,1.0,0.0
12,1.0,1.0,1.0,1.0,1.0,0.0
14,1.0,1.0,1.0,1.0,1.0,0.0
16,1.0,1.0,1.0,1.0,1.0,0.0
18,1.0,1.0,1.0,1.0,1.0,0.0
19,1.0,1.0,1.0,1.0,1.0,0.0
20,1.0,1.0,1.0,1.0,1.0,0.0
21,1.0,1.0,1.0,1.0,1.0,0.0
22,1.0,1.0,1.0,1.0,1.0,0.0
24,1.0,1.0,1.0,1.0,1.0,0.0
25,1.0,1.0,1.0,1.0,1.0,0.0
26,1.0,1.0,1.0,1.0,1.0,0.0
30,1.0,1.0,1.0,1.0,1.0,0.0
31,1.0,1.0,1.0,1.0,1.0,0.0
35,1.0,1.0,1.0,1.0,1.0,0.0
36,0.0,0.0,0.0,0.0,0.0,1.0
38,0.6944444444444445,0.6776581255703765,0.6521739130434783,0.564516129032258,0.6451612903225805,0.43749999999999994
40,1.0,1.0,1.0,1.0,1.0,0.0
