3,1.0,1.0,1.0,1.0,1.0,0.0
8,1.0,1.0,1.0,1.0,1.0,0.0
9,1.0,1.0,1.0,1.0,1.0,0.0
10,1.0,1.0,1.0,1.0,1.0,0.0
11,1.0,1.0,1.0,1.0,1.0,0.0
12,0.8536585365853658,0.8448089877104341,0.8333333333333334,0.4166666666666667,0.8333333333333331,0.16666666666666685
13,0.8536585365853658,0.8448089877104341,0.8333333333333334,0.4166666666666667,0.8333333333333331,0.16666666666666685
14,0.8536585365853658,0.8448089877104341,0.8333333333333334,0.4166666666666667,0.8333333333333331,0.16666666666666685
15,0.0,0.0,0.0,0.0,0.0,1.0
16,0.8536585365853658,0.8448089877104341,0.8333333333333334,0.4166666666666667,0.8333333333333331,0.16666666666666685
17,0.0,0.0,0.0,0.0,0.0,1.0
18,0.0,0.0,0.0,0.0,0.0,1.0
19,0.0,0.0,0.0,0.0,0.0,1.0
20,0.0,0.0,0.0,0.0,0.0,1.0
21,0.0,0.0,0.0,0.0,0.0,1.0
22,0.0,0.0,0.0,0.0,0.0,1.0
25,1.0,1.0,1.0,1.0,1.0,0.0
26,1.0,1.0,1.0,1.0,1.0,0.0
27,0.0,0.0,0.0,0.0,0.0,1.0
29,1.0,1.0,1.0,1.0,1.0,0.0
