3,0.5508474576271186,0.6599120175960899,0.9481481481481482,0.2033898305084746,0.24193548387096772,0.0
5,0.5508474576271186,0.6599120175960899,0.9481481481481482,0.2033898305084746,0.24193548387096772,0.0
7,0.5508474576271186,0.6599120175960899,0.9481481481481482,0.2033898305084746,0.24193548387096772,0.0
8,0.5508474576271186,0.6599120175960899,0.9481481481481482,0.2033898305084746,0.24193548387096772,0.0
9,0.5508474576271186,0.6599120175960899,0.9481481481481482,0.2033898305084746,0.24193548387096772,0.0
10,0.5508474576271186,0.6599120175960899,0.9481481481481482,0.2033898305084746,0.24193548387096772,0.0
12,0.5508474576271186,0.6599120175960899,0.9481481481481482,0.2033898305084746,0.24193548387096772,0.0
14,0.5855855855855856,0.7006490497453707,1.0,0.23076923076923078,0.2727272727272727,0.3134328358208956
15,0.5855855855855856,0.7006490497453707,1.0,0.23076923076923078,0.2727272727272727,0.3134328358208956
18,0.5603448275862069,0.6708203932499369,0.9629629629629629,0.21052631578947367,0.25,0.08955223880597021
20,0.5508474576271186,0.6599120175960899,0.9481481481481482,0.2033898305084746,0.24193548387096772,0.0
22,0.5508474576271186,0.6599120175960899,0.9481481481481482,0.2033898305084746,0.24193548387096772,0.0
24,0.7692307692307693,0.7947194142390264,0.8148148148148149,0.4444444444444444,0.5,1.0
27,0.5508474576271186,0.6599120175960899,0.9481481481481482,0.2033898305084746,0.24193548387096772,0.0
29,0.5603448275862069,0.38729833462074165,0.35555555555555557,0.19047619047619047,0.22727272727272727,0.029850746268656737
32,0.5508474576271186,0.6599120175960899,0.9481481481481482,0.2033898305084746,0.24193548387096772,0.0
33,0.6161137440758294,0.6030226891555273,0.7111111111111111,0.25,0.2941176470588235,0.3731343283582088
34,0.6250000000000001,0.4330127018922194,0.3851851851851852,0.23529411764705882,0.27777777777777773,0.20895522388059704
35,0.5508474576271186,0.6599120175960899,0.9481481481481482,0.2033898305084746,0.24193548387096772,0.0
36,0.0,0.0,0.0,0.0,0.0,0.3134328358208956
37,0.5508474576271186,0.6599120175960899,0.9481481481481482,0.2033898305084746,0.24193548387096772,0.0
38,0.5508474576271186,0.6599120175960899,0.9481481481481482,0.2033898305084746,0.24193548387096772,0.0
39,0.5263157894736842,0.5163977794943223,0.6222222222222222,0.18181818181818182,0.21739130434782608,0.16417910447761191
42,0.6074766355140186,0.42008402520840293,0.3777777777777778,0.2222222222222222,0.2631578947368421,0.16417910447761191
43,0.6074766355140186,0.42008402520840293,0.3777777777777778,0.2222222222222222,0.2631578947368421,0.16417910447761191
45,0.6074766355140186,0.42008402520840293,0.3777777777777778,0.2222222222222222,0.2631578947368421,0.16417910447761191
47,0.6074766355140186,0.42008402520840293,0.3777777777777778,0.2222222222222222,0.2631578947368421,0.16417910447761191
48,0.6074766355140186,0.42008402520840293,0.3777777777777778,0.2222222222222222,0.2631578947368421,0.16417910447761191
49,0.6074766355140186,0.42008402520840293,0.3777777777777778,0.2222222222222222,0.2631578947368421,0.16417910447761191
51,0.6074766355140186,0.42008402520840293,0.3777777777777778,0.2222222222222222,0.2631578947368421,0.16417910447761191
53,0.6074766355140186,0.42008402520840293,0.3777777777777778,0.2222222222222222,0.2631578947368421,0.16417910447761191
54,0.6074766355140186,0.42008402520840293,0.3777777777777778,0.2222222222222222,0.2631578947368421,0.16417910447761191
55,0.6074766355140186,0.42008402520840293,0.3777777777777778,0.2222222222222222,0.2631578947368421,0.16417910447761191
56,0.6074766355140186,0.42008402520840293,0.3777777777777778,0.2222222222222222,0.2631578947368421,0.16417910447761191
57,0.6074766355140186,0.42008402520840293,0.3777777777777778,0.2222222222222222,0.2631578947368421,0.16417910447761191
61,0.8124999999999999,0.6123724356957947,0.4444444444444444,0.4444444444444444,0.5,0.5671641791044776
62,0.8124999999999999,0.6123724356957947,0.4444444444444444,0.4444444444444444,0.5,0.5671641791044776
63,0.8124999999999999,0.6123724356957947,0.4444444444444444,0.4444444444444444,0.5,0.5671641791044776
65,0.0,0.0,0.007407407407407406,0.0,0.0,0.2686567164179105
66,0.0,0.0,0.007407407407407406,0.0,0.0,0.2686567164179105
67,0.0,0.0,0.007407407407407406,0.0,0.0,0.2686567164179105
68,0.0,0.0,0.007407407407407406,0.0,0.0,0.2686567164179105
69,0.0,0.0,0.007407407407407406,0.0,0.0,0.2686567164179105
73,1.0,1.0,0.48148148148148145,1.0,1.0,0.7910447761194029
74,1.0,1.0,0.48148148148148145,1.0,1.0,0.7910447761194029
75,1.0,1.0,0.48148148148148145,1.0,1.0,0.7910447761194029
76,1.0,1.0,0.48148148148148145,1.0,1.0,0.7910447761194029
77,1.0,1.0,0.48148148148148145,1.0,1.0,0.7910447761194029
79,0.8124999999999999,0.6123724356957947,0.4444444444444444,0.4444444444444444,0.5,0.5671641791044776
83,0.5508474576271186,0.6599120175960899,0.9481481481481482,0.2033898305084746,0.24193548387096772,0.0
