3,0.6497061965811965,1.0,1.0,0.9624265610056019,0.9862704622917767,0.0
5,0.6497061965811965,1.0,1.0,0.9624265610056019,0.9862704622917767,0.0
6,0.6497061965811965,1.0,1.0,0.9624265610056019,0.9862704622917767,0.0
7,0.6497061965811965,1.0,1.0,0.9624265610056019,0.9862704622917767,0.0
8,0.0,0.0,0.0,0.0,0.0,0.40697674418604657
9,0.0,0.0,0.0,0.0,0.0,0.40697674418604657
12,0.7201006512729426,0.9996709730167489,0.9614147909967845,1.0,1.0,0.4069767441860466
13,0.7201006512729426,0.9996709730167489,0.9614147909967845,1.0,1.0,0.4069767441860466
14,0.695,0.912686372965069,0.8295819935691318,0.7399137274803349,0.8886218785915788,0.2325581395348837
15,1.0,0.8082836009786969,0.5787781350482314,0.5115452930728241,0.7460035523978685,1.0
18,0.695,0.912686372965069,0.8295819935691318,0.7399137274803349,0.8886218785915788,0.2325581395348837
19,0.8652610441767069,0.9348710077417399,0.7942122186495176,0.8223801065719359,0.9284936687102504,0.9186046511627906
20,0.855587121212121,0.84135140436507,0.6623794212218649,0.5876681045419944,0.7998815867377146,0.7441860465116277
25,0.7201006512729426,0.9996709730167489,0.9614147909967845,1.0,1.0,0.4069767441860466
26,0.7201006512729426,0.9996709730167489,0.9614147909967845,1.0,1.0,0.4069767441860466
