9,0,1.0,1.0,1.0,1.0,1.0
10,0,1.0,1.0,1.0,1.0,1.0
12,0,0.4148643933542082,0.3181818181818182,0.02139219015280136,0.3181818181818181,0.3181818181818181
13,0,0.4148643933542082,0.3181818181818182,0.02139219015280136,0.3181818181818181,0.3181818181818181
14,0,0.4148643933542082,0.3181818181818182,0.02139219015280136,0.3181818181818181,0.3181818181818181
16,0,0.4148643933542082,0.3181818181818182,0.02139219015280136,0.3181818181818181,0.3181818181818181
17,0,0.4148643933542082,0.3181818181818182,0.02139219015280136,0.3181818181818181,0.3181818181818181
18,0,0.13840258315204026,0.09090909090909091,0.004584040747028862,0.0909090909090909,0.0909090909090909
20,0,1.0,1.0,1.0,1.0,1.0
21,0,1.0,1.0,1.0,1.0,1.0
23,0,1.0,1.0,1.0,1.0,1.0
24,0,1.0,1.0,1.0,1.0,1.0
25,0,1.0,1.0,1.0,1.0,1.0
26,0,1.0,1.0,1.0,1.0,1.0
27,0,1.0,1.0,1.0,1.0,1.0
28,0,1.0,1.0,1.0,1.0,1.0
30,0,1.0,1.0,1.0,1.0,1.0
32,0,1.0,1.0,1.0,1.0,1.0
33,0,0.5529961725781929,0.45454545454545453,0.038200339558573854,0.45454545454545453,0.45454545454545453
34,0,0.5529961725781929,0.45454545454545453,0.038200339558573854,0.45454545454545453,0.45454545454545453
36,0,0.4148643933542082,0.3181818181818182,0.02139219015280136,0.3181818181818181,0.3181818181818181
37,0,0.4148643933542082,0.3181818181818182,0.02139219015280136,0.3181818181818181,0.3181818181818181
38,0,0.4148643933542082,0.3181818181818182,0.02139219015280136,0.3181818181818181,0.3181818181818181
39,0,0.4148643933542082,0.3181818181818182,0.02139219015280136,0.3181818181818181,0.3181818181818181
40,0,0.4148643933542082,0.3181818181818182,0.02139219015280136,0.3181818181818181,0.3181818181818181
42,0,0.4148643933542082,0.3181818181818182,0.02139219015280136,0.3181818181818181,0.3181818181818181
46,0,0.4148643933542082,0.3181818181818182,0.02139219015280136,0.3181818181818181,0.3181818181818181
48,0,0.0,0.0,0.0,0.0,0.0
49,0,0.0,0.0,0.0,0.0,0.0
50,0,0.0,0.0,0.0,0.0,0.0
52,0,0.0,0.0,0.0,0.0,0.0
53,0,0.0,0.0,0.0,0.0,0.0
55,0,0.0,0.0,0.0,0.0,0.0
58,0,0.13840258315204026,0.09090909090909091,0.004584040747028862,0.0909090909090909,0.0909090909090909
59,0,0.13840258315204026,0.09090909090909091,0.004584040747028862,0.0909090909090909,0.0909090909090909
60,0,0.13840258315204026,0.09090909090909091,0.004584040747028862,0.0909090909090909,0.0909090909090909
62,0,0.13840258315204026,0.09090909090909091,0.004584040747028862,0.0909090909090909,0.0909090909090909
64,0,0.13840258315204026,0.09090909090909091,0.004584040747028862,0.0909090909090909,0.0909090909090909
65,0,0.13840258315204026,0.09090909090909091,0.004584040747028862,0.0909090909090909,0.0909090909090909
66,0,0.13840258315204026,0.09090909090909091,0.004584040747028862,0.0909090909090909,0.0909090909090909
68,0,0.13840258315204026,0.09090909090909091,0.004584040747028862,0.0909090909090909,0.0909090909090909
73,0,0.4148643933542082,0.3181818181818182,0.02139219015280136,0.3181818181818181,0.3181818181818181
