3,0,1.0,1.0,1.0,1.0,1.0
4,0,1.0,1.0,1.0,1.0,1.0
6,0,1.0,1.0,1.0,1.0,1.0
7,0,1.0,1.0,1.0,1.0,1.0
8,0,1.0,1.0,1.0,1.0,1.0
9,0,1.0,1.0,1.0,1.0,1.0
10,0,1.0,1.0,1.0,1.0,1.0
11,0,1.0,1.0,1.0,1.0,1.0
12,0,1.0,1.0,1.0,1.0,1.0
13,0,0.7658107587754566,0.6857142857142857,0.06259940199758254,0.6857142857142857,0.6857142857142857
14,0,0.7658107587754566,0.6857142857142857,0.06259940199758254,0.6857142857142857,0.6857142857142857
16,0,0.18028675092495142,0.11428571428571428,0.0037021151719000426,0.1142857142857143,0.1142857142857143
17,0,0.18028675092495142,0.11428571428571428,0.0037021151719000426,0.1142857142857143,0.1142857142857143
18,0,0.18028675092495142,0.11428571428571428,0.0037021151719000426,0.1142857142857143,0.1142857142857143
20,0,1.0,1.0,1.0,1.0,1.0
21,0,0.5668015139165813,0.45714285714285713,0.024161172700821333,0.4571428571428572,0.4571428571428572
22,0,0.5668015139165813,0.45714285714285713,0.024161172700821333,0.4571428571428572,0.4571428571428572
24,0,0.3268303242850126,0.22857142857142856,0.008501153357696394,0.22857142857142862,0.22857142857142862
25,0,0.3268303242850126,0.22857142857142856,0.008501153357696394,0.22857142857142862,0.22857142857142862
26,0,0.3268303242850126,0.22857142857142856,0.008501153357696394,0.22857142857142862,0.22857142857142862
28,0,1.0,1.0,1.0,1.0,1.0
29,0,0.0,0.0,0.0,0.0,0.0
30,0,0.8768109558452268,0.8285714285714286,0.13867506414742242,0.8285714285714285,0.8285714285714285
31,0,0.5115916038656544,0.4,0.019127595054816884,0.39999999999999997,0.39999999999999997
33,0,0.36004683926918585,0.2571428571428571,0.009931635893847228,0.2571428571428572,0.2571428571428572
34,0,1.0,1.0,1.0,1.0,1.0
