3,0.8529411764705881,1.0,1.0,1.0,1.0,0.0
5,0.8529411764705881,1.0,1.0,1.0,1.0,0.0
6,0.8529411764705881,1.0,1.0,1.0,1.0,0.0
7,0.8529411764705881,1.0,1.0,1.0,1.0,0.0
8,0.8529411764705881,1.0,1.0,1.0,1.0,0.0
9,0.8529411764705881,1.0,1.0,1.0,1.0,0.0
10,0.8529411764705881,1.0,1.0,1.0,1.0,0.0
12,1.0,0.9518172686249522,0.7830578512396694,1.0,1.0,1.0
13,1.0,0.9518172686249522,0.7830578512396694,1.0,1.0,1.0
15,0.8529411764705881,1.0,1.0,1.0,1.0,0.0
18,0.8737446197991391,0.9888513796308233,0.9566115702479339,1.0,1.0,0.2000000000000003
19,0.8737446197991391,0.9888513796308233,0.9566115702479339,1.0,1.0,0.2000000000000003
21,0.0,0.0,0.0,0.0,0.0,0.0
22,0.0,0.0,0.0,0.0,0.0,0.0
24,0.8737446197991391,0.9888513796308233,0.9566115702479339,1.0,1.0,0.2000000000000003
27,0.8529411764705881,1.0,1.0,1.0,1.0,0.0
28,0.5686274509803921,0.3892494720807615,0.21694214876033055,0.18518518518518517,0.3125,0.9999999999999999
29,0.8529411764705881,1.0,1.0,1.0,1.0,0.0
