11,1.0,1.0,1.0,1.0,1.0,0.12499999999999989
13,1.0,1.0,1.0,1.0,1.0,0.12499999999999989
14,1.0,1.0,1.0,1.0,1.0,0.12499999999999989
15,1.0,1.0,1.0,1.0,1.0,0.12499999999999989
16,1.0,1.0,1.0,1.0,1.0,0.12499999999999989
22,0.0,0.0,0.0,0.0,0.0,1.0
24,0.0,0.0,0.0,0.0,0.0,1.0
25,0.0,0.0,0.02272727272727273,0.0,0.0,0.875
27,0.0,0.0,0.0,0.0,0.0,1.0
28,0.0,0.0,0.0,0.0,0.0,1.0
30,0.0,0.0,0.0,0.0,0.0,1.0
32,0.0,0.0,0.0,0.0,0.0,1.0
34,0.0,0.0,0.0,0.0,0.0,1.0
35,0.0,0.0,0.0,0.0,0.0,1.0
38,0.0,0.0,0.06818181818181818,0.0,0.0,0.625
39,0.0,0.0,0.06818181818181818,0.0,0.0,0.625
42,0.0,0.0,0.0,0.0,0.0,1.0
43,0.0,0.0,0.0,0.0,0.0,1.0
45,0.0,0.0,0.0,0.0,0.0,1.0
47,0.0,0.0,0.02272727272727273,0.0,0.0,0.875
48,0.0,0.0,0.02272727272727273,0.0,0.0,0.875
49,0.0,0.0,0.02272727272727273,0.0,0.0,0.875
51,0.0,0.0,0.0,0.0,0.0,1.0
53,0.0,0.0,0.0,0.0,0.0,1.0
56,0.9848484848484849,0.9856107606091623,0.9772727272727272,0.9696969696969697,0.9714285714285714,0.0
60,0.9848484848484849,0.9856107606091623,0.9772727272727272,0.9696969696969697,0.9714285714285714,0.0
62,0.0,0.0,0.0,0.0,0.0,1.0
63,0.0,0.0,0.0,0.0,0.0,1.0
65,0.0,0.0,0.0,0.0,0.0,1.0
68,0.9848484848484849,0.9856107606091623,0.9772727272727272,0.9696969696969697,0.9714285714285714,0.0
69,0.9848484848484849,0.9856107606091623,0.9772727272727272,0.9696969696969697,0.9714285714285714,0.0
71,1.0,1.0,1.0,1.0,1.0,0.12499999999999989
73,1.0,1.0,1.0,1.0,1.0,0.12499999999999989
74,1.0,1.0,1.0,1.0,1.0,0.12499999999999989
76,1.0,1.0,1.0,1.0,1.0,0.12499999999999989
78,0.9848484848484849,0.9856107606091623,0.9772727272727272,0.9696969696969697,0.9714285714285714,0.0
80,0.9848484848484849,0.9856107606091623,0.9772727272727272,0.9696969696969697,0.9714285714285714,0.0
83,0.9848484848484849,0.9856107606091623,0.9772727272727272,0.9696969696969697,0.9714285714285714,0.0
84,0.9848484848484849,0.9856107606091623,0.9772727272727272,0.9696969696969697,0.9714285714285714,0.0
85,0.9848484848484849,0.9856107606091623,0.9772727272727272,0.9696969696969697,0.9714285714285714,0.0
88,1.0,1.0,1.0,1.0,1.0,0.12499999999999989
89,1.0,1.0,1.0,1.0,1.0,0.12499999999999989
90,1.0,1.0,1.0,1.0,1.0,0.12499999999999989
93,0.9848484848484849,0.9856107606091623,0.9772727272727272,0.9696969696969697,0.9714285714285714,0.0
94,0.9848484848484849,0.9856107606091623,0.9772727272727272,0.9696969696969697,0.9714285714285714,0.0
95,0.9848484848484849,0.9856107606091623,0.9772727272727272,0.9696969696969697,0.9714285714285714,0.0
96,0.9848484848484849,0.9856107606091623,0.9772727272727272,0.9696969696969697,0.9714285714285714,0.0
97,0.9848484848484849,0.9856107606091623,0.9772727272727272,0.9696969696969697,0.9714285714285714,0.0
98,0.9848484848484849,0.9856107606091623,0.9772727272727272,0.9696969696969697,0.9714285714285714,0.0
99,0.9848484848484849,0.9856107606091623,0.9772727272727272,0.9696969696969697,0.9714285714285714,0.0
100,0.9848484848484849,0.9856107606091623,0.9772727272727272,0.9696969696969697,0.9714285714285714,0.0
101,0.0,0.0,0.0,0.0,0.0,1.0
104,0.9848484848484849,0.9856107606091623,0.9772727272727272,0.9696969696969697,0.9714285714285714,0.0
