5,0.6891891891891891,0.8441824043105669,0.9635036496350368,0.6956521739130436,0.7101449275362316,0.0
6,0.6891891891891891,0.8441824043105669,0.9635036496350368,0.6956521739130436,0.7101449275362316,0.0
7,0.6891891891891891,0.8441824043105669,0.9635036496350368,0.6956521739130436,0.7101449275362316,0.0
8,0.6891891891891891,0.8441824043105669,0.9635036496350368,0.6956521739130436,0.7101449275362316,0.0
9,1.0,1.0,1.0,1.0,1.0,0.5555555555555556
10,1.0,1.0,1.0,1.0,1.0,0.5555555555555556
13,0.0,0.0,0.0,0.0,0.0,1.0
14,0.0,0.0,0.0,0.0,0.0,1.0
17,0.6891891891891891,0.8441824043105669,0.9635036496350368,0.6956521739130436,0.7101449275362316,0.0
18,0.6891891891891891,0.8441824043105669,0.9635036496350368,0.6956521739130436,0.7101449275362316,0.0
