16,0.9736842105263157,1.0,1.0,1.0,1.0,0.4444444444444444
17,0.9736842105263157,1.0,1.0,1.0,1.0,0.4444444444444444
19,0.9736842105263157,1.0,1.0,1.0,1.0,0.4444444444444444
20,0.9736842105263157,1.0,1.0,1.0,1.0,0.4444444444444444
21,0.9736842105263157,1.0,1.0,1.0,1.0,0.4444444444444444
22,0.9736842105263157,1.0,1.0,1.0,1.0,0.4444444444444444
24,0.9736842105263157,1.0,1.0,1.0,1.0,0.4444444444444444
27,0.880952380952381,0.9088932591463857,0.8888888888888888,0.8095238095238095,0.8260869565217391,0.0
29,0.880952380952381,0.9088932591463857,0.8888888888888888,0.8095238095238095,0.8260869565217391,0.0
30,0.880952380952381,0.9088932591463857,0.8888888888888888,0.8095238095238095,0.8260869565217391,0.0
31,0.880952380952381,0.9088932591463857,0.8888888888888888,0.8095238095238095,0.8260869565217391,0.0
32,0.880952380952381,0.9088932591463857,0.8888888888888888,0.8095238095238095,0.8260869565217391,0.0
33,0.880952380952381,0.9088932591463857,0.8888888888888888,0.8095238095238095,0.8260869565217391,0.0
37,0.880952380952381,0.9088932591463857,0.8888888888888888,0.8095238095238095,0.8260869565217391,0.0
38,0.880952380952381,0.9088932591463857,0.8888888888888888,0.8095238095238095,0.8260869565217391,0.0
39,0.880952380952381,0.9088932591463857,0.8888888888888888,0.8095238095238095,0.8260869565217391,0.0
40,0.880952380952381,0.9088932591463857,0.8888888888888888,0.8095238095238095,0.8260869565217391,0.0
45,0.880952380952381,0.9088932591463857,0.8888888888888888,0.8095238095238095,0.8260869565217391,0.0
46,0.880952380952381,0.9088932591463857,0.8888888888888888,0.8095238095238095,0.8260869565217391,0.0
47,0.880952380952381,0.9088932591463857,0.8888888888888888,0.8095238095238095,0.8260869565217391,0.0
48,0.880952380952381,0.9088932591463857,0.8888888888888888,0.8095238095238095,0.8260869565217391,0.0
49,0.880952380952381,0.9088932591463857,0.8888888888888888,0.8095238095238095,0.8260869565217391,0.0
54,0.880952380952381,0.9088932591463857,0.8888888888888888,0.8095238095238095,0.8260869565217391,0.0
55,0.880952380952381,0.9088932591463857,0.8888888888888888,0.8095238095238095,0.8260869565217391,0.0
56,0.880952380952381,0.9088932591463857,0.8888888888888888,0.8095238095238095,0.8260869565217391,0.0
57,0.880952380952381,0.9088932591463857,0.8888888888888888,0.8095238095238095,0.8260869565217391,0.0
58,0.880952380952381,0.9088932591463857,0.8888888888888888,0.8095238095238095,0.8260869565217391,0.0
62,0.880952380952381,0.9088932591463857,0.8888888888888888,0.8095238095238095,0.8260869565217391,0.0
64,0.9024390243902439,0.929320377284585,0.9166666666666666,0.8500000000000001,0.8636363636363638,0.11111111111111124
66,0.9024390243902439,0.929320377284585,0.9166666666666666,0.8500000000000001,0.8636363636363638,0.11111111111111124
67,0.9024390243902439,0.929320377284585,0.9166666666666666,0.8500000000000001,0.8636363636363638,0.11111111111111124
68,0.9024390243902439,0.929320377284585,0.9166666666666666,0.8500000000000001,0.8636363636363638,0.11111111111111124
70,0.9024390243902439,0.929320377284585,0.9166666666666666,0.8500000000000001,0.8636363636363638,0.11111111111111124
71,0.9024390243902439,0.929320377284585,0.9166666666666666,0.8500000000000001,0.8636363636363638,0.11111111111111124
72,0.9024390243902439,0.929320377284585,0.9166666666666666,0.8500000000000001,0.8636363636363638,0.11111111111111124
73,0.9024390243902439,0.929320377284585,0.9166666666666666,0.8500000000000001,0.8636363636363638,0.11111111111111124
76,0.9024390243902439,0.929320377284585,0.9166666666666666,0.8500000000000001,0.8636363636363638,0.11111111111111124
77,0.9024390243902439,0.929320377284585,0.9166666666666666,0.8500000000000001,0.8636363636363638,0.11111111111111124
78,0.9024390243902439,0.929320377284585,0.9166666666666666,0.8500000000000001,0.8636363636363638,0.11111111111111124
79,0.9024390243902439,0.929320377284585,0.9166666666666666,0.8500000000000001,0.8636363636363638,0.11111111111111124
80,0.9024390243902439,0.929320377284585,0.9166666666666666,0.8500000000000001,0.8636363636363638,0.11111111111111124
82,0.9024390243902439,0.929320377284585,0.9166666666666666,0.8500000000000001,0.8636363636363638,0.11111111111111124
83,0.9024390243902439,0.929320377284585,0.9166666666666666,0.8500000000000001,0.8636363636363638,0.11111111111111124
84,0.9024390243902439,0.929320377284585,0.9166666666666666,0.8500000000000001,0.8636363636363638,0.11111111111111124
85,0.9024390243902439,0.929320377284585,0.9166666666666666,0.8500000000000001,0.8636363636363638,0.11111111111111124
90,0.9024390243902439,0.929320377284585,0.9166666666666666,0.8500000000000001,0.8636363636363638,0.11111111111111124
91,0.9024390243902439,0.929320377284585,0.9166666666666666,0.8500000000000001,0.8636363636363638,0.11111111111111124
93,0.9024390243902439,0.929320377284585,0.9166666666666666,0.8500000000000001,0.8636363636363638,0.11111111111111124
94,0.9024390243902439,0.929320377284585,0.9166666666666666,0.8500000000000001,0.8636363636363638,0.11111111111111124
95,0.9024390243902439,0.929320377284585,0.9166666666666666,0.8500000000000001,0.8636363636363638,0.11111111111111124
96,0.9024390243902439,0.929320377284585,0.9166666666666666,0.8500000000000001,0.8636363636363638,0.11111111111111124
97,0.9024390243902439,0.929320377284585,0.9166666666666666,0.8500000000000001,0.8636363636363638,0.11111111111111124
98,0.9024390243902439,0.929320377284585,0.9166666666666666,0.8500000000000001,0.8636363636363638,0.11111111111111124
100,0.9024390243902439,0.929320377284585,0.9166666666666666,0.8500000000000001,0.8636363636363638,0.11111111111111124
101,0.9024390243902439,0.929320377284585,0.9166666666666666,0.8500000000000001,0.8636363636363638,0.11111111111111124
103,0.9024390243902439,0.929320377284585,0.9166666666666666,0.8500000000000001,0.8636363636363638,0.11111111111111124
105,0.9024390243902439,0.929320377284585,0.9166666666666666,0.8500000000000001,0.8636363636363638,0.11111111111111124
106,0.9024390243902439,0.929320377284585,0.9166666666666666,0.8500000000000001,0.8636363636363638,0.11111111111111124
108,0.9024390243902439,0.929320377284585,0.9166666666666666,0.8500000000000001,0.8636363636363638,0.11111111111111124
109,0.9024390243902439,0.929320377284585,0.9166666666666666,0.8500000000000001,0.8636363636363638,0.11111111111111124
110,0.9024390243902439,0.929320377284585,0.9166666666666666,0.8500000000000001,0.8636363636363638,0.11111111111111124
111,0.9024390243902439,0.929320377284585,0.9166666666666666,0.8500000000000001,0.8636363636363638,0.11111111111111124
112,0.9024390243902439,0.929320377284585,0.9166666666666666,0.8500000000000001,0.8636363636363638,0.11111111111111124
113,0.9024390243902439,0.929320377284585,0.9166666666666666,0.8500000000000001,0.8636363636363638,0.11111111111111124
115,0.9024390243902439,0.929320377284585,0.9166666666666666,0.8500000000000001,0.8636363636363638,0.11111111111111124
116,0.9024390243902439,0.929320377284585,0.9166666666666666,0.8500000000000001,0.8636363636363638,0.11111111111111124
118,0.9024390243902439,0.929320377284585,0.9166666666666666,0.8500000000000001,0.8636363636363638,0.11111111111111124
120,0.880952380952381,0.9088932591463857,0.8888888888888888,0.8095238095238095,0.8260869565217391,0.0
122,0.880952380952381,0.9088932591463857,0.8888888888888888,0.8095238095238095,0.8260869565217391,0.0
124,0.880952380952381,0.9088932591463857,0.8888888888888888,0.8095238095238095,0.8260869565217391,0.0
125,0.880952380952381,0.9088932591463857,0.8888888888888888,0.8095238095238095,0.8260869565217391,0.0
126,0.880952380952381,0.9088932591463857,0.8888888888888888,0.8095238095238095,0.8260869565217391,0.0
127,0.880952380952381,0.9088932591463857,0.8888888888888888,0.8095238095238095,0.8260869565217391,0.0
129,0.880952380952381,0.9088932591463857,0.8888888888888888,0.8095238095238095,0.8260869565217391,0.0
130,0.880952380952381,0.9088932591463857,0.8888888888888888,0.8095238095238095,0.8260869565217391,0.0
131,0.880952380952381,0.9088932591463857,0.8888888888888888,0.8095238095238095,0.8260869565217391,0.0
132,0.880952380952381,0.9088932591463857,0.8888888888888888,0.8095238095238095,0.8260869565217391,0.0
137,0.880952380952381,0.9088932591463857,0.8888888888888888,0.8095238095238095,0.8260869565217391,0.0
138,0.880952380952381,0.9088932591463857,0.8888888888888888,0.8095238095238095,0.8260869565217391,0.0
139,0.880952380952381,0.9088932591463857,0.8888888888888888,0.8095238095238095,0.8260869565217391,0.0
140,0.880952380952381,0.9088932591463857,0.8888888888888888,0.8095238095238095,0.8260869565217391,0.0
141,0.880952380952381,0.9088932591463857,0.8888888888888888,0.8095238095238095,0.8260869565217391,0.0
142,0.9024390243902439,0.929320377284585,0.9166666666666666,0.8500000000000001,0.8636363636363638,0.11111111111111124
143,0.9024390243902439,0.929320377284585,0.9166666666666666,0.8500000000000001,0.8636363636363638,0.11111111111111124
145,0.9024390243902439,0.929320377284585,0.9166666666666666,0.8500000000000001,0.8636363636363638,0.11111111111111124
146,0.7872340425531915,0.5824823725107174,0.49999999999999994,0.6071428571428571,0.6333333333333334,0.27777777777777785
147,0.7872340425531915,0.5824823725107174,0.49999999999999994,0.6071428571428571,0.6333333333333334,0.27777777777777785
148,1.0,0.7264831572567789,0.6388888888888888,0.9444444444444444,0.9500000000000001,0.27777777777777785
151,0.9024390243902439,0.929320377284585,0.9166666666666666,0.8500000000000001,0.8636363636363638,0.11111111111111124
152,0.9024390243902439,0.929320377284585,0.9166666666666666,0.8500000000000001,0.8636363636363638,0.11111111111111124
153,0.9024390243902439,0.929320377284585,0.9166666666666666,0.8500000000000001,0.8636363636363638,0.11111111111111124
154,0.9024390243902439,0.929320377284585,0.9166666666666666,0.8500000000000001,0.8636363636363638,0.11111111111111124
155,0.9024390243902439,0.929320377284585,0.9166666666666666,0.8500000000000001,0.8636363636363638,0.11111111111111124
160,0.9024390243902439,0.929320377284585,0.9166666666666666,0.8500000000000001,0.8636363636363638,0.11111111111111124
161,0.9024390243902439,0.929320377284585,0.9166666666666666,0.8500000000000001,0.8636363636363638,0.11111111111111124
163,0.9024390243902439,0.929320377284585,0.9166666666666666,0.8500000000000001,0.8636363636363638,0.11111111111111124
164,0.9024390243902439,0.929320377284585,0.9166666666666666,0.8500000000000001,0.8636363636363638,0.11111111111111124
166,0.9024390243902439,0.929320377284585,0.9166666666666666,0.8500000000000001,0.8636363636363638,0.11111111111111124
167,0.9024390243902439,0.929320377284585,0.9166666666666666,0.8500000000000001,0.8636363636363638,0.11111111111111124
168,0.7872340425531915,0.5824823725107174,0.49999999999999994,0.6071428571428571,0.6333333333333334,0.27777777777777785
169,0.7872340425531915,0.5824823725107174,0.49999999999999994,0.6071428571428571,0.6333333333333334,0.27777777777777785
170,0.0,0.0,0.0,0.0,0.0,1.0
173,0.9024390243902439,0.929320377284585,0.9166666666666666,0.8500000000000001,0.8636363636363638,0.11111111111111124
174,0.9024390243902439,0.929320377284585,0.9166666666666666,0.8500000000000001,0.8636363636363638,0.11111111111111124
175,0.9024390243902439,0.929320377284585,0.9166666666666666,0.8500000000000001,0.8636363636363638,0.11111111111111124
176,0.9024390243902439,0.929320377284585,0.9166666666666666,0.8500000000000001,0.8636363636363638,0.11111111111111124
177,0.9024390243902439,0.929320377284585,0.9166666666666666,0.8500000000000001,0.8636363636363638,0.11111111111111124
182,0.880952380952381,0.9088932591463857,0.8888888888888888,0.8095238095238095,0.8260869565217391,0.0
183,0.880952380952381,0.9088932591463857,0.8888888888888888,0.8095238095238095,0.8260869565217391,0.0
184,0.880952380952381,0.9088932591463857,0.8888888888888888,0.8095238095238095,0.8260869565217391,0.0
186,0.880952380952381,0.9088932591463857,0.8888888888888888,0.8095238095238095,0.8260869565217391,0.0
