3,0.2065202470830473,0.9213182318872686,0.9979445015416238,0.535295349811479,0.5885798983625071,0.0
5,0.2065202470830473,0.9213182318872686,0.9979445015416238,0.535295349811479,0.5885798983625071,0.0
6,0.2065202470830473,0.9213182318872686,0.9979445015416238,0.535295349811479,0.5885798983625071,0.0
7,0.2065202470830473,0.9213182318872686,0.9979445015416238,0.535295349811479,0.5885798983625071,0.0
9,0.2065202470830473,0.9213182318872686,0.9979445015416238,0.535295349811479,0.5885798983625071,0.0
10,0.2065202470830473,0.9213182318872686,0.9979445015416238,0.535295349811479,0.5885798983625071,0.0
12,0.2065202470830473,0.9213182318872686,0.9979445015416238,0.535295349811479,0.5885798983625071,0.0
13,0.2065202470830473,0.9213182318872686,0.9979445015416238,0.535295349811479,0.5885798983625071,0.0
15,0.266829438437391,0.9555589864094355,1.0,0.5860389610389611,0.6374458874458874,0.11363636363636351
17,0.23308241800445534,0.7766085584549368,0.8108941418293936,0.4775526197939991,0.5316653934300992,0.04545454545454556
18,0.23308241800445534,0.7766085584549368,0.8108941418293936,0.4775526197939991,0.5316653934300992,0.04545454545454556
20,0.266829438437391,0.9555589864094355,1.0,0.5860389610389611,0.6374458874458874,0.11363636363636351
21,0.266829438437391,0.9555589864094355,1.0,0.5860389610389611,0.6374458874458874,0.11363636363636351
22,0.266829438437391,0.9555589864094355,1.0,0.5860389610389611,0.6374458874458874,0.11363636363636351
24,0.6006838905775076,0.7947870964329823,0.6320657759506679,0.6544325239977414,0.7016697588126161,0.5454545454545455
26,0.266829438437391,0.9555589864094355,1.0,0.5860389610389611,0.6374458874458874,0.11363636363636351
28,0.2065202470830473,0.9213182318872686,0.9979445015416238,0.535295349811479,0.5885798983625071,0.0
30,0.266829438437391,0.9555589864094355,1.0,0.5860389610389611,0.6374458874458874,0.11363636363636351
32,0.2065202470830473,0.9213182318872686,0.9979445015416238,0.535295349811479,0.5885798983625071,0.0
33,0.2065202470830473,0.9213182318872686,0.9979445015416238,0.535295349811479,0.5885798983625071,0.0
35,0.0,0.0,0.11716341212744094,0.0,0.0,0.22348484848484856
39,0.47481787339242,0.04361662205406023,0.0,0.08726639214444103,0.10613931523022418,0.22348484848484856
41,0.2065202470830473,0.9213182318872686,0.9979445015416238,0.535295349811479,0.5885798983625071,0.0
43,0.2065202470830473,0.9213182318872686,0.9979445015416238,0.535295349811479,0.5885798983625071,0.0
45,0.2065202470830473,0.9213182318872686,0.9979445015416238,0.535295349811479,0.5885798983625071,0.0
47,0.266829438437391,0.9555589864094355,1.0,0.5860389610389611,0.6374458874458874,0.11363636363636351
49,0.266829438437391,0.9555589864094355,1.0,0.5860389610389611,0.6374458874458874,0.11363636363636351
51,1.0,1.0,0.6402877697841728,1.0,1.0,1.0
52,1.0,1.0,0.6402877697841728,1.0,1.0,1.0
53,1.0,1.0,0.6402877697841728,1.0,1.0,1.0
57,0.2065202470830473,0.9213182318872686,0.9979445015416238,0.535295349811479,0.5885798983625071,0.0
