4,0.9705400549566688,1.0,1.0,1.0,1.0,0.15238095238095245
5,0.9705400549566688,1.0,1.0,1.0,1.0,0.15238095238095245
6,0.9705400549566688,1.0,1.0,1.0,1.0,0.15238095238095245
7,0.9705400549566688,1.0,1.0,1.0,1.0,0.15238095238095245
9,0.9032315703491932,0.9565381226818235,0.9884393063583815,0.9041671976551549,0.9120188531029064,0.0
10,0.9032315703491932,0.9565381226818235,0.9884393063583815,0.9041671976551549,0.9120188531029064,0.0
11,0.9032315703491932,0.9565381226818235,0.9884393063583815,0.9041671976551549,0.9120188531029064,0.0
12,0.9032315703491932,0.9565381226818235,0.9884393063583815,0.9041671976551549,0.9120188531029064,0.0
13,0.9032315703491932,0.9565381226818235,0.9884393063583815,0.9041671976551549,0.9120188531029064,0.0
15,0.9032315703491932,0.9565381226818235,0.9884393063583815,0.9041671976551549,0.9120188531029064,0.0
17,0.9363055670959698,0.9777675286652395,0.9942196531791908,0.9504023215934573,0.9546558704453443,0.07619047619047623
20,0.9705400549566688,1.0,1.0,1.0,1.0,0.15238095238095245
21,0.9705400549566688,1.0,1.0,1.0,1.0,0.15238095238095245
22,0.9705400549566688,1.0,1.0,1.0,1.0,0.15238095238095245
23,0.9705400549566688,1.0,1.0,1.0,1.0,0.15238095238095245
24,0.8871114710944619,0.7613668045607084,0.6820809248554914,0.8270676691729323,0.8401191658391263,0.028571428571428494
26,1.0,0.8246520124037157,0.6965317919075145,0.9747583243823845,0.9769736842105264,0.16190476190476197
27,1.0,0.8246520124037157,0.6965317919075145,0.9747583243823845,0.9769736842105264,0.16190476190476197
29,0.8871114710944619,0.7613668045607084,0.6820809248554914,0.8270676691729323,0.8401191658391263,0.028571428571428494
30,0.0,0.0,0.0,0.0,0.0,1.0
33,0.9032315703491932,0.9565381226818235,0.9884393063583815,0.9041671976551549,0.9120188531029064,0.0
