4,0.6617647058823529,0.5855400437691198,0.5106382978723404,0.32352941176470584,0.34285714285714286,0.0
9,0.6617647058823529,0.5855400437691198,0.5106382978723404,0.32352941176470584,0.34285714285714286,0.0
10,0.6617647058823529,0.5855400437691198,0.5106382978723404,0.32352941176470584,0.34285714285714286,0.0
11,0.6617647058823529,0.5855400437691198,0.5106382978723404,0.32352941176470584,0.34285714285714286,0.0
12,0.6617647058823529,0.5855400437691198,0.5106382978723404,0.32352941176470584,0.34285714285714286,0.0
14,0.6617647058823529,0.5855400437691198,0.5106382978723404,0.32352941176470584,0.34285714285714286,0.0
16,0.6818181818181818,0.6030226891555273,0.5531914893617021,0.34375,0.36363636363636365,0.08695652173913045
17,0.0,0.0,0.0,0.0,0.0,1.0
21,1.0,1.0,1.0,1.0,1.0,1.0
22,1.0,1.0,1.0,1.0,1.0,1.0
30,0.6617647058823529,0.5855400437691198,0.5106382978723404,0.32352941176470584,0.34285714285714286,0.0
32,0.6617647058823529,0.5855400437691198,0.5106382978723404,0.32352941176470584,0.34285714285714286,0.0
33,1.0,1.0,1.0,1.0,1.0,1.0
35,0.0,0.0,0.0,0.0,0.0,1.0
36,0.6617647058823529,0.5855400437691198,0.5106382978723404,0.32352941176470584,0.34285714285714286,0.0
