4,0.9461842105263137,1.0,1.0,1.0,1.0,0.0
5,0.9461842105263137,1.0,1.0,1.0,1.0,0.0
7,0.9461842105263137,1.0,1.0,1.0,1.0,0.0
8,0.9461842105263137,1.0,1.0,1.0,1.0,0.0
9,0.9461842105263137,1.0,1.0,1.0,1.0,0.0
10,0.9461842105263137,1.0,1.0,1.0,1.0,0.0
11,0.9461842105263137,1.0,1.0,1.0,1.0,0.0
12,0.9461842105263137,1.0,1.0,1.0,1.0,0.0
14,0.9461842105263137,1.0,1.0,1.0,1.0,0.0
15,0.9461842105263137,1.0,1.0,1.0,1.0,0.0
16,1.0,0.12960978444572085,0.013333333333333275,0.22222222222222182,0.2346666666666669,0.05555555555555507
17,1.0,0.12960978444572085,0.013333333333333275,0.22222222222222182,0.2346666666666669,0.05555555555555507
20,0.9461842105263137,1.0,1.0,1.0,1.0,0.0
22,0.9461842105263137,1.0,1.0,1.0,1.0,0.0
23,0.9461842105263137,1.0,1.0,1.0,1.0,0.0
24,0.0,0.0,0.0,0.0,0.0,1.0
26,0.9461842105263137,1.0,1.0,1.0,1.0,0.0
27,0.9461842105263137,1.0,1.0,1.0,1.0,0.0
