6,0.7318376068376068,0.916378910478025,0.9807692307692308,0.8307291666666664,0.8700000000000003,0.0
8,0.7318376068376068,0.916378910478025,0.9807692307692308,0.8307291666666664,0.8700000000000003,0.0
10,0.9600254817646118,1.0,1.0,1.0,1.0,0.3714285714285716
12,0.9600254817646118,1.0,1.0,1.0,1.0,0.3714285714285716
13,0.9600254817646118,1.0,1.0,1.0,1.0,0.3714285714285716
14,0.7318376068376068,0.916378910478025,0.9807692307692308,0.8307291666666664,0.8700000000000003,0.0
16,0.7318376068376068,0.916378910478025,0.9807692307692308,0.8307291666666664,0.8700000000000003,0.0
17,0.7318376068376068,0.916378910478025,0.9807692307692308,0.8307291666666664,0.8700000000000003,0.0
19,0.7318376068376068,0.916378910478025,0.9807692307692308,0.8307291666666664,0.8700000000000003,0.0
21,0.7318376068376068,0.916378910478025,0.9807692307692308,0.8307291666666664,0.8700000000000003,0.0
22,0.7318376068376068,0.916378910478025,0.9807692307692308,0.8307291666666664,0.8700000000000003,0.0
24,0.9600254817646118,1.0,1.0,1.0,1.0,0.3714285714285716
25,0.9600254817646118,1.0,1.0,1.0,1.0,0.3714285714285716
26,0.9600254817646118,1.0,1.0,1.0,1.0,0.3714285714285716
27,0.9600254817646118,1.0,1.0,1.0,1.0,0.3714285714285716
28,0.0,0.0,0.0,0.0,0.0,1.0
30,0.7318376068376068,0.916378910478025,0.9807692307692308,0.8307291666666664,0.8700000000000003,0.0
31,0.7318376068376068,0.916378910478025,0.9807692307692308,0.8307291666666664,0.8700000000000003,0.0
32,0.7318376068376068,0.916378910478025,0.9807692307692308,0.8307291666666664,0.8700000000000003,0.0
33,0.7318376068376068,0.916378910478025,0.9807692307692308,0.8307291666666664,0.8700000000000003,0.0
36,0.7318376068376068,0.916378910478025,0.9807692307692308,0.8307291666666664,0.8700000000000003,0.0
37,0.7318376068376068,0.916378910478025,0.9807692307692308,0.8307291666666664,0.8700000000000003,0.0
38,0.7318376068376068,0.916378910478025,0.9807692307692308,0.8307291666666664,0.8700000000000003,0.0
39,0.7318376068376068,0.916378910478025,0.9807692307692308,0.8307291666666664,0.8700000000000003,0.0
41,0.9600254817646118,1.0,1.0,1.0,1.0,0.3714285714285716
42,0.9600254817646118,1.0,1.0,1.0,1.0,0.3714285714285716
43,0.9600254817646118,1.0,1.0,1.0,1.0,0.3714285714285716
45,0.7318376068376068,0.916378910478025,0.9807692307692308,0.8307291666666664,0.8700000000000003,0.0
47,0.7318376068376068,0.916378910478025,0.9807692307692308,0.8307291666666664,0.8700000000000003,0.0
48,0.7318376068376068,0.916378910478025,0.9807692307692308,0.8307291666666664,0.8700000000000003,0.0
49,0.7318376068376068,0.916378910478025,0.9807692307692308,0.8307291666666664,0.8700000000000003,0.0
51,0.7318376068376068,0.916378910478025,0.9807692307692308,0.8307291666666664,0.8700000000000003,0.0
53,0.7318376068376068,0.916378910478025,0.9807692307692308,0.8307291666666664,0.8700000000000003,0.0
54,0.7318376068376068,0.916378910478025,0.9807692307692308,0.8307291666666664,0.8700000000000003,0.0
56,0.5219047619047624,0.6816294424081757,0.7307692307692308,0.5552884615384616,0.63,0.34285714285714264
57,0.5219047619047624,0.6816294424081757,0.7307692307692308,0.5552884615384616,0.63,0.34285714285714264
61,1.0,0.8515091794505998,0.7692307692307692,0.8437499999999998,0.8804347826086958,0.4000000000000001
62,1.0,0.8515091794505998,0.7692307692307692,0.8437499999999998,0.8804347826086958,0.4000000000000001
63,1.0,0.8515091794505998,0.7692307692307692,0.8437499999999998,0.8804347826086958,0.4000000000000001
64,1.0,0.8515091794505998,0.7692307692307692,0.8437499999999998,0.8804347826086958,0.4000000000000001
67,0.7318376068376068,0.916378910478025,0.9807692307692308,0.8307291666666664,0.8700000000000003,0.0
