3,0.6911764705882353,0.6324555320336758,0.46153846153846145,0.38235294117647056,0.4,0.0
5,0.6911764705882353,0.6324555320336758,0.46153846153846145,0.38235294117647056,0.4,0.0
7,0.6911764705882353,0.6324555320336758,0.46153846153846145,0.38235294117647056,0.4,0.0
8,0.6911764705882353,0.6324555320336758,0.46153846153846145,0.38235294117647056,0.4,0.0
9,0.6911764705882353,0.6324555320336758,0.46153846153846145,0.38235294117647056,0.4,0.0
10,0.6911764705882353,0.6324555320336758,0.46153846153846145,0.38235294117647056,0.4,0.0
11,0.6911764705882353,0.6324555320336758,0.46153846153846145,0.38235294117647056,0.4,0.0
13,0.6911764705882353,0.6324555320336758,0.46153846153846145,0.38235294117647056,0.4,0.0
15,0.6911764705882353,0.6324555320336758,0.46153846153846145,0.38235294117647056,0.4,0.0
16,0.734375,0.6720215050322471,0.5641025641025641,0.4333333333333333,0.45161290322580644,0.19047619047619052
18,0.6911764705882353,0.6324555320336758,0.46153846153846145,0.38235294117647056,0.4,0.0
20,1.0,1.0,1.0,1.0,1.0,1.0
21,1.0,1.0,1.0,1.0,1.0,1.0
23,0.6911764705882353,0.6324555320336758,0.46153846153846145,0.38235294117647056,0.4,0.0
25,0.6911764705882353,0.6324555320336758,0.46153846153846145,0.38235294117647056,0.4,0.0
26,0.6911764705882353,0.6324555320336758,0.46153846153846145,0.38235294117647056,0.4,0.0
28,0.6911764705882353,0.6324555320336758,0.46153846153846145,0.38235294117647056,0.4,0.0
30,0.6911764705882353,0.6324555320336758,0.46153846153846145,0.38235294117647056,0.4,0.0
31,0.734375,0.6720215050322471,0.5641025641025641,0.4333333333333333,0.45161290322580644,0.19047619047619052
33,0.6911764705882353,0.6324555320336758,0.46153846153846145,0.38235294117647056,0.4,0.0
35,0.9791666666666666,0.9660917830792958,0.9743589743589742,0.9285714285714285,0.9333333333333333,0.9523809523809523
36,0.9791666666666666,0.9660917830792958,0.9743589743589742,0.9285714285714285,0.9333333333333333,0.9523809523809523
38,0.6911764705882353,0.6324555320336758,0.46153846153846145,0.38235294117647056,0.4,0.0
40,0.6911764705882353,0.6324555320336758,0.46153846153846145,0.38235294117647056,0.4,0.0
41,0.0,0.0,0.0,0.0,0.0,0.8095238095238095
43,0.9215686274509803,0.8819171036881969,0.8974358974358974,0.7647058823529411,0.7777777777777778,0.8095238095238095
44,0.6911764705882353,0.6324555320336758,0.46153846153846145,0.38235294117647056,0.4,0.0
