9,0.6363636363636361,1.0,1.0,0.8730158730158729,0.904761904761905,0.0
12,0.6363636363636361,1.0,1.0,0.8730158730158729,0.904761904761905,0.0
13,0.6363636363636361,1.0,1.0,0.8730158730158729,0.904761904761905,0.0
15,0.6363636363636361,1.0,1.0,0.8730158730158729,0.904761904761905,0.0
17,0.6363636363636361,1.0,1.0,0.8730158730158729,0.904761904761905,0.0
19,0.6363636363636361,1.0,1.0,0.8730158730158729,0.904761904761905,0.0
24,0.6363636363636361,1.0,1.0,0.8730158730158729,0.904761904761905,0.0
26,0.6363636363636361,1.0,1.0,0.8730158730158729,0.904761904761905,0.0
28,0.6363636363636361,0.7731946112723543,0.6813186813186813,0.6734693877551019,0.7402597402597404,0.0
29,0.6363636363636361,0.7731946112723543,0.6813186813186813,0.6734693877551019,0.7402597402597404,0.0
31,0.6363636363636361,0.7731946112723543,0.6813186813186813,0.6734693877551019,0.7402597402597404,0.0
36,0.4405594405594405,0.6837717624106028,0.6593406593406593,0.5238095238095238,0.6031746031746031,0.5
38,1.0,0.9358561932271002,0.7142857142857143,1.0,1.0,0.7500000000000004
40,1.0,0.9358561932271002,0.7142857142857143,1.0,1.0,0.7500000000000004
44,0.0,0.0,0.0,0.0,0.0,1.0
50,0.6363636363636361,1.0,1.0,0.8730158730158729,0.904761904761905,0.0
53,0.6363636363636361,1.0,1.0,0.8730158730158729,0.904761904761905,0.0
