12,0,1.0,1.0,1.0,1.0,1.0
14,0,1.0,1.0,1.0,1.0,1.0
16,0,1.0,1.0,1.0,1.0,1.0
18,0,1.0,1.0,1.0,1.0,1.0
20,0,0.1039389508256252,0.05555555555555555,0.003286230693394677,0.05555555555555554,0.05555555555555554
23,0,0.8858603049496843,0.8333333333333334,0.2793296089385475,0.8333333333333333,0.8333333333333333
25,0,0.7611193240263296,0.6666666666666666,0.111731843575419,0.6666666666666666,0.6666666666666666
26,0,0.7166099827696182,0.6111111111111112,0.08778930566640064,0.6111111111111112,0.6111111111111112
27,0,0.5716509032440984,0.4444444444444444,0.04469273743016759,0.4444444444444445,0.4444444444444445
28,0,0.5185829573211814,0.3888888888888889,0.03555104113763332,0.38888888888888884,0.38888888888888884
29,0,0.2687623522128678,0.16666666666666666,0.011173184357541898,0.16666666666666666,0.16666666666666666
30,0,0.0,0.0,0.0,0.0,0.0
35,0,0.1039389508256252,0.05555555555555555,0.003286230693394677,0.05555555555555554,0.05555555555555554
41,0,0.0,0.0,0.0,0.0,0.0
45,0,1.0,1.0,1.0,1.0,1.0
47,0,1.0,1.0,1.0,1.0,1.0
48,0,1.0,1.0,1.0,1.0,1.0
50,0,1.0,1.0,1.0,1.0,1.0
52,0,0.9249505911485287,0.8888888888888888,0.446927374301676,0.888888888888889,0.888888888888889
54,0,0.7166099827696182,0.6111111111111112,0.08778930566640064,0.6111111111111112,0.6111111111111112
55,0,0.7166099827696182,0.6111111111111112,0.08778930566640064,0.6111111111111112,0.6111111111111112
59,0,1.0,1.0,1.0,1.0,1.0
61,0,0.9249505911485287,0.8888888888888888,0.446927374301676,0.888888888888889,0.888888888888889
62,0,0.9249505911485287,0.8888888888888888,0.446927374301676,0.888888888888889,0.888888888888889
65,0,0.7166099827696182,0.6111111111111112,0.08778930566640064,0.6111111111111112,0.6111111111111112
