8,0,1.0,1.0,1.0,1.0,1.0
18,0,1.0,1.0,1.0,1.0,1.0
19,0,0.0,0.0,0.0,0.0,0.0
20,0,1.0,1.0,1.0,1.0,1.0
21,0,0.0,0.0,0.0,0.0,0.0
22,0,1.0,1.0,1.0,1.0,1.0
23,0,1.0,1.0,1.0,1.0,1.0
25,0,1.0,1.0,1.0,1.0,1.0
26,0,1.0,1.0,1.0,1.0,1.0
27,0,0.9325048082403138,0.8695652173913043,0.14492753623188406,0.8695652173913043,0.8695652173913043
28,0,0.9325048082403138,0.8695652173913043,0.14492753623188406,0.8695652173913043,0.8695652173913043
29,0,0.9325048082403138,0.8695652173913043,0.14492753623188406,0.8695652173913043,0.8695652173913043
30,0,0.920774721067277,0.8478260869565217,0.12111801242236024,0.8478260869565217,0.8478260869565217
31,0,0.9088932591463857,0.8260869565217391,0.10326086956521739,0.8260869565217391,0.8260869565217391
32,0,0.9088932591463857,0.8260869565217391,0.10326086956521739,0.8260869565217391,0.8260869565217391
35,0,0.8846517369293828,0.782608695652174,0.0782608695652174,0.782608695652174,0.782608695652174
36,0,0.8846517369293828,0.782608695652174,0.0782608695652174,0.782608695652174,0.782608695652174
37,0,0.8846517369293828,0.782608695652174,0.0782608695652174,0.782608695652174,0.782608695652174
40,0,1.0,1.0,1.0,1.0,1.0
41,0,1.0,1.0,1.0,1.0,1.0
42,0,1.0,1.0,1.0,1.0,1.0
43,0,1.0,1.0,1.0,1.0,1.0
