3,0.0,0.1694302008933893,0.4444444444444443,0.0,0.0,0.0
7,0.0,0.1694302008933893,0.4444444444444443,0.0,0.0,0.0
9,0.0,0.1694302008933893,0.4444444444444443,0.0,0.0,0.0
11,0.0,0.1694302008933893,0.4444444444444443,0.0,0.0,0.0
12,0.0,0.1694302008933893,0.4444444444444443,0.0,0.0,0.0
15,0.0,0.1694302008933893,0.4444444444444443,0.0,0.0,0.0
17,0.0,0.1694302008933893,0.4444444444444443,0.0,0.0,0.0
21,0.7167832167832165,1.0,1.0,0.8556149732620321,0.8612440191387559,1.0
22,0.7167832167832165,1.0,1.0,0.8556149732620321,0.8612440191387559,1.0
24,0.7167832167832165,1.0,1.0,0.8556149732620321,0.8612440191387559,1.0
26,0.7167832167832165,1.0,1.0,0.8556149732620321,0.8612440191387559,1.0
27,0.7167832167832165,1.0,1.0,0.8556149732620321,0.8612440191387559,1.0
30,0.7167832167832165,1.0,1.0,0.8556149732620321,0.8612440191387559,1.0
31,1.0,0.0,0.0,1.0,1.0,0.65
34,0.0,0.1694302008933893,0.4444444444444443,0.0,0.0,0.0
