6,0.5467109634551494,1.0,1.0,1.0,1.0,0.0
9,0.5467109634551494,1.0,1.0,1.0,1.0,0.0
11,0.5467109634551494,1.0,1.0,1.0,1.0,0.0
13,0.5467109634551494,1.0,1.0,1.0,1.0,0.0
14,0.5467109634551494,1.0,1.0,1.0,1.0,0.0
17,0.5467109634551494,1.0,1.0,1.0,1.0,0.0
18,0.7290922087205145,0.824280277885843,0.672316384180791,0.9551600441501102,0.9667108167770417,0.4104683195592284
19,0.7290922087205145,0.824280277885843,0.672316384180791,0.9551600441501102,0.9667108167770417,0.4104683195592284
22,0.20696214571048113,0.0,0.13333333333333333,0.08173902379200393,0.10821910775707176,0.4104683195592286
23,0.20696214571048113,0.0,0.13333333333333333,0.08173902379200393,0.10821910775707176,0.4104683195592286
26,0.5467109634551494,1.0,1.0,1.0,1.0,0.0
29,0.5467109634551494,1.0,1.0,1.0,1.0,0.0
31,0.5467109634551494,1.0,1.0,1.0,1.0,0.0
33,0.5467109634551494,1.0,1.0,1.0,1.0,0.0
36,0.5467109634551494,1.0,1.0,1.0,1.0,0.0
37,0.5467109634551494,1.0,1.0,1.0,1.0,0.0
38,0.5467109634551494,1.0,1.0,1.0,1.0,0.0
39,0.5467109634551494,1.0,1.0,1.0,1.0,0.0
41,0.5467109634551494,1.0,1.0,1.0,1.0,0.0
43,0.3461007591442376,0.5597901593781702,0.6090395480225989,0.5168015697817022,0.5931780958484653,0.5344352617079887
44,0.4920932725810773,0.03383827224338457,0.09152542372881356,0.09492273730684328,0.12509197939661512,0.046831955922865064
46,0.3461007591442376,0.5597901593781702,0.6090395480225989,0.5168015697817022,0.5931780958484653,0.5344352617079887
47,1.0,0.008710916958731373,0.0,0.0,0.0,0.19834710743801653
49,0.3461007591442376,0.5597901593781702,0.6090395480225989,0.5168015697817022,0.5931780958484653,0.5344352617079887
50,0.0,0.025221243156773314,0.2192090395480226,0.08460504846914292,0.11190046156933574,1.0
52,0.3461007591442376,0.5597901593781702,0.6090395480225989,0.5168015697817022,0.5931780958484653,0.5344352617079887
53,0.3096539162112931,0.26557245699798515,0.32429378531073444,0.289636044602932,0.35726269315673287,0.4187327823691461
56,0.5467109634551494,1.0,1.0,1.0,1.0,0.0
58,0.5467109634551494,1.0,1.0,1.0,1.0,0.0
59,0.7290922087205145,0.824280277885843,0.672316384180791,0.9551600441501102,0.9667108167770417,0.4104683195592284
61,0.20696214571048113,0.0,0.13333333333333333,0.08173902379200393,0.10821910775707176,0.4104683195592286
