2,0.6233333333333337,1.0,1.0,1.0,1.0,0.0
3,0.6233333333333337,1.0,1.0,1.0,1.0,0.0
4,0.6233333333333337,1.0,1.0,1.0,1.0,0.0
6,0.6233333333333337,1.0,1.0,1.0,1.0,0.0
7,0.6233333333333337,1.0,1.0,1.0,1.0,0.0
8,0.6233333333333337,1.0,1.0,1.0,1.0,0.0
10,0.6233333333333337,1.0,1.0,1.0,1.0,0.0
11,0.6233333333333337,1.0,1.0,1.0,1.0,0.0
14,0.6233333333333337,1.0,1.0,1.0,1.0,0.0
16,0.0,0.4702558759254394,0.4464285714285715,0.4000000000000001,0.4375,1.0
18,0.0,0.4702558759254394,0.4464285714285715,0.4000000000000001,0.4375,1.0
19,0.0,0.4702558759254394,0.4464285714285715,0.4000000000000001,0.4375,1.0
21,0.1629629629629637,0.0,0.0,0.0,0.0,0.23529411764705874
23,0.0,0.4702558759254394,0.4464285714285715,0.4000000000000001,0.4375,1.0
25,1.0,0.7102618217456718,0.5357142857142857,0.9333333333333332,0.9423076923076925,0.4705882352941175
29,0.6233333333333337,1.0,1.0,1.0,1.0,0.0
30,0.6233333333333337,1.0,1.0,1.0,1.0,0.0
