3,1.0,1.0,1.0,1.0,1.0,0.0
4,1.0,1.0,1.0,1.0,1.0,0.0
5,1.0,1.0,1.0,1.0,1.0,0.0
6,1.0,1.0,1.0,1.0,1.0,0.0
8,1.0,1.0,1.0,1.0,1.0,0.0
9,1.0,1.0,1.0,1.0,1.0,0.0
10,1.0,0.5316271119649579,0.5,0.4545454545454544,0.5434782608695653,0.0
11,0.0,0.04914537881771862,0.14516129032258066,0.0256410256410257,0.036231884057971085,1.0
12,0.0,0.04914537881771862,0.14516129032258066,0.0256410256410257,0.036231884057971085,1.0
14,1.0,0.5316271119649579,0.5,0.4545454545454544,0.5434782608695653,0.0
15,1.0,1.0,1.0,1.0,1.0,0.0
16,1.0,1.0,1.0,1.0,1.0,0.0
17,1.0,0.0,0.0,0.0,0.0,0.0
18,1.0,1.0,1.0,1.0,1.0,0.0
19,1.0,1.0,1.0,1.0,1.0,0.0
