3,0.8636363636363636,0.9660917830792958,0.9743589743589745,0.8484848484848485,0.888888888888889,0.0
4,0.8636363636363636,0.9660917830792958,0.9743589743589745,0.8484848484848485,0.888888888888889,0.0
6,0.8636363636363636,0.9660917830792958,0.9743589743589745,0.8484848484848485,0.888888888888889,0.0
7,0.8636363636363636,0.9660917830792958,0.9743589743589745,0.8484848484848485,0.888888888888889,0.0
9,0.8636363636363636,0.9660917830792958,0.9743589743589745,0.8484848484848485,0.888888888888889,0.0
10,0.8636363636363636,0.9660917830792958,0.9743589743589745,0.8484848484848485,0.888888888888889,0.0
11,0.8636363636363636,0.9660917830792958,0.9743589743589745,0.8484848484848485,0.888888888888889,0.0
12,0.8636363636363636,0.9660917830792958,0.9743589743589745,0.8484848484848485,0.888888888888889,0.0
13,0.8636363636363636,0.9660917830792958,0.9743589743589745,0.8484848484848485,0.888888888888889,0.0
14,0.0,0.0,0.0,0.0,0.0,0.44444444444444436
15,0.0,0.0,0.0,0.0,0.0,0.44444444444444436
17,0.9047619047619048,1.0,1.0,0.9333333333333335,0.9523809523809523,0.44444444444444453
18,0.9047619047619048,1.0,1.0,0.9333333333333335,0.9523809523809523,0.44444444444444453
19,0.9047619047619048,1.0,1.0,0.9333333333333335,0.9523809523809523,0.44444444444444453
20,0.9047619047619048,1.0,1.0,0.9333333333333335,0.9523809523809523,0.44444444444444453
22,1.0,0.9354143466934853,0.7948717948717949,1.0,1.0,1.0
24,1.0,0.9354143466934853,0.7948717948717949,1.0,1.0,1.0
25,1.0,0.9354143466934853,0.7948717948717949,1.0,1.0,1.0
26,1.0,0.9354143466934853,0.7948717948717949,1.0,1.0,1.0
29,0.8260869565217391,0.46770717334674267,0.25641025641025644,0.3888888888888889,0.47619047619047616,0.111111111111111
30,1.0,0.9354143466934853,0.7948717948717949,1.0,1.0,1.0
32,0.9047619047619048,1.0,1.0,0.9333333333333335,0.9523809523809523,0.44444444444444453
33,0.9047619047619048,1.0,1.0,0.9333333333333335,0.9523809523809523,0.44444444444444453
