2,0,1.0,1.0,1.0,1.0,1.0
4,0,1.0,1.0,1.0,1.0,1.0
5,0,1.0,1.0,1.0,1.0,1.0
6,0,1.0,1.0,1.0,1.0,1.0
7,0,1.0,1.0,1.0,1.0,1.0
8,0,1.0,1.0,1.0,1.0,1.0
9,0,1.0,1.0,1.0,1.0,1.0
11,0,1.0,1.0,1.0,1.0,1.0
12,0,0.1378731648735913,0.1111111111111111,0.007102272727272729,0.11111111111111109,0.11111111111111109
13,0,0.1378731648735913,0.1111111111111111,0.007102272727272729,0.11111111111111109,0.11111111111111109
15,0,0.26620237776374356,0.2222222222222222,0.016233766233766232,0.22222222222222218,0.22222222222222218
16,0,0.0,0.0,0.0,0.0,0.0
