4,0.10238095238095195,0.7614799255396962,1.0,0.3333333333333334,0.388888888888889,0.0
7,0.10238095238095195,0.7614799255396962,1.0,0.3333333333333334,0.388888888888889,0.0
8,0.10238095238095195,0.7614799255396962,1.0,0.3333333333333334,0.388888888888889,0.0
9,0.10238095238095195,0.7614799255396962,1.0,0.3333333333333334,0.388888888888889,0.0
11,0.10238095238095195,0.7614799255396962,1.0,0.3333333333333334,0.388888888888889,0.0
12,0.10238095238095195,0.7614799255396962,1.0,0.3333333333333334,0.388888888888889,0.0
13,0.0,0.1398967994745922,0.4166666666666667,0.0,0.0,0.15384615384615358
14,0.0,0.1398967994745922,0.4166666666666667,0.0,0.0,0.15384615384615358
16,0.0,0.1398967994745922,0.4166666666666667,0.0,0.0,0.15384615384615358
17,0.5972222222222221,0.0,0.0,0.06666666666666668,0.08333333333333326,0.46153846153846145
19,0.0,0.1398967994745922,0.4166666666666667,0.0,0.0,0.15384615384615358
20,1.0,1.0,0.6666666666666666,1.0,1.0,1.0
21,1.0,1.0,0.6666666666666666,1.0,1.0,1.0
23,0.10238095238095195,0.7614799255396962,1.0,0.3333333333333334,0.388888888888889,0.0
24,0.10238095238095195,0.7614799255396962,1.0,0.3333333333333334,0.388888888888889,0.0
26,0.10238095238095195,0.7614799255396962,1.0,0.3333333333333334,0.388888888888889,0.0
