2,0.8018867924528302,0.7817359599705715,0.4324324324324324,0.6037735849056604,0.611111111111111,0.0
4,0.8018867924528302,0.7817359599705715,0.4324324324324324,0.6037735849056604,0.611111111111111,0.0
5,0.8018867924528302,0.7817359599705715,0.4324324324324324,0.6037735849056604,0.611111111111111,0.0
6,0.0,0.0,0.24324324324324326,0.0,0.0,0.2857142857142857
9,0.8500000000000001,0.82915619758885,0.5945945945945946,0.6808510638297872,0.6874999999999999,0.28571428571428564
10,0.9239130434782609,0.9082951062292475,0.8108108108108107,0.8205128205128205,0.8250000000000001,0.6666666666666667
12,0.0,0.0,0.1891891891891892,0.0,0.0,0.38095238095238093
13,0.8500000000000001,0.82915619758885,0.5945945945945946,0.6808510638297872,0.6874999999999999,0.28571428571428564
14,0.8500000000000001,0.82915619758885,0.5945945945945946,0.6808510638297872,0.6874999999999999,0.28571428571428564
15,0.0,0.0,0.0,0.0,0.0,0.7142857142857142
17,1.0,1.0,1.0,1.0,1.0,1.0
19,0.8500000000000001,0.82915619758885,0.5945945945945946,0.6808510638297872,0.6874999999999999,0.28571428571428564
23,0.8018867924528302,0.7817359599705715,0.4324324324324324,0.6037735849056604,0.611111111111111,0.0
