3,0.3181818181818182,1.0,1.0,1.0,1.0,0.0
6,0.3181818181818182,1.0,1.0,1.0,1.0,0.0
7,0.3181818181818182,1.0,1.0,1.0,1.0,0.0
8,0.3181818181818182,1.0,1.0,1.0,1.0,0.0
9,0.0,0.0,0.0,0.0,0.0,0.9999999999999998
10,0.482758620689655,0.8919910731379038,0.8076923076923075,0.5283018867924528,0.8584905660377359,1.0
11,0.3478260869565217,0.5870242239160817,0.46153846153846145,0.15094339622641512,0.4905660377358491,0.1428571428571427
13,1.0,0.30448545975042557,0.15384615384615383,0.0330188679245283,0.15608919382504285,0.857142857142857
14,1.0,0.13686309098443644,0.03846153846153845,0.004192872117400415,0.022298456260720433,0.5714285714285714
15,1.0,0.13686309098443644,0.03846153846153845,0.004192872117400415,0.022298456260720433,0.5714285714285714
17,1.0,0.30448545975042557,0.15384615384615383,0.0330188679245283,0.15608919382504285,0.857142857142857
18,1.0,0.13686309098443644,0.03846153846153845,0.004192872117400415,0.022298456260720433,0.5714285714285714
20,0.3181818181818182,1.0,1.0,1.0,1.0,0.0
