3,0.7625000000000001,1.0,1.0,1.0,1.0,0.0
7,0.7625000000000001,1.0,1.0,1.0,1.0,0.0
8,0.7625000000000001,1.0,1.0,1.0,1.0,0.0
9,0.7625000000000001,1.0,1.0,1.0,1.0,0.0
10,0.7625000000000001,1.0,1.0,1.0,1.0,0.0
11,0.7625000000000001,1.0,1.0,1.0,1.0,0.0
12,0.7625000000000001,1.0,1.0,1.0,1.0,0.0
16,0.7625000000000001,1.0,1.0,1.0,1.0,0.0
17,1.0,0.6153054713272648,0.22837706511175895,0.9523809523809523,0.9583333333333334,1.0
20,0.714046822742475,0.8340737451482805,0.771622934888241,0.8484848484848484,0.8655913978494624,0.9999999999999998
21,0.7795527156549521,0.6797215189894134,0.445578231292517,0.8743169398907105,0.888888888888889,0.18421052631578938
22,0.7795527156549521,0.6797215189894134,0.445578231292517,0.8743169398907105,0.888888888888889,0.18421052631578938
23,0.0,0.0,0.0,0.0,0.0,0.0
24,0.0,0.0,0.0,0.0,0.0,0.0
25,0.0,0.0,0.0,0.0,0.0,0.0
26,0.0,0.0,0.0,0.0,0.0,0.0
28,0.0,0.0,0.0,0.0,0.0,0.0
31,0.714046822742475,0.8340737451482805,0.771622934888241,0.8484848484848484,0.8655913978494624,0.9999999999999998
32,0.714046822742475,0.8340737451482805,0.771622934888241,0.8484848484848484,0.8655913978494624,0.9999999999999998
37,0.7625000000000001,1.0,1.0,1.0,1.0,0.0
