2,0.23050847457627072,0.8103040489376897,0.8285714285714285,0.7727272727272726,0.7976539589442817,0.11111111111111067
4,0.23050847457627072,0.8103040489376897,0.8285714285714285,0.7727272727272726,0.7976539589442817,0.11111111111111067
5,0.6637037037037027,0.0,0.0,0.0,0.0,0.4999999999999996
6,0.0,0.5388423653315947,0.6476190476190475,0.401913875598086,0.4379276637341153,0.611111111111111
8,0.2793650793650787,1.0,1.0,1.0,1.0,0.0
9,0.2793650793650787,1.0,1.0,1.0,1.0,0.0
11,0.2793650793650787,1.0,1.0,1.0,1.0,0.0
12,0.2793650793650787,1.0,1.0,1.0,1.0,0.0
13,0.2793650793650787,1.0,1.0,1.0,1.0,0.0
14,0.2793650793650787,1.0,1.0,1.0,1.0,0.0
15,0.2793650793650787,1.0,1.0,1.0,1.0,0.0
16,0.2793650793650787,1.0,1.0,1.0,1.0,0.0
17,0.2793650793650787,1.0,1.0,1.0,1.0,0.0
18,0.2793650793650787,1.0,1.0,1.0,1.0,0.0
20,0.23050847457627072,0.8103040489376897,0.8285714285714285,0.7727272727272726,0.7976539589442817,0.11111111111111067
21,0.23050847457627072,0.8103040489376897,0.8285714285714285,0.7727272727272726,0.7976539589442817,0.11111111111111067
22,1.0,0.33864414231300705,0.18095238095238111,0.44805194805194826,0.4848484848484851,1.0
24,0.2793650793650787,1.0,1.0,1.0,1.0,0.0
26,0.2793650793650787,1.0,1.0,1.0,1.0,0.0
27,0.23050847457627072,0.8103040489376897,0.8285714285714285,0.7727272727272726,0.7976539589442817,0.11111111111111067
29,0.2793650793650787,1.0,1.0,1.0,1.0,0.0
31,0.2793650793650787,1.0,1.0,1.0,1.0,0.0
