21,0.8441558441558442,0.8673608331108887,0.8048780487804879,0.7291666666666667,0.8333333333333334,0.8749999999999999
23,0.8441558441558442,0.8673608331108887,0.8048780487804879,0.7291666666666667,0.8333333333333334,0.8749999999999999
26,0.8441558441558442,0.8673608331108887,0.8048780487804879,0.7291666666666667,0.8333333333333334,0.8749999999999999
28,0.8441558441558442,0.8673608331108887,0.8048780487804879,0.7291666666666667,0.8333333333333334,0.8749999999999999
29,0.8441558441558442,0.8673608331108887,0.8048780487804879,0.7291666666666667,0.8333333333333334,0.8749999999999999
31,0.8441558441558442,0.8673608331108887,0.8048780487804879,0.7291666666666667,0.8333333333333334,0.8749999999999999
32,0.8441558441558442,0.8673608331108887,0.8048780487804879,0.7291666666666667,0.8333333333333334,0.8749999999999999
33,0.8441558441558442,0.8673608331108887,0.8048780487804879,0.7291666666666667,0.8333333333333334,0.8749999999999999
34,0.8441558441558442,0.8673608331108887,0.8048780487804879,0.7291666666666667,0.8333333333333334,0.8749999999999999
36,0.8441558441558442,0.8673608331108887,0.8048780487804879,0.7291666666666667,0.8333333333333334,0.8749999999999999
37,0.8441558441558442,0.8673608331108887,0.8048780487804879,0.7291666666666667,0.8333333333333334,0.8749999999999999
39,0.8125,0.7601169500660919,0.6341463414634146,0.5833333333333334,0.7222222222222221,1.0
40,0.8125,0.7601169500660919,0.6341463414634146,0.5833333333333334,0.7222222222222221,1.0
41,0.8125,0.7601169500660919,0.6341463414634146,0.5833333333333334,0.7222222222222221,1.0
42,0.8125,0.7601169500660919,0.6341463414634146,0.5833333333333334,0.7222222222222221,1.0
46,0.8441558441558442,0.8673608331108887,0.8048780487804879,0.7291666666666667,0.8333333333333334,0.8749999999999999
49,0.9285714285714286,1.0,1.0,1.0,1.0,0.0
53,0.9285714285714286,1.0,1.0,1.0,1.0,0.0
55,0.8441558441558442,0.8673608331108887,0.8048780487804879,0.7291666666666667,0.8333333333333334,0.8749999999999999
56,0.8441558441558442,0.8673608331108887,0.8048780487804879,0.7291666666666667,0.8333333333333334,0.8749999999999999
57,0.8441558441558442,0.8673608331108887,0.8048780487804879,0.7291666666666667,0.8333333333333334,0.8749999999999999
59,0.9285714285714286,1.0,1.0,1.0,1.0,0.0
61,0.9285714285714286,1.0,1.0,1.0,1.0,0.0
63,0.9285714285714286,1.0,1.0,1.0,1.0,0.0
64,0.9285714285714286,1.0,1.0,1.0,1.0,0.0
65,0.9285714285714286,1.0,1.0,1.0,1.0,0.0
67,0.9285714285714286,1.0,1.0,1.0,1.0,0.0
69,0.9285714285714286,1.0,1.0,1.0,1.0,0.0
70,0.9285714285714286,1.0,1.0,1.0,1.0,0.0
71,1.0,0.9501461875826149,0.8536585365853658,0.9722222222222223,0.9848484848484848,0.6250000000000001
72,0.9285714285714286,1.0,1.0,1.0,1.0,0.0
75,0.9285714285714286,1.0,1.0,1.0,1.0,0.0
78,0.9285714285714286,1.0,1.0,1.0,1.0,0.0
80,0.9285714285714286,1.0,1.0,1.0,1.0,0.0
81,0.9285714285714286,1.0,1.0,1.0,1.0,0.0
83,0.9285714285714286,1.0,1.0,1.0,1.0,0.0
84,0.9285714285714286,1.0,1.0,1.0,1.0,0.0
86,0.9285714285714286,1.0,1.0,1.0,1.0,0.0
88,0.9285714285714286,1.0,1.0,1.0,1.0,0.0
89,0.9285714285714286,1.0,1.0,1.0,1.0,0.0
91,0.9285714285714286,1.0,1.0,1.0,1.0,0.0
93,0.9285714285714286,1.0,1.0,1.0,1.0,0.0
94,0.9285714285714286,1.0,1.0,1.0,1.0,0.0
96,0.0,0.0,0.0,0.0,0.0,0.0
97,0.0,0.0,0.0,0.0,0.0,0.0
98,0.0,0.0,0.0,0.0,0.0,0.0
99,0.0,0.0,0.0,0.0,0.0,0.0
102,0.9285714285714286,1.0,1.0,1.0,1.0,0.0
104,0.9285714285714286,1.0,1.0,1.0,1.0,0.0
105,0.9285714285714286,1.0,1.0,1.0,1.0,0.0
106,0.9285714285714286,1.0,1.0,1.0,1.0,0.0
109,0.9285714285714286,1.0,1.0,1.0,1.0,0.0
111,0.9285714285714286,1.0,1.0,1.0,1.0,0.0
113,0.9285714285714286,1.0,1.0,1.0,1.0,0.0
114,0.9285714285714286,1.0,1.0,1.0,1.0,0.0
116,0.9285714285714286,1.0,1.0,1.0,1.0,0.0
118,0.9285714285714286,1.0,1.0,1.0,1.0,0.0
119,0.9285714285714286,1.0,1.0,1.0,1.0,0.0
123,0.9285714285714286,1.0,1.0,1.0,1.0,0.0
126,0.9285714285714286,1.0,1.0,1.0,1.0,0.0
127,0.9285714285714286,1.0,1.0,1.0,1.0,0.0
129,0.9285714285714286,1.0,1.0,1.0,1.0,0.0
