8,0.0,0.39211351437647746,0.8809523809523805,0.05555555555555535,0.06250000000000028,0.0
9,0.0,0.39211351437647746,0.8809523809523805,0.05555555555555535,0.06250000000000028,0.0
11,0.0,0.39211351437647746,0.8809523809523805,0.05555555555555535,0.06250000000000028,0.0
13,0.0,0.39211351437647746,0.8809523809523805,0.05555555555555535,0.06250000000000028,0.0
15,0.0,0.39211351437647746,0.8809523809523805,0.05555555555555535,0.06250000000000028,0.0
17,0.0,0.39211351437647746,0.8809523809523805,0.05555555555555535,0.06250000000000028,0.0
18,0.0,0.39211351437647746,0.8809523809523805,0.05555555555555535,0.06250000000000028,0.0
20,0.0,0.39211351437647746,0.8809523809523805,0.05555555555555535,0.06250000000000028,0.0
22,0.0,0.39211351437647746,0.8809523809523805,0.05555555555555535,0.06250000000000028,0.0
23,0.0,0.39211351437647746,0.8809523809523805,0.05555555555555535,0.06250000000000028,0.0
25,0.5675675675675667,0.7380195974652397,0.9523809523809517,0.5555555555555556,0.5862068965517244,0.6000000000000001
26,0.5675675675675667,0.7380195974652397,0.9523809523809517,0.5555555555555556,0.5862068965517244,0.6000000000000001
29,0.0,0.39211351437647746,0.8809523809523805,0.05555555555555535,0.06250000000000028,0.0
31,0.0,0.39211351437647746,0.8809523809523805,0.05555555555555535,0.06250000000000028,0.0
33,0.3684210526315787,0.0,0.0,0.0,0.0,0.3333333333333335
34,0.3684210526315787,0.0,0.0,0.0,0.0,0.3333333333333335
35,0.3684210526315787,0.0,0.0,0.0,0.0,0.3333333333333335
38,0.0,0.39211351437647746,0.8809523809523805,0.05555555555555535,0.06250000000000028,0.0
42,0.0,0.39211351437647746,0.8809523809523805,0.05555555555555535,0.06250000000000028,0.0
45,0.0,0.39211351437647746,0.8809523809523805,0.05555555555555535,0.06250000000000028,0.0
49,0.0,0.39211351437647746,0.8809523809523805,0.05555555555555535,0.06250000000000028,0.0
51,1.0,1.0,1.0,1.0,1.0,1.0
53,1.0,1.0,1.0,1.0,1.0,1.0
55,0.8651685393258436,0.27519018829144265,0.04761904761904745,0.3703703703703701,0.4000000000000006,0.7333333333333334
60,0.0,0.39211351437647746,0.8809523809523805,0.05555555555555535,0.06250000000000028,0.0
62,0.8651685393258436,0.27519018829144265,0.04761904761904745,0.3703703703703701,0.4000000000000006,0.7333333333333334
65,0.8651685393258436,0.27519018829144265,0.04761904761904745,0.3703703703703701,0.4000000000000006,0.7333333333333334
66,0.8651685393258436,0.27519018829144265,0.04761904761904745,0.3703703703703701,0.4000000000000006,0.7333333333333334
67,0.8651685393258436,0.27519018829144265,0.04761904761904745,0.3703703703703701,0.4000000000000006,0.7333333333333334
69,0.8651685393258436,0.27519018829144265,0.04761904761904745,0.3703703703703701,0.4000000000000006,0.7333333333333334
