11,0.9523809523809523,0.9534625892455924,0.9640718562874252,0.9047619047619048,0.9090909090909091,0.0
13,0.9523809523809523,0.9534625892455924,0.9640718562874252,0.9047619047619048,0.9090909090909091,0.0
15,0.9523809523809523,0.9534625892455924,0.9640718562874252,0.9047619047619048,0.9090909090909091,0.0
17,0.9523809523809523,0.9534625892455924,0.9640718562874252,0.9047619047619048,0.9090909090909091,0.0
18,0.9523809523809523,0.9534625892455924,0.9640718562874252,0.9047619047619048,0.9090909090909091,0.0
19,0.9523809523809523,0.9534625892455924,0.9640718562874252,0.9047619047619048,0.9090909090909091,0.0
21,0.9523809523809523,0.9534625892455924,0.9640718562874252,0.9047619047619048,0.9090909090909091,0.0
22,0.9523809523809523,0.9534625892455924,0.9640718562874252,0.9047619047619048,0.9090909090909091,0.0
23,0.9523809523809523,0.9534625892455924,0.9640718562874252,0.9047619047619048,0.9090909090909091,0.0
24,0.9523809523809523,0.9534625892455924,0.9640718562874252,0.9047619047619048,0.9090909090909091,0.0
26,0.9523809523809523,0.9534625892455924,0.9640718562874252,0.9047619047619048,0.9090909090909091,0.0
27,0.9523809523809523,0.9534625892455924,0.9640718562874252,0.9047619047619048,0.9090909090909091,0.0
28,0.9523809523809523,0.9534625892455924,0.9640718562874252,0.9047619047619048,0.9090909090909091,0.0
29,0.9523809523809523,0.9534625892455924,0.9640718562874252,0.9047619047619048,0.9090909090909091,0.0
30,1.0,1.0,1.0,1.0,1.0,0.1875
31,0.0,0.0,0.1377245508982036,0.0,0.0,0.28125
32,0.9523809523809523,0.9534625892455924,0.9640718562874252,0.9047619047619048,0.9090909090909091,0.0
34,0.0,0.0,0.0,0.0,0.0,1.0
35,0.0,0.0,0.0,0.0,0.0,1.0
38,0.9523809523809523,0.9534625892455924,0.9640718562874252,0.9047619047619048,0.9090909090909091,0.0
39,0.9523809523809523,0.9534625892455924,0.9640718562874252,0.9047619047619048,0.9090909090909091,0.0
