2,0.8035714285714286,1.0,1.0,0.8962264150943398,0.9129640900791236,0.0
5,0.8035714285714286,1.0,1.0,0.8962264150943398,0.9129640900791236,0.0
6,0.8035714285714286,1.0,1.0,0.8962264150943398,0.9129640900791236,0.0
8,1.0,0.9630464530861591,0.8560606060606061,1.0,1.0,0.9999999999999994
9,1.0,0.9630464530861591,0.8560606060606061,1.0,1.0,0.9999999999999994
11,0.0,0.0,0.0,0.0,0.0,1.0
13,0.0,0.0,0.0,0.0,0.0,1.0
15,0.0,0.0,0.0,0.0,0.0,1.0
16,0.0,0.0,0.0,0.0,0.0,1.0
18,0.0,0.0,0.0,0.0,0.0,1.0
22,0.0,0.0,0.0,0.0,0.0,1.0
