4,0.9114285714285715,1.0,1.0,0.9600000000000001,0.975609756097561,0.0
6,0.9114285714285715,1.0,1.0,0.9600000000000001,0.975609756097561,0.0
7,0.9114285714285715,1.0,1.0,0.9600000000000001,0.975609756097561,0.0
8,0.9114285714285715,1.0,1.0,0.9600000000000001,0.975609756097561,0.0
10,1.0,0.7003417134692178,0.4424552429667519,0.5833333333333334,0.7000000000000001,0.5740740740740742
12,0.9114285714285715,1.0,1.0,0.9600000000000001,0.975609756097561,0.0
13,0.9114285714285715,1.0,1.0,0.9600000000000001,0.975609756097561,0.0
14,0.9114285714285715,1.0,1.0,0.9600000000000001,0.975609756097561,0.0
15,0.8820276497695853,0.735205647251162,0.5601023017902813,0.6136363636363638,0.7258064516129032,0.27777777777777757
16,0.9114285714285715,1.0,1.0,0.9600000000000001,0.975609756097561,0.0
17,0.9114285714285715,1.0,1.0,0.9600000000000001,0.975609756097561,0.0
18,0.9300291545189505,0.9470348462437905,0.8772378516624041,0.9130434782608696,0.9459459459459459,0.25925925925925947
19,0.9114285714285715,1.0,1.0,0.9600000000000001,0.975609756097561,0.0
20,0.0,0.0,0.0,0.0,0.0,0.0
23,0.9114285714285715,1.0,1.0,0.9600000000000001,0.975609756097561,0.0
27,0.9114285714285715,1.0,1.0,0.9600000000000001,0.975609756097561,0.0
29,0.9114285714285715,1.0,1.0,0.9600000000000001,0.975609756097561,0.0
30,0.9114285714285715,1.0,1.0,0.9600000000000001,0.975609756097561,0.0
31,0.9114285714285715,1.0,1.0,0.9600000000000001,0.975609756097561,0.0
32,0.9114285714285715,1.0,1.0,0.9600000000000001,0.975609756097561,0.0
34,0.9114285714285715,1.0,1.0,0.9600000000000001,0.975609756097561,0.0
35,0.9114285714285715,1.0,1.0,0.9600000000000001,0.975609756097561,0.0
37,0.9114285714285715,1.0,1.0,0.9600000000000001,0.975609756097561,0.0
38,0.9114285714285715,1.0,1.0,0.9600000000000001,0.975609756097561,0.0
39,0.9114285714285715,1.0,1.0,0.9600000000000001,0.975609756097561,0.0
40,0.9114285714285715,1.0,1.0,0.9600000000000001,0.975609756097561,0.0
41,0.9114285714285715,1.0,1.0,0.9600000000000001,0.975609756097561,0.0
43,0.8225889633831872,0.7431439504123564,0.6163682864450128,0.6000000000000001,0.7142857142857142,1.0
44,0.9114285714285715,1.0,1.0,0.9600000000000001,0.975609756097561,0.0
45,0.9114285714285715,1.0,1.0,0.9600000000000001,0.975609756097561,0.0
47,0.9755351681957188,0.9753107507897473,0.8823529411764707,1.0,1.0,0.8518518518518517
49,0.9114285714285715,1.0,1.0,0.9600000000000001,0.975609756097561,0.0
50,0.9114285714285715,1.0,1.0,0.9600000000000001,0.975609756097561,0.0
51,0.9114285714285715,1.0,1.0,0.9600000000000001,0.975609756097561,0.0
52,0.9114285714285715,1.0,1.0,0.9600000000000001,0.975609756097561,0.0
53,0.0,0.0,0.0,0.0,0.0,0.0
55,0.9114285714285715,1.0,1.0,0.9600000000000001,0.975609756097561,0.0
56,0.9114285714285715,1.0,1.0,0.9600000000000001,0.975609756097561,0.0
57,0.9114285714285715,1.0,1.0,0.9600000000000001,0.975609756097561,0.0
