2,0,1.0,1.0,1.0,1.0,1.0
5,0,1.0,1.0,1.0,1.0,1.0
7,0,1.0,1.0,1.0,1.0,1.0
9,0,1.0,1.0,1.0,1.0,1.0
12,0,1.0,1.0,1.0,1.0,1.0
14,0,1.0,1.0,1.0,1.0,1.0
16,0,1.0,1.0,1.0,1.0,1.0
19,0,1.0,1.0,1.0,1.0,1.0
21,0,1.0,1.0,1.0,1.0,1.0
23,0,1.0,1.0,1.0,1.0,1.0
25,0,0.9847319278346618,0.9696969696969697,0.9696969696969697,0.9696969696969697,0.9696969696969697
27,0,0.9847319278346618,0.9696969696969697,0.9696969696969697,0.9696969696969697,0.9696969696969697
29,0,0.778498944161523,0.6060606060606061,0.046620046620046623,0.6060606060606061,0.6060606060606061
31,0,0.778498944161523,0.6060606060606061,0.046620046620046623,0.6060606060606061,0.6060606060606061
33,0,0.9847319278346618,0.9696969696969697,0.9696969696969697,0.9696969696969697,0.9696969696969697
35,0,0.9847319278346618,0.9696969696969697,0.9696969696969697,0.9696969696969697,0.9696969696969697
37,0,0.816496580927726,0.6666666666666666,0.06060606060606061,0.6666666666666666,0.6666666666666666
39,0,0.816496580927726,0.6666666666666666,0.06060606060606061,0.6666666666666666,0.6666666666666666
41,0,0.9847319278346618,0.9696969696969697,0.9696969696969697,0.9696969696969697,0.9696969696969697
43,0,0.9847319278346618,0.9696969696969697,0.9696969696969697,0.9696969696969697,0.9696969696969697
45,0,0.0,0.0,0.0,0.0,0.0
47,0,0.0,0.0,0.0,0.0,0.0
49,0,0.9847319278346618,0.9696969696969697,0.9696969696969697,0.9696969696969697,0.9696969696969697
51,0,0.9847319278346618,0.9696969696969697,0.9696969696969697,0.9696969696969697,0.9696969696969697
53,0,0.9045340337332908,0.8181818181818182,0.13636363636363635,0.8181818181818182,0.8181818181818182
55,0,0.9045340337332908,0.8181818181818182,0.13636363636363635,0.8181818181818182,0.8181818181818182
57,0,0.9847319278346618,0.9696969696969697,0.9696969696969697,0.9696969696969697,0.9696969696969697
59,0,0.9847319278346618,0.9696969696969697,0.9696969696969697,0.9696969696969697,0.9696969696969697
61,0,0.9045340337332908,0.8181818181818182,0.13636363636363635,0.8181818181818182,0.8181818181818182
63,0,0.9045340337332908,0.8181818181818182,0.13636363636363635,0.8181818181818182,0.8181818181818182
66,0,1.0,1.0,1.0,1.0,1.0
69,0,1.0,1.0,1.0,1.0,1.0
71,0,1.0,1.0,1.0,1.0,1.0
73,0,1.0,1.0,1.0,1.0,1.0
74,0,1.0,1.0,1.0,1.0,1.0
76,0,1.0,1.0,1.0,1.0,1.0
78,0,1.0,1.0,1.0,1.0,1.0
80,0,1.0,1.0,1.0,1.0,1.0
