9,0.8793103448275863,0.8257228238447705,0.825,0.6666666666666666,0.6818181818181819,0.6956521739130436
10,0.8793103448275863,0.8257228238447705,0.825,0.6666666666666666,0.6818181818181819,0.6956521739130436
11,0.8793103448275863,0.8257228238447705,0.825,0.6666666666666666,0.6818181818181819,0.6956521739130436
12,0.8793103448275863,0.8257228238447705,0.825,0.6666666666666666,0.6818181818181819,0.6956521739130436
14,0.6891891891891893,0.6282808624375433,0.425,0.3783783783783784,0.39473684210526316,0.0
16,0.6891891891891893,0.6282808624375433,0.425,0.3783783783783784,0.39473684210526316,0.0
17,0.6891891891891893,0.6282808624375433,0.425,0.3783783783783784,0.39473684210526316,0.0
18,0.0,0.0,0.0,0.0,0.0,0.6956521739130436
20,0.8793103448275863,0.8257228238447705,0.825,0.6666666666666666,0.6818181818181819,0.6956521739130436
21,0.8793103448275863,0.8257228238447705,0.825,0.6666666666666666,0.6818181818181819,0.6956521739130436
22,0.8793103448275863,0.8257228238447705,0.825,0.6666666666666666,0.6818181818181819,0.6956521739130436
23,0.8793103448275863,0.8257228238447705,0.825,0.6666666666666666,0.6818181818181819,0.6956521739130436
24,0.8793103448275863,0.8257228238447705,0.825,0.6666666666666666,0.6818181818181819,0.6956521739130436
26,0.8793103448275863,0.8257228238447705,0.825,0.6666666666666666,0.6818181818181819,0.6956521739130436
27,0.8793103448275863,0.8257228238447705,0.825,0.6666666666666666,0.6818181818181819,0.6956521739130436
28,0.8793103448275863,0.8257228238447705,0.825,0.6666666666666666,0.6818181818181819,0.6956521739130436
29,0.8793103448275863,0.8257228238447705,0.825,0.6666666666666666,0.6818181818181819,0.6956521739130436
30,1.0,1.0,1.0,1.0,1.0,1.0
32,0.0,0.0,0.225,0.0,0.0,0.30434782608695654
34,0.6891891891891893,0.6282808624375433,0.425,0.3783783783783784,0.39473684210526316,0.0
