2,0.39134615384615423,0.63857984615487,0.8636363636363635,0.4103448275862068,0.4197901049475262,0.0
4,0.39134615384615423,0.63857984615487,0.8636363636363635,0.4103448275862068,0.4197901049475262,0.0
6,0.39134615384615423,0.63857984615487,0.8636363636363635,0.4103448275862068,0.4197901049475262,0.0
7,0.39134615384615423,0.63857984615487,0.8636363636363635,0.4103448275862068,0.4197901049475262,0.0
10,0.39134615384615423,0.63857984615487,0.8636363636363635,0.4103448275862068,0.4197901049475262,0.0
11,0.39134615384615423,0.63857984615487,0.8636363636363635,0.4103448275862068,0.4197901049475262,0.0
13,0.5838264299802778,0.7508036096215958,0.9090909090909091,0.5862068965517239,0.5956112852664575,0.3333333333333336
14,0.10262573964497061,0.05278682530913847,0.022727272727272745,0.07921714818266572,0.08210180623973713,0.44444444444444425
16,0.5838264299802778,0.7508036096215958,0.9090909090909091,0.5862068965517239,0.5956112852664575,0.3333333333333336
17,0.0,0.0,0.0,0.0,0.0,0.611111111111111
19,1.0,1.0,1.0,1.0,1.0,1.0
21,0.39134615384615423,0.63857984615487,0.8636363636363635,0.4103448275862068,0.4197901049475262,0.0
23,0.39134615384615423,0.63857984615487,0.8636363636363635,0.4103448275862068,0.4197901049475262,0.0
26,0.39134615384615423,0.63857984615487,0.8636363636363635,0.4103448275862068,0.4197901049475262,0.0
28,0.39134615384615423,0.63857984615487,0.8636363636363635,0.4103448275862068,0.4197901049475262,0.0
29,0.39134615384615423,0.63857984615487,0.8636363636363635,0.4103448275862068,0.4197901049475262,0.0
30,0.39134615384615423,0.63857984615487,0.8636363636363635,0.4103448275862068,0.4197901049475262,0.0
31,0.39134615384615423,0.63857984615487,0.8636363636363635,0.4103448275862068,0.4197901049475262,0.0
32,0.39134615384615423,0.63857984615487,0.8636363636363635,0.4103448275862068,0.4197901049475262,0.0
35,0.39134615384615423,0.63857984615487,0.8636363636363635,0.4103448275862068,0.4197901049475262,0.0
