5,0,1.0,1.0,1.0,1.0,1.0
7,0,1.0,1.0,1.0,1.0,1.0
8,0,1.0,1.0,1.0,1.0,1.0
9,0,1.0,1.0,1.0,1.0,1.0
11,0,1.0,1.0,1.0,1.0,1.0
12,0,1.0,1.0,1.0,1.0,1.0
14,0,1.0,1.0,1.0,1.0,1.0
15,0,1.0,1.0,1.0,1.0,1.0
16,0,1.0,1.0,1.0,1.0,1.0
18,0,0.06003767997617055,0.05,0.0026972819697074486,0.04999999999999993,0.04999999999999993
19,0,0.06003767997617055,0.05,0.0026972819697074486,0.04999999999999993,0.04999999999999993
22,0,0.06003767997617055,0.05,0.0026972819697074486,0.04999999999999993,0.04999999999999993
24,0,0.0,0.0,0.0,0.0,0.0
25,0,0.0,0.0,0.0,0.0,0.0
