4,0,1.0,1.0,1.0,1.0,1.0
9,0,1.0,1.0,1.0,1.0,1.0
11,0,1.0,1.0,1.0,1.0,1.0
14,0,0.8419599953024394,0.7777777777777778,0.09755268524813052,0.7777777777777778,0.7777777777777778
17,0,1.0,1.0,1.0,1.0,1.0
18,0,0.0,0.0,0.0,0.0,0.0
19,0,0.9032592285088743,0.8611111111111112,0.1728076138681169,0.8611111111111112,0.8611111111111112
20,0,0.05121643480926195,0.027777777777777776,0.000796348451005147,0.02777777777777777,0.02777777777777777
21,0,0.7778050967816641,0.6944444444444444,0.06334589951177305,0.6944444444444444,0.6944444444444444
22,0,0.32864526239590536,0.2222222222222222,0.007963484510051471,0.22222222222222224,0.22222222222222224
23,0,0.4528466933029086,0.3333333333333333,0.013936097892590073,0.3333333333333333,0.3333333333333333
24,0,0.1421529037037566,0.08333333333333333,0.0025338359804709227,0.08333333333333334,0.08333333333333334
25,0,0.18332654393115452,0.1111111111111111,0.003484024473147518,0.11111111111111112,0.11111111111111112
26,0,0.18332654393115452,0.1111111111111111,0.003484024473147518,0.11111111111111112,0.11111111111111112
31,0,1.0,1.0,1.0,1.0,1.0
