2,0.9142857142857143,0.9449111825230682,0.9805825242718447,0.8775510204081631,0.8928571428571428,0.0
5,0.9142857142857143,0.9449111825230682,0.9805825242718447,0.8775510204081631,0.8928571428571428,0.0
6,0.9142857142857143,0.9449111825230682,0.9805825242718447,0.8775510204081631,0.8928571428571428,0.0
7,0.9142857142857143,0.9449111825230682,0.9805825242718447,0.8775510204081631,0.8928571428571428,0.0
9,0.9142857142857143,0.9449111825230682,0.9805825242718447,0.8775510204081631,0.8928571428571428,0.0
10,0.9142857142857143,0.9449111825230682,0.9805825242718447,0.8775510204081631,0.8928571428571428,0.0
12,0.9142857142857143,0.9449111825230682,0.9805825242718447,0.8775510204081631,0.8928571428571428,0.0
14,0.9142857142857143,0.9449111825230682,0.9805825242718447,0.8775510204081631,0.8928571428571428,0.0
15,0.9531914893617022,0.9805806756909203,0.9935275080906149,0.9555555555555555,0.9615384615384615,0.6666666666666664
16,0.9531914893617022,0.9805806756909203,0.9935275080906149,0.9555555555555555,0.9615384615384615,0.6666666666666664
18,0.9142857142857143,0.9449111825230682,0.9805825242718447,0.8775510204081631,0.8928571428571428,0.0
20,0.9142857142857143,0.9449111825230682,0.9805825242718447,0.8775510204081631,0.8928571428571428,0.0
21,0.9739130434782609,1.0,1.0,1.0,1.0,1.0
22,0.9739130434782609,1.0,1.0,1.0,1.0,1.0
24,0.9142857142857143,0.9449111825230682,0.9805825242718447,0.8775510204081631,0.8928571428571428,0.0
25,0.9142857142857143,0.9449111825230682,0.9805825242718447,0.8775510204081631,0.8928571428571428,0.0
26,0.9142857142857143,0.9449111825230682,0.9805825242718447,0.8775510204081631,0.8928571428571428,0.0
28,0.9142857142857143,0.9449111825230682,0.9805825242718447,0.8775510204081631,0.8928571428571428,0.0
29,0.9142857142857143,0.9449111825230682,0.9805825242718447,0.8775510204081631,0.8928571428571428,0.0
30,0.9142857142857143,0.9449111825230682,0.9805825242718447,0.8775510204081631,0.8928571428571428,0.0
31,1.0,0.8661986608440464,0.7216828478964401,0.9907834101382488,0.992063492063492,1.0
34,0.9142857142857143,0.9449111825230682,0.9805825242718447,0.8775510204081631,0.8928571428571428,0.0
35,0.7529411764705882,0.43073049225394805,0.26537216828478966,0.4914285714285714,0.5291005291005291,1.0
36,0.7529411764705882,0.43073049225394805,0.26537216828478966,0.4914285714285714,0.5291005291005291,1.0
37,0.0,0.0,0.0,0.0,0.0,0.33333333333333326
40,0.7529411764705882,0.43073049225394805,0.26537216828478966,0.4914285714285714,0.5291005291005291,1.0
41,0.0,0.0,0.0,0.0,0.0,0.33333333333333326
43,1.0,0.8661986608440464,0.7216828478964401,0.9907834101382488,0.992063492063492,1.0
44,0.9142857142857143,0.9449111825230682,0.9805825242718447,0.8775510204081631,0.8928571428571428,0.0
