3,0.661904761904762,0.7966983464300297,1.0,0.5003350083752094,0.5407635190879772,0.0
5,0.661904761904762,0.7966983464300297,1.0,0.5003350083752094,0.5407635190879772,0.0
6,0.661904761904762,0.7966983464300297,1.0,0.5003350083752094,0.5407635190879772,0.0
7,0.661904761904762,0.7966983464300297,1.0,0.5003350083752094,0.5407635190879772,0.0
9,0.661904761904762,0.7966983464300297,1.0,0.5003350083752094,0.5407635190879772,0.0
10,0.661904761904762,0.7966983464300297,1.0,0.5003350083752094,0.5407635190879772,0.0
12,1.0,1.0,0.8724928366762178,1.0,1.0,0.9999999999999999
14,1.0,1.0,0.8724928366762178,1.0,1.0,0.9999999999999999
15,1.0,1.0,0.8724928366762178,1.0,1.0,0.9999999999999999
17,0.661904761904762,0.7966983464300297,1.0,0.5003350083752094,0.5407635190879772,0.0
19,0.661904761904762,0.7966983464300297,1.0,0.5003350083752094,0.5407635190879772,0.0
21,0.0,0.0,0.0,0.0,0.0,1.0
23,0.661904761904762,0.7966983464300297,1.0,0.5003350083752094,0.5407635190879772,0.0
