4,0,1.0,1.0,1.0,1.0,1.0
9,0,1.0,1.0,1.0,1.0,1.0
10,0,1.0,1.0,1.0,1.0,1.0
12,0,1.0,1.0,1.0,1.0,1.0
13,0,1.0,1.0,1.0,1.0,1.0
14,0,1.0,1.0,1.0,1.0,1.0
16,0,1.0,1.0,1.0,1.0,1.0
18,0,1.0,1.0,1.0,1.0,1.0
19,0,1.0,1.0,1.0,1.0,1.0
26,0,1.0,1.0,1.0,1.0,1.0
27,0,1.0,1.0,1.0,1.0,1.0
29,0,1.0,1.0,1.0,1.0,1.0
30,0,1.0,1.0,1.0,1.0,1.0
31,0,1.0,1.0,1.0,1.0,1.0
32,0,1.0,1.0,1.0,1.0,1.0
33,0,1.0,1.0,1.0,1.0,1.0
34,0,0.4472724605979909,0.3448275862068966,0.01825674195399301,0.3448275862068966,0.3448275862068966
36,0,1.0,1.0,1.0,1.0,1.0
40,0,1.0,1.0,1.0,1.0,1.0
41,0,0.0,0.0,0.0,0.0,0.0
51,0,1.0,1.0,1.0,1.0,1.0
52,0,1.0,1.0,1.0,1.0,1.0
53,0,1.0,1.0,1.0,1.0,1.0
54,0,1.0,1.0,1.0,1.0,1.0
55,0,1.0,1.0,1.0,1.0,1.0
56,0,0.5508032904240387,0.4482758620689655,0.028183845391476708,0.44827586206896547,0.44827586206896547
58,0,1.0,1.0,1.0,1.0,1.0
62,0,1.0,1.0,1.0,1.0,1.0
63,0,0.10931127637129587,0.06896551724137931,0.0025694673861175344,0.06896551724137931,0.06896551724137931
66,0,1.0,1.0,1.0,1.0,1.0
67,0,1.0,1.0,1.0,1.0,1.0
68,0,1.0,1.0,1.0,1.0,1.0
69,0,1.0,1.0,1.0,1.0,1.0
70,0,0.33348665958068785,0.2413793103448276,0.011037030363095775,0.24137931034482762,0.24137931034482762
71,0,0.33348665958068785,0.2413793103448276,0.011037030363095775,0.24137931034482762,0.24137931034482762
82,0,1.0,1.0,1.0,1.0,1.0
83,0,0.6768443205690865,0.5862068965517241,0.04914106375949785,0.5862068965517242,0.5862068965517242
86,0,1.0,1.0,1.0,1.0,1.0
