2,0.5541666666666666,1.0,1.0,0.7999999999999998,0.8076923076923083,0.0
4,0.5541666666666666,1.0,1.0,0.7999999999999998,0.8076923076923083,0.0
5,0.5541666666666666,1.0,1.0,0.7999999999999998,0.8076923076923083,0.0
6,0.5541666666666666,1.0,1.0,0.7999999999999998,0.8076923076923083,0.0
8,0.0,0.0,0.0,0.0,0.0,1.0
9,1.0,0.6241395842069516,0.20000000000000018,1.0,1.0,0.7142857142857151
10,1.0,0.6241395842069516,0.20000000000000018,1.0,1.0,0.7142857142857151
11,1.0,0.6241395842069516,0.20000000000000018,1.0,1.0,0.7142857142857151
12,1.0,0.6241395842069516,0.20000000000000018,1.0,1.0,0.7142857142857151
14,1.0,0.6241395842069516,0.20000000000000018,1.0,1.0,0.7142857142857151
16,1.0,0.6241395842069516,0.20000000000000018,1.0,1.0,0.7142857142857151
18,1.0,0.6241395842069516,0.20000000000000018,1.0,1.0,0.7142857142857151
19,1.0,0.6241395842069516,0.20000000000000018,1.0,1.0,0.7142857142857151
20,1.0,0.6241395842069516,0.20000000000000018,1.0,1.0,0.7142857142857151
26,1.0,0.6241395842069516,0.20000000000000018,1.0,1.0,0.7142857142857151
29,0.5541666666666666,1.0,1.0,0.7999999999999998,0.8076923076923083,0.0
30,0.5541666666666666,1.0,1.0,0.7999999999999998,0.8076923076923083,0.0
