3,0.9404761904761906,1.0,1.0,1.0,1.0,0.0
7,0.9404761904761906,1.0,1.0,1.0,1.0,0.0
10,0.9404761904761906,1.0,1.0,1.0,1.0,0.0
12,0.9404761904761906,1.0,1.0,1.0,1.0,0.0
13,0.9404761904761906,1.0,1.0,1.0,1.0,0.0
16,0.9404761904761906,1.0,1.0,1.0,1.0,0.0
17,0.9404761904761906,1.0,1.0,1.0,1.0,0.0
18,0.9404761904761906,1.0,1.0,1.0,1.0,0.0
20,0.9404761904761906,1.0,1.0,1.0,1.0,0.0
21,0.9404761904761906,1.0,1.0,1.0,1.0,0.0
22,0.46064139941690974,0.18918918918918917,0.0511727078891258,0.017531044558071585,0.06791406791406791,1.0
23,0.46064139941690974,0.18918918918918917,0.0511727078891258,0.017531044558071585,0.06791406791406791,1.0
25,1.0,0.9870930711485558,0.9488272921108742,0.9459459459459458,0.9861989649223692,0.9999999999999998
26,1.0,0.9870930711485558,0.9488272921108742,0.9459459459459458,0.9861989649223692,0.9999999999999998
27,1.0,0.9870930711485558,0.9488272921108742,0.9459459459459458,0.9861989649223692,0.9999999999999998
28,0.9652255639097747,0.5965065372515216,0.3518123667377398,0.15057915057915058,0.41990771259063947,0.16000000000000036
29,0.9652255639097747,0.5965065372515216,0.3518123667377398,0.15057915057915058,0.41990771259063947,0.16000000000000036
31,1.0,0.9870930711485558,0.9488272921108742,0.9459459459459458,0.9861989649223692,0.9999999999999998
32,1.0,0.9870930711485558,0.9488272921108742,0.9459459459459458,0.9861989649223692,0.9999999999999998
34,0.0,0.0,0.0,0.0,0.0,0.0
35,0.0,0.0,0.0,0.0,0.0,0.0
38,0.0,0.0,0.0,0.0,0.0,0.0
40,0.0,0.0,0.0,0.0,0.0,0.0
41,1.0,0.9870930711485558,0.9488272921108742,0.9459459459459458,0.9861989649223692,0.9999999999999998
42,1.0,0.9870930711485558,0.9488272921108742,0.9459459459459458,0.9861989649223692,0.9999999999999998
43,1.0,0.9870930711485558,0.9488272921108742,0.9459459459459458,0.9861989649223692,0.9999999999999998
44,1.0,0.9870930711485558,0.9488272921108742,0.9459459459459458,0.9861989649223692,0.9999999999999998
48,1.0,0.9870930711485558,0.9488272921108742,0.9459459459459458,0.9861989649223692,0.9999999999999998
