3,0,1.0,1.0,1.0,1.0,1.0
4,0,1.0,1.0,1.0,1.0,1.0
6,0,1.0,1.0,1.0,1.0,1.0
8,0,1.0,1.0,1.0,1.0,1.0
9,0,0.8842397939122933,0.8484848484848485,0.1709013484740951,0.8484848484848485,0.8484848484848485
10,0,0.8842397939122933,0.8484848484848485,0.1709013484740951,0.8484848484848485,0.8484848484848485
11,0,0.8842397939122933,0.8484848484848485,0.1709013484740951,0.8484848484848485,0.8484848484848485
14,0,1.0,1.0,1.0,1.0,1.0
15,0,1.0,1.0,1.0,1.0,1.0
16,0,0.0,0.0,0.0,0.0,0.0
18,0,1.0,1.0,1.0,1.0,1.0
19,0,1.0,1.0,1.0,1.0,1.0
20,0,1.0,1.0,1.0,1.0,1.0
21,0,1.0,1.0,1.0,1.0,1.0
23,0,1.0,1.0,1.0,1.0,1.0
24,0,0.9774096636467585,0.9696969696969697,0.9765791341376863,0.9696969696969696,0.9696969696969696
28,0,1.0,1.0,1.0,1.0,1.0
