2,0,1.0,1.0,1.0,1.0,1.0
5,0,1.0,1.0,1.0,1.0,1.0
6,0,1.0,1.0,1.0,1.0,1.0
7,0,1.0,1.0,1.0,1.0,1.0
8,0,1.0,1.0,1.0,1.0,1.0
9,0,1.0,1.0,1.0,1.0,1.0
10,0,1.0,1.0,1.0,1.0,1.0
12,0,0.21083587078863852,0.10526315789473684,0.0015490066994539753,0.10526315789473684,0.10526315789473684
13,0,0.21083587078863852,0.10526315789473684,0.0015490066994539753,0.10526315789473684,0.10526315789473684
14,0,0.11929646987948814,0.05263157894736842,0.000731475385853266,0.052631578947368425,0.052631578947368425
16,0,0.0,0.0,0.0,0.0,0.0
18,0,0.8994767676423082,0.8421052631578947,0.07022163704191355,0.8421052631578947,0.8421052631578947
21,0,0.7896169453924144,0.6842105263157895,0.028527540048277376,0.6842105263157894,0.6842105263157894
22,0,0.4874758435452615,0.32894736842105265,0.00645419458105823,0.32894736842105265,0.32894736842105265
23,0,0.7896169453924144,0.6842105263157895,0.028527540048277376,0.6842105263157894,0.6842105263157894
24,0,0.7896169453924144,0.6842105263157895,0.028527540048277376,0.6842105263157894,0.6842105263157894
25,0,0.7896169453924144,0.6842105263157895,0.028527540048277376,0.6842105263157894,0.6842105263157894
26,0,0.7896169453924144,0.6842105263157895,0.028527540048277376,0.6842105263157894,0.6842105263157894
27,0,0.43201073328944056,0.27631578947368424,0.005027230833682447,0.27631578947368424,0.27631578947368424
29,0,0.7896169453924144,0.6842105263157895,0.028527540048277376,0.6842105263157894,0.6842105263157894
31,0,0.7200178888157341,0.5921052631578947,0.019112743952940176,0.5921052631578948,0.5921052631578948
33,0,0.4739881538033812,0.3157894736842105,0.006076872436319441,0.3157894736842105,0.3157894736842105
34,0,0.4739881538033812,0.3157894736842105,0.006076872436319441,0.3157894736842105,0.3157894736842105
37,0,0.7896169453924144,0.6842105263157895,0.028527540048277376,0.6842105263157894,0.6842105263157894
39,0,0.21083587078863852,0.10526315789473684,0.0015490066994539753,0.10526315789473684,0.10526315789473684
41,0,0.21083587078863852,0.10526315789473684,0.0015490066994539753,0.10526315789473684,0.10526315789473684
43,0,1.0,1.0,1.0,1.0,1.0
