3,0.5820015220700151,1.0,1.0,1.0,1.0,0.0
6,0.5820015220700151,1.0,1.0,1.0,1.0,0.0
7,0.5820015220700151,1.0,1.0,1.0,1.0,0.0
8,0.5820015220700151,1.0,1.0,1.0,1.0,0.0
10,0.5820015220700151,1.0,1.0,1.0,1.0,0.0
12,0.4587336782458729,0.6601077934939962,0.6595394736842104,0.660633484162896,0.6703296703296701,0.24223602484472037
13,0.4587336782458729,0.6601077934939962,0.6595394736842104,0.660633484162896,0.6703296703296701,0.24223602484472037
15,0.0,0.29405784687753167,0.419407894736842,0.0,0.0,1.0
17,1.0,0.0,0.0,0.20644796380090497,0.21367521367521364,0.24223602484472068
18,1.0,0.0,0.0,0.20644796380090497,0.21367521367521364,0.24223602484472068
