2,0.6792452830188679,0.6085806194501846,0.3584905660377358,0.3584905660377359,0.37037037037037035,0.0
5,0.6792452830188679,0.6085806194501846,0.3584905660377358,0.3584905660377359,0.37037037037037035,0.0
6,0.6792452830188679,0.6085806194501846,0.3584905660377358,0.3584905660377359,0.37037037037037035,0.0
8,0.0,0.0,0.32075471698113206,0.0,0.0,0.02941176470588235
10,0.6857142857142856,0.6142951168339512,0.3773584905660378,0.3653846153846154,0.3773584905660377,0.029411764705882342
12,0.0,0.0,0.24528301886792453,0.0,0.0,0.14705882352941177
14,0.72,0.6454972243679029,0.47169811320754723,0.4042553191489362,0.41666666666666663,0.17647058823529405
16,0.0,0.0,0.28301886792452835,0.0,0.0,0.08823529411764705
17,0.0,0.0,0.28301886792452835,0.0,0.0,0.08823529411764705
18,0.0,0.0,0.28301886792452835,0.0,0.0,0.08823529411764705
20,0.7422680412371133,0.6666666666666667,0.5283018867924529,0.4318181818181819,0.4444444444444444,0.26470588235294107
22,0.0,0.0,0.20754716981132076,0.0,0.0,0.20588235294117643
23,0.0,0.0,0.20754716981132076,0.0,0.0,0.20588235294117643
24,0.0,0.0,0.20754716981132076,0.0,0.0,0.20588235294117643
26,0.7999999999999999,0.7254762501100117,0.6603773584905661,0.5135135135135136,0.5263157894736842,0.47058823529411764
28,1.0,1.0,1.0,1.0,1.0,1.0
29,1.0,1.0,1.0,1.0,1.0,1.0
30,1.0,1.0,1.0,1.0,1.0,1.0
32,0.0,0.0,0.0,0.0,0.0,0.5294117647058822
34,0.0,0.0,0.01886792452830186,0.0,0.0,0.4999999999999999
35,0.0,0.0,0.01886792452830186,0.0,0.0,0.4999999999999999
36,0.0,0.0,0.01886792452830186,0.0,0.0,0.4999999999999999
39,0.6792452830188679,0.6085806194501846,0.3584905660377358,0.3584905660377359,0.37037037037037035,0.0
