9,0,0,1.0,0,0,0.0
11,0,0,1.0,0,0,0.0
12,0,0,1.0,0,0,0.0
13,0,0,1.0,0,0,0.0
14,0,0,1.0,0,0,0.0
15,0,0,1.0,0,0,0.0
17,0,0,0.0,0,0,1.0
19,0,0,0.0,0,0,1.0
21,0,0,0.0,0,0,1.0
24,0,0,0.0,0,0,1.0
25,0,0,0.0,0,0,1.0
26,0,0,0.0,0,0,1.0
27,0,0,0.0,0,0,1.0
29,0,0,0.0,0,0,1.0
30,0,0,0.0,0,0,1.0
31,0,0,0.03571428571428578,0,0,0.9642857142857143
33,0,0,0.0,0,0,1.0
34,0,0,0.0,0,0,1.0
36,0,0,0.0,0,0,1.0
38,0,0,0.0,0,0,1.0
39,0,0,0.0,0,0,1.0
41,0,0,0.03571428571428578,0,0,0.9642857142857143
43,0,0,0.03571428571428578,0,0,0.9642857142857143
45,0,0,0.03571428571428578,0,0,0.9642857142857143
51,0,0,0.0,0,0,1.0
52,0,0,0.0,0,0,1.0
54,0,0,0.0,0,0,1.0
55,0,0,0.0,0,0,1.0
57,0,0,0.0,0,0,1.0
59,0,0,0.03571428571428578,0,0,0.9642857142857143
60,0,0,0.03571428571428578,0,0,0.9642857142857143
62,0,0,0.0,0,0,1.0
63,0,0,0.0,0,0,1.0
64,0,0,0.0,0,0,1.0
65,0,0,0.0,0,0,1.0
67,0,0,0.03571428571428578,0,0,0.9642857142857143
68,0,0,0.03571428571428578,0,0,0.9642857142857143
73,0,0,0.0,0,0,1.0
74,0,0,0.0,0,0,1.0
