7,0.08943089430894317,0.07821079085979149,0.11111111111111126,0.06666666666666682,0.06878306878306865,0.11111111111111123
10,0.08943089430894317,0.07821079085979149,0.11111111111111126,0.06666666666666682,0.06878306878306865,0.11111111111111123
11,0.08943089430894317,0.07821079085979149,0.11111111111111126,0.06666666666666682,0.06878306878306865,0.11111111111111123
12,0.08943089430894317,0.07821079085979149,0.11111111111111126,0.06666666666666682,0.06878306878306865,0.11111111111111123
13,0.08943089430894317,0.07821079085979149,0.11111111111111126,0.06666666666666682,0.06878306878306865,0.11111111111111123
14,0.7333333333333341,0.7014591903941078,0.7777777777777778,0.6666666666666666,0.6740740740740739,0.7777777777777778
15,0.7333333333333341,0.7014591903941078,0.7777777777777778,0.6666666666666666,0.6740740740740739,0.7777777777777778
17,0.08943089430894317,0.07821079085979149,0.11111111111111126,0.06666666666666682,0.06878306878306865,0.11111111111111123
18,0.08943089430894317,0.07821079085979149,0.11111111111111126,0.06666666666666682,0.06878306878306865,0.11111111111111123
19,0.08943089430894317,0.07821079085979149,0.11111111111111126,0.06666666666666682,0.06878306878306865,0.11111111111111123
20,0.08943089430894317,0.07821079085979149,0.11111111111111126,0.06666666666666682,0.06878306878306865,0.11111111111111123
21,0.08943089430894317,0.07821079085979149,0.11111111111111126,0.06666666666666682,0.06878306878306865,0.11111111111111123
22,0.08943089430894317,0.07821079085979149,0.11111111111111126,0.06666666666666682,0.06878306878306865,0.11111111111111123
25,0.4954954954954954,0.4572905907627024,0.5555555555555555,0.41666666666666674,0.4248366013071894,0.5555555555555556
28,0.6111111111111106,0.5736498565767028,0.6666666666666667,0.5333333333333334,0.5416666666666666,0.6666666666666666
31,0.6111111111111106,0.5736498565767028,0.6666666666666667,0.5333333333333334,0.5416666666666666,0.6666666666666666
32,0.6111111111111106,0.5736498565767028,0.6666666666666667,0.5333333333333334,0.5416666666666666,0.6666666666666666
33,0.6111111111111106,0.5736498565767028,0.6666666666666667,0.5333333333333334,0.5416666666666666,0.6666666666666666
34,0.6111111111111106,0.5736498565767028,0.6666666666666667,0.5333333333333334,0.5416666666666666,0.6666666666666666
35,1.0,1.0,1.0,1.0,1.0,1.0
36,0.6111111111111106,0.5736498565767028,0.6666666666666667,0.5333333333333334,0.5416666666666666,0.6666666666666666
37,0.6111111111111106,0.5736498565767028,0.6666666666666667,0.5333333333333334,0.5416666666666666,0.6666666666666666
39,0.0,0.0,0.0,0.0,0.0,0.0
40,0.0,0.0,0.0,0.0,0.0,0.0
42,0.0,0.0,0.0,0.0,0.0,0.0
43,0.0,0.0,0.0,0.0,0.0,0.0
44,0.18333333333333351,0.16221639413122418,0.22222222222222227,0.14035087719298245,0.1444444444444445,0.22222222222222218
45,0.18333333333333351,0.16221639413122418,0.22222222222222227,0.14035087719298245,0.1444444444444445,0.22222222222222218
47,0.0,0.0,0.0,0.0,0.0,0.0
48,0.4954954954954954,0.4572905907627024,0.5555555555555555,0.41666666666666674,0.4248366013071894,0.5555555555555556
49,0.0,0.0,0.0,0.0,0.0,0.0
51,0.0,0.0,0.0,0.0,0.0,0.0
55,0.0,0.0,0.0,0.0,0.0,0.0
56,0.0,0.0,0.0,0.0,0.0,0.0
57,0.0,0.0,0.0,0.0,0.0,0.0
58,0.0,0.0,0.0,0.0,0.0,0.0
59,0.0,0.0,0.0,0.0,0.0,0.0
60,0.0,0.0,0.0,0.0,0.0,0.0
61,0.0,0.0,0.0,0.0,0.0,0.0
62,0.08943089430894317,0.07821079085979149,0.11111111111111126,0.06666666666666682,0.06878306878306865,0.11111111111111123
63,0.08943089430894317,0.07821079085979149,0.11111111111111126,0.06666666666666682,0.06878306878306865,0.11111111111111123
64,0.0,0.0,0.0,0.0,0.0,0.0
65,0.0,0.0,0.0,0.0,0.0,0.0
66,0.0,0.0,0.0,0.0,0.0,0.0
68,0.6111111111111106,0.5736498565767028,0.6666666666666667,0.5333333333333334,0.5416666666666666,0.6666666666666666
70,0.0,0.0,0.0,0.0,0.0,0.0
