16,0.9468750000000001,1.0,1.0,1.0,1.0,0.0
19,0.9468750000000001,1.0,1.0,1.0,1.0,0.0
20,0.9468750000000001,1.0,1.0,1.0,1.0,0.0
21,0.9468750000000001,1.0,1.0,1.0,1.0,0.0
22,0.9468750000000001,1.0,1.0,1.0,1.0,0.0
25,0.9468750000000001,1.0,1.0,1.0,1.0,0.0
30,0.9468750000000001,1.0,1.0,1.0,1.0,0.0
32,0.9468750000000001,1.0,1.0,1.0,1.0,0.0
34,0.9468750000000001,1.0,1.0,1.0,1.0,0.0
36,0.9468750000000001,1.0,1.0,1.0,1.0,0.0
66,0.0,0.0,0.0,0.0,0.0,0.0
69,0.0,0.0,0.0,0.0,0.0,0.0
71,0.0,0.0,0.0,0.0,0.0,0.0
73,0.0,0.0,0.0,0.0,0.0,0.0
74,0.0,0.0,0.0,0.0,0.0,0.0
77,0.9468750000000001,1.0,1.0,1.0,1.0,0.0
82,0.9468750000000001,1.0,1.0,1.0,1.0,0.0
83,0.9468750000000001,1.0,1.0,1.0,1.0,0.0
85,0.9468750000000001,1.0,1.0,1.0,1.0,0.0
88,0.9468750000000001,1.0,1.0,1.0,1.0,0.0
89,0.9468750000000001,1.0,1.0,1.0,1.0,0.0
92,1.0,0.8110111109667313,0.6205533596837944,0.7692307692307692,0.8461538461538461,1.0
97,0.9468750000000001,1.0,1.0,1.0,1.0,0.0
101,0.9468750000000001,1.0,1.0,1.0,1.0,0.0
102,0.9468750000000001,1.0,1.0,1.0,1.0,0.0
104,0.9468750000000001,1.0,1.0,1.0,1.0,0.0
107,0.9468750000000001,1.0,1.0,1.0,1.0,0.0
110,0.9468750000000001,1.0,1.0,1.0,1.0,0.0
115,0.0,0.0,0.0,0.0,0.0,0.0
117,0.0,0.0,0.0,0.0,0.0,0.0
121,0.9468750000000001,1.0,1.0,1.0,1.0,0.0
126,0.9468750000000001,1.0,1.0,1.0,1.0,0.0
127,0.9468750000000001,1.0,1.0,1.0,1.0,0.0
131,0.9468750000000001,1.0,1.0,1.0,1.0,0.0
132,0.9468750000000001,1.0,1.0,1.0,1.0,0.0
134,0.9468750000000001,1.0,1.0,1.0,1.0,0.0
135,0.9468750000000001,1.0,1.0,1.0,1.0,0.0
136,0.9468750000000001,1.0,1.0,1.0,1.0,0.0
138,0.9468750000000001,1.0,1.0,1.0,1.0,0.0
140,0.9468750000000001,1.0,1.0,1.0,1.0,0.0
144,0.9468750000000001,1.0,1.0,1.0,1.0,0.0
145,0.9468750000000001,1.0,1.0,1.0,1.0,0.0
149,0.9468750000000001,1.0,1.0,1.0,1.0,0.0
160,0.9468750000000001,1.0,1.0,1.0,1.0,0.0
161,0.9468750000000001,1.0,1.0,1.0,1.0,0.0
163,0.9468750000000001,1.0,1.0,1.0,1.0,0.0
173,0.9468750000000001,1.0,1.0,1.0,1.0,0.0
175,0.9468750000000001,1.0,1.0,1.0,1.0,0.0
180,0.9468750000000001,1.0,1.0,1.0,1.0,0.0
181,0.9468750000000001,1.0,1.0,1.0,1.0,0.0
186,0.9468750000000001,1.0,1.0,1.0,1.0,0.0
188,0.9283088235294118,0.6127903898582243,0.38339920948616596,0.4807692307692307,0.6043956043956044,0.23529411764705888
192,0.9588607594936708,0.7904758509947772,0.616600790513834,0.7239819004524887,0.8123076923076924,0.23529411764705974
201,0.9468750000000001,1.0,1.0,1.0,1.0,0.0
