7,0,1.0,1.0,1.0,1.0,1.0
10,0,1.0,1.0,1.0,1.0,1.0
11,0,0.9837387536759294,0.967741935483871,0.967741935483871,0.967741935483871,0.967741935483871
12,0,1.0,1.0,1.0,1.0,1.0
15,0,0.915810939779251,0.8387096774193549,0.16774193548387098,0.8387096774193549,0.8387096774193549
16,0,0.915810939779251,0.8387096774193549,0.16774193548387098,0.8387096774193549,0.8387096774193549
19,0,1.0,1.0,1.0,1.0,1.0
22,0,1.0,1.0,1.0,1.0,1.0
24,0,1.0,1.0,1.0,1.0,1.0
26,0,1.0,1.0,1.0,1.0,1.0
28,0,1.0,1.0,1.0,1.0,1.0
29,0,0.8032193289024988,0.6451612903225806,0.05865102639296187,0.6451612903225806,0.6451612903225806
32,0,1.0,1.0,1.0,1.0,1.0
34,0,1.0,1.0,1.0,1.0,1.0
35,0,0.0,0.0,0.0,0.0,0.0
37,0,1.0,1.0,1.0,1.0,1.0
