2,0.6357142857142857,1.0,1.0,0.8480243161094225,0.8625204582651393,0.0
5,0.6357142857142857,1.0,1.0,0.8480243161094225,0.8625204582651393,0.0
6,0.6357142857142857,1.0,1.0,0.8480243161094225,0.8625204582651393,0.0
7,0.6357142857142857,1.0,1.0,0.8480243161094225,0.8625204582651393,0.0
8,0.6357142857142857,1.0,1.0,0.8480243161094225,0.8625204582651393,0.0
9,0.6357142857142857,1.0,1.0,0.8480243161094225,0.8625204582651393,0.0
10,0.6357142857142857,1.0,1.0,0.8480243161094225,0.8625204582651393,0.0
11,0.6357142857142857,1.0,1.0,0.8480243161094225,0.8625204582651393,0.0
12,0.6357142857142857,1.0,1.0,0.8480243161094225,0.8625204582651393,0.0
13,0.0,0.0,0.0,0.0,0.0,1.0
14,0.0,0.0,0.0,0.0,0.0,1.0
18,1.0,0.8230925570728702,0.5992779783393501,1.0,1.0,1.0
19,1.0,0.8230925570728702,0.5992779783393501,1.0,1.0,1.0
20,1.0,0.8230925570728702,0.5992779783393501,1.0,1.0,1.0
