7,0,1.0,1.0,1.0,1.0,1.0
8,0,1.0,1.0,1.0,1.0,1.0
9,0,1.0,1.0,1.0,1.0,1.0
10,0,1.0,1.0,1.0,1.0,1.0
11,0,0.0,0.0,0.0,0.0,0.0
12,0,1.0,1.0,1.0,1.0,1.0
13,0,0.0,0.0,0.0,0.0,0.0
14,0,0.08425688366512454,0.029411764705882353,0.000892015189744374,0.029411764705882353,0.029411764705882353
16,0,0.9826837862666576,0.9705882352941176,0.9714045416316233,0.9705882352941176,0.9705882352941176
17,0,0.0,0.0,0.0,0.0,0.0
18,0,0.0,0.0,0.0,0.0,0.0
20,0,0.9651109940991549,0.9411764705882353,0.4709840201850294,0.9411764705882353,0.9411764705882353
21,0,0.9651109940991549,0.9411764705882353,0.4709840201850294,0.9411764705882353,0.9411764705882353
22,0,0.9651109940991549,0.9411764705882353,0.4709840201850294,0.9411764705882353,0.9411764705882353
23,0,0.9651109940991549,0.9411764705882353,0.4709840201850294,0.9411764705882353,0.9411764705882353
24,0,0.9291477283450473,0.8823529411764706,0.22077375946173255,0.8823529411764706,0.8823529411764706
