8,0.8269230769230769,0.8304547985373996,0.8767123287671234,0.6538461538461539,0.6896551724137931,0.0
9,0.8269230769230769,0.8304547985373996,0.8767123287671234,0.6538461538461539,0.6896551724137931,0.0
10,0.8269230769230769,0.8304547985373996,0.8767123287671234,0.6538461538461539,0.6896551724137931,0.0
11,0.8269230769230769,0.8304547985373996,0.8767123287671234,0.6538461538461539,0.6896551724137931,0.0
12,0.8269230769230769,0.8304547985373996,0.8767123287671234,0.6538461538461539,0.6896551724137931,0.0
13,0.8269230769230769,0.8304547985373996,0.8767123287671234,0.6538461538461539,0.6896551724137931,0.0
14,0.8269230769230769,0.8304547985373996,0.8767123287671234,0.6538461538461539,0.6896551724137931,0.0
15,0.8269230769230769,0.8304547985373996,0.8767123287671234,0.6538461538461539,0.6896551724137931,0.0
17,0.8269230769230769,0.8304547985373996,0.8767123287671234,0.6538461538461539,0.6896551724137931,0.0
18,0.8269230769230769,0.8304547985373996,0.8767123287671234,0.6538461538461539,0.6896551724137931,0.0
19,0.7288135593220338,0.6085806194501846,0.5616438356164383,0.49275362318840576,0.5333333333333333,0.5185185185185186
20,0.7288135593220338,0.6085806194501846,0.5616438356164383,0.49275362318840576,0.5333333333333333,0.5185185185185186
22,0.8269230769230769,0.8304547985373996,0.8767123287671234,0.6538461538461539,0.6896551724137931,0.0
23,0.0,0.0,0.0,0.0,0.0,1.0
25,1.0,1.0,1.0,1.0,1.0,1.0
26,0.8269230769230769,0.8304547985373996,0.8767123287671234,0.6538461538461539,0.6896551724137931,0.0
