11,1.0,1.0,1.0,1.0,1.0,0.0
18,1.0,1.0,1.0,1.0,1.0,0.0
19,0.0,0.0,0.0,0.0,0.0,0.0
20,1.0,1.0,1.0,1.0,1.0,0.0
21,1.0,1.0,1.0,1.0,1.0,0.0
22,0.0,0.0,0.0,0.0,0.0,0.0
23,1.0,1.0,1.0,1.0,1.0,0.0
24,1.0,1.0,1.0,1.0,1.0,0.0
25,0.0,0.0,0.0,0.0,0.0,0.0
26,1.0,1.0,1.0,1.0,1.0,0.0
27,0.0,0.0,0.0,0.0,0.0,0.0
28,1.0,1.0,1.0,1.0,1.0,0.0
29,1.0,1.0,1.0,1.0,1.0,0.0
30,0.0,0.0,0.0,0.0,0.0,0.0
31,1.0,1.0,1.0,1.0,1.0,0.0
32,1.0,1.0,1.0,1.0,1.0,0.0
33,0.0,0.0,0.0,0.0,0.0,0.0
34,1.0,1.0,1.0,1.0,1.0,0.0
35,1.0,1.0,1.0,1.0,1.0,0.0
36,1.0,1.0,1.0,1.0,1.0,0.0
38,0.8461538461538461,0.734630886692453,0.6229508196721312,0.6111111111111112,0.7083333333333333,1.0
39,0.8461538461538461,0.734630886692453,0.6229508196721312,0.6111111111111112,0.7083333333333333,1.0
40,0.8461538461538461,0.734630886692453,0.6229508196721312,0.6111111111111112,0.7083333333333333,1.0
42,1.0,1.0,1.0,1.0,1.0,0.0
43,1.0,1.0,1.0,1.0,1.0,0.0
