2,0.0,0.06287299208860722,0.6538461538461535,0.0,0.0,0.0
4,0.0,0.06287299208860722,0.6538461538461535,0.0,0.0,0.0
5,0.0,0.06287299208860722,0.6538461538461535,0.0,0.0,0.0
7,0.0,0.06287299208860722,0.6538461538461535,0.0,0.0,0.0
9,0.0,0.06287299208860722,0.6538461538461535,0.0,0.0,0.0
11,0.0,0.06287299208860722,0.6538461538461535,0.0,0.0,0.0
15,0.0,0.06287299208860722,0.6538461538461535,0.0,0.0,0.0
17,0.25161290322580615,0.32787325718680377,0.769230769230769,0.2564102564102565,0.2666666666666666,0.3333333333333333
19,0.25161290322580615,0.32787325718680377,0.769230769230769,0.2564102564102565,0.2666666666666666,0.3333333333333333
20,0.25161290322580615,0.32787325718680377,0.769230769230769,0.2564102564102565,0.2666666666666666,0.3333333333333333
21,0.25161290322580615,0.32787325718680377,0.769230769230769,0.2564102564102565,0.2666666666666666,0.3333333333333333
23,0.25161290322580615,0.32787325718680377,0.769230769230769,0.2564102564102565,0.2666666666666666,0.3333333333333333
24,0.8472679394338385,1.0,1.0,1.0,1.0,1.0
26,0.34169653524492305,0.42521961031979305,0.8076923076923074,0.35555555555555557,0.367816091954023,0.4444444444444447
29,0.25161290322580615,0.32787325718680377,0.769230769230769,0.2564102564102565,0.2666666666666666,0.3333333333333333
30,1.0,0.3068995242489315,0.07692307692307665,1.0,1.0,0.8611111111111112
31,0.25161290322580615,0.32787325718680377,0.769230769230769,0.2564102564102565,0.2666666666666666,0.3333333333333333
32,0.7026276436658843,0.0,0.0,0.6209150326797387,0.6333333333333333,0.6388888888888891
35,0.0,0.06287299208860722,0.6538461538461535,0.0,0.0,0.0
37,0.0,0.06287299208860722,0.6538461538461535,0.0,0.0,0.0
39,0.0,0.06287299208860722,0.6538461538461535,0.0,0.0,0.0
40,0.0,0.06287299208860722,0.6538461538461535,0.0,0.0,0.0
43,0.0,0.06287299208860722,0.6538461538461535,0.0,0.0,0.0
44,0.0,0.06287299208860722,0.6538461538461535,0.0,0.0,0.0
