7,0.8717948717948718,0.8760375907831331,0.9290780141843972,0.7435897435897436,0.7674418604651162,0.0
12,0.8717948717948718,0.8760375907831331,0.9290780141843972,0.7435897435897436,0.7674418604651162,0.0
13,0.8717948717948718,0.8760375907831331,0.9290780141843972,0.7435897435897436,0.7674418604651162,0.0
15,0.8717948717948718,0.8760375907831331,0.9290780141843972,0.7435897435897436,0.7674418604651162,0.0
17,0.8717948717948718,0.8760375907831331,0.9290780141843972,0.7435897435897436,0.7674418604651162,0.0
18,0.8717948717948718,0.8760375907831331,0.9290780141843972,0.7435897435897436,0.7674418604651162,0.0
19,0.8717948717948718,0.8760375907831331,0.9290780141843972,0.7435897435897436,0.7674418604651162,0.0
22,0.8717948717948718,0.8760375907831331,0.9290780141843972,0.7435897435897436,0.7674418604651162,0.0
24,0.8717948717948718,0.8760375907831331,0.9290780141843972,0.7435897435897436,0.7674418604651162,0.0
26,0.8717948717948718,0.8760375907831331,0.9290780141843972,0.7435897435897436,0.7674418604651162,0.0
30,0.8717948717948718,0.8760375907831331,0.9290780141843972,0.7435897435897436,0.7674418604651162,0.0
31,0.8717948717948718,0.8760375907831331,0.9290780141843972,0.7435897435897436,0.7674418604651162,0.0
32,0.8717948717948718,0.8760375907831331,0.9290780141843972,0.7435897435897436,0.7674418604651162,0.0
34,0.8717948717948718,0.8760375907831331,0.9290780141843972,0.7435897435897436,0.7674418604651162,0.0
36,0.0,0.0,0.0,0.0,0.0,1.0
37,0.0,0.0,0.0,0.0,0.0,1.0
38,0.0,0.0,0.0,0.0,0.0,1.0
40,0.0,0.0,0.0,0.0,0.0,1.0
41,0.0,0.0,0.0,0.0,0.0,1.0
44,0.0,0.0,0.0,0.0,0.0,1.0
48,1.0,1.0,1.0,1.0,1.0,1.0
49,1.0,1.0,1.0,1.0,1.0,1.0
51,1.0,1.0,1.0,1.0,1.0,1.0
53,1.0,1.0,1.0,1.0,1.0,1.0
55,1.0,1.0,1.0,1.0,1.0,1.0
59,1.0,1.0,1.0,1.0,1.0,1.0
60,1.0,1.0,1.0,1.0,1.0,1.0
61,1.0,1.0,1.0,1.0,1.0,1.0
63,1.0,1.0,1.0,1.0,1.0,1.0
65,0.0,0.0,0.07092198581560284,0.0,0.0,0.0
66,0.0,0.0,0.07092198581560284,0.0,0.0,0.0
67,0.0,0.0,0.07092198581560284,0.0,0.0,0.0
69,0.0,0.0,0.07092198581560284,0.0,0.0,0.0
70,0.0,0.0,0.07092198581560284,0.0,0.0,0.0
73,0.0,0.0,0.07092198581560284,0.0,0.0,0.0
76,1.0,1.0,1.0,1.0,1.0,1.0
78,1.0,1.0,1.0,1.0,1.0,1.0
