5,0.7924297924297924,0.9843534291778381,1.0,0.881700206883581,0.9280395643476329,0.0
7,0.7924297924297924,0.9843534291778381,1.0,0.881700206883581,0.9280395643476329,0.0
8,0.7924297924297924,0.9843534291778381,1.0,0.881700206883581,0.9280395643476329,0.0
10,0.7924297924297924,0.9843534291778381,1.0,0.881700206883581,0.9280395643476329,0.0
12,0.7924297924297924,0.9843534291778381,1.0,0.881700206883581,0.9280395643476329,0.0
13,0.7924297924297924,0.9843534291778381,1.0,0.881700206883581,0.9280395643476329,0.0
15,0.7924297924297924,0.9843534291778381,1.0,0.881700206883581,0.9280395643476329,0.0
17,0.7924297924297924,0.9843534291778381,1.0,0.881700206883581,0.9280395643476329,0.0
18,0.7924297924297924,0.9843534291778381,1.0,0.881700206883581,0.9280395643476329,0.0
19,0.7924297924297924,0.9843534291778381,1.0,0.881700206883581,0.9280395643476329,0.0
20,0.7924297924297924,0.9843534291778381,1.0,0.881700206883581,0.9280395643476329,0.0
22,0.7924297924297924,0.9843534291778381,1.0,0.881700206883581,0.9280395643476329,0.0
24,0.6082949308755762,0.491301063165916,0.34489593657086226,0.3203594792836847,0.4492274879051137,0.7352941176470587
26,0.6673189823874754,0.3301787896260474,0.15758176412289399,0.17540815521728842,0.26905052974735133,0.23529411764705893
27,0.3178170144462278,0.10973337280649455,0.040634291377601585,0.044009779951100246,0.07378110168272689,0.5441176470588235
33,0.574763757643135,0.41698681666467935,0.2685827552031715,0.25645205107307795,0.37374972216048014,0.7205882352941178
34,0.6082949308755758,0.39312811434207556,0.23191278493557982,0.23471882640586794,0.34671119327330197,0.5147058823529412
39,0.7924297924297924,0.9843534291778381,1.0,0.881700206883581,0.9280395643476329,0.0
41,0.5557491289198605,0.47221571744808394,0.34291377601585726,0.3019246442229327,0.42804750261962976,1.0
44,0.35333896872358417,0.20963765312512267,0.11397423191278494,0.10866612333604997,0.17420537897310517,0.9558823529411763
45,0.0,0.0,0.0,0.0,0.0,0.8676470588235293
51,0.6402116402116402,0.47131972139666023,0.3082259663032706,0.3028990569332867,0.4291787063791954,0.5294117647058825
52,0.6949030868628857,0.41893243449587725,0.23389494549058476,0.25183374083129584,0.36806469813804776,0.25000000000000017
57,0.7924297924297924,0.9843534291778381,1.0,0.881700206883581,0.9280395643476329,0.0
60,0.8102678571428571,0.7132669232422147,0.5421209117938554,0.5654589908868637,0.6924663814180929,0.08823529411764731
62,0.7987371744277819,0.4491659225738356,0.23587710604558973,0.27123064384678075,0.3917266900151986,0.014705882352941218
63,0.5238095238095238,0.20257328125432095,0.08027750247770071,0.08959697136998185,0.14551272831871137,0.35294117647058826
68,0.8035136384650947,0.623837755007484,0.42715559960356786,0.45965770171149145,0.5954656590353412,0.04411764705882337
69,0.7884519661523146,0.5871671428115726,0.38850346878097125,0.4180929095354523,0.5542161824074601,0.014705882352941218
74,0.7924297924297924,0.9843534291778381,1.0,0.881700206883581,0.9280395643476329,0.0
76,0.9343629343629342,0.7935842997965105,0.5847373637264619,0.6947137678104712,0.7974735126324369,0.6764705882352937
78,0.7987371744277819,0.4491659225738356,0.23587710604558973,0.27123064384678075,0.3917266900151986,0.014705882352941218
79,0.20560747663551399,0.08878176787314052,0.03865213082259663,0.039119804400977995,0.06581092094539527,0.8088235294117647
84,1.0,0.729565541042507,0.47076313181367696,0.6012858824594766,0.7229523227383864,0.7647058823529411
85,0.9516220830961865,0.6453392949908463,0.39246778989098113,0.48340901152637095,0.6182057551250706,0.5147058823529409
94,0.7924297924297924,0.9843534291778381,1.0,0.881700206883581,0.9280395643476329,0.0
95,0.20560747663551399,0.08878176787314052,0.03865213082259663,0.039119804400977995,0.06581092094539527,0.8088235294117647
97,0.8979591836734692,1.0,0.9296333002973242,1.0,1.0,0.8088235294117645
98,0.7924297924297924,0.9843534291778381,1.0,0.881700206883581,0.9280395643476329,0.0
