3,0,1.0,1.0,1.0,1.0,1.0
5,0,1.0,1.0,1.0,1.0,1.0
8,0,1.0,1.0,1.0,1.0,1.0
10,0,1.0,1.0,1.0,1.0,1.0
11,0,1.0,1.0,1.0,1.0,1.0
12,0,1.0,1.0,1.0,1.0,1.0
13,0,1.0,1.0,1.0,1.0,1.0
15,0,1.0,1.0,1.0,1.0,1.0
16,0,1.0,1.0,1.0,1.0,1.0
17,0,1.0,1.0,1.0,1.0,1.0
18,0,1.0,1.0,1.0,1.0,1.0
20,0,1.0,1.0,1.0,1.0,1.0
21,0,1.0,1.0,1.0,1.0,1.0
22,0,1.0,1.0,1.0,1.0,1.0
23,0,1.0,1.0,1.0,1.0,1.0
25,0,0.37914094723267916,0.3333333333333333,0.09016393442622951,0.33333333333333337,0.33333333333333337
27,0,0.37914094723267916,0.3333333333333333,0.09016393442622951,0.33333333333333337,0.33333333333333337
28,0,0.37914094723267916,0.3333333333333333,0.09016393442622951,0.33333333333333337,0.33333333333333337
29,0,0.37914094723267916,0.3333333333333333,0.09016393442622951,0.33333333333333337,0.33333333333333337
31,0,0.0,0.0,0.0,0.0,0.0
33,0,0.0,0.0,0.0,0.0,0.0
34,0,0.0,0.0,0.0,0.0,0.0
37,0,1.0,1.0,1.0,1.0,1.0
38,0,0.19751091543199323,0.16666666666666666,0.0360655737704918,0.16666666666666663,0.16666666666666663
39,0,1.0,1.0,1.0,1.0,1.0
40,0,1.0,1.0,1.0,1.0,1.0
41,0,0.37914094723267916,0.3333333333333333,0.09016393442622951,0.33333333333333337,0.33333333333333337
42,0,1.0,1.0,1.0,1.0,1.0
44,0,1.0,1.0,1.0,1.0,1.0
45,0,1.0,1.0,1.0,1.0,1.0
46,0,1.0,1.0,1.0,1.0,1.0
47,0,1.0,1.0,1.0,1.0,1.0
