3,0.02462040584645999,0.8918945974433434,1.0,0.4608150470219437,0.4856459330143538,0.0
5,0.02462040584645999,0.8918945974433434,1.0,0.4608150470219437,0.4856459330143538,0.0
6,0.02462040584645999,0.8918945974433434,1.0,0.4608150470219437,0.4856459330143538,0.0
7,0.02462040584645999,0.8918945974433434,1.0,0.4608150470219437,0.4856459330143538,0.0
8,0.02462040584645999,0.8918945974433434,1.0,0.4608150470219437,0.4856459330143538,0.0
9,0.0,0.708462592243886,0.8154859967051072,0.3535353535353535,0.37662337662337647,0.038461538461538804
10,0.8303162713275081,0.8270215335063333,0.6507413509060955,0.9043062200956937,0.9125874125874125,0.9615384615384623
11,0.7486515641855451,1.0,0.8352553542009885,1.0,1.0,1.0
13,0.02462040584645999,0.8918945974433434,1.0,0.4608150470219437,0.4856459330143538,0.0
14,0.02462040584645999,0.8918945974433434,1.0,0.4608150470219437,0.4856459330143538,0.0
16,0.8119906398773505,0.23117075046357397,0.18451400329489284,0.3079178885630501,0.32954545454545453,0.6057692307692312
17,0.47820844099913984,0.0014629393062189325,0.08731466227347613,0.0,0.0,0.32692307692307704
18,1.0,0.0,0.0,0.07070707070707061,0.0775401069518714,0.5673076923076926
19,1.0,0.0,0.0,0.07070707070707061,0.0775401069518714,0.5673076923076926
21,0.47820844099913984,0.0014629393062189325,0.08731466227347613,0.0,0.0,0.32692307692307704
23,0.8119906398773505,0.23117075046357397,0.18451400329489284,0.3079178885630501,0.32954545454545453,0.6057692307692312
25,0.02462040584645999,0.8918945974433434,1.0,0.4608150470219437,0.4856459330143538,0.0
