3,0.11111111111111101,1.0,1.0,1.0,1.0,0.0
5,0.11111111111111101,1.0,1.0,1.0,1.0,0.0
6,0.11111111111111101,1.0,1.0,1.0,1.0,0.0
7,0.11111111111111101,1.0,1.0,1.0,1.0,0.0
9,0.11111111111111101,1.0,1.0,1.0,1.0,0.0
10,0.11111111111111101,1.0,1.0,1.0,1.0,0.0
11,0.11111111111111101,1.0,1.0,1.0,1.0,0.0
12,0.11111111111111101,1.0,1.0,1.0,1.0,0.0
13,0.11111111111111101,1.0,1.0,1.0,1.0,0.0
14,0.11111111111111101,1.0,1.0,1.0,1.0,0.0
16,0.0,0.6966629547095765,0.7192982456140351,0.5623931623931624,0.7230769230769231,1.0
17,0.0,0.6966629547095765,0.7192982456140351,0.5623931623931624,0.7230769230769231,1.0
18,0.0,0.6966629547095765,0.7192982456140351,0.5623931623931624,0.7230769230769231,1.0
19,0.0679611650485436,0.7531605494306415,0.7368421052631579,0.6461538461538461,0.7876923076923077,0.3571428571428569
20,0.0,0.6966629547095765,0.7192982456140351,0.5623931623931624,0.7230769230769231,1.0
22,0.11111111111111101,1.0,1.0,1.0,1.0,0.0
24,1.0,0.0,0.0,0.0,0.0,0.5
25,1.0,0.0,0.0,0.0,0.0,0.5
26,1.0,0.0,0.0,0.0,0.0,0.5
27,1.0,0.0,0.0,0.0,0.0,0.5
30,0.11111111111111101,1.0,1.0,1.0,1.0,0.0
31,0.058823529411764594,0.8524728943818312,0.8596491228070176,0.7538461538461538,0.8615384615384616,0.5000000000000002
32,0.11111111111111101,1.0,1.0,1.0,1.0,0.0
