13,0.75,1.0,1.0,0.9000000000000001,0.9166666666666666,0.0
15,0.75,1.0,1.0,0.9000000000000001,0.9166666666666666,0.0
17,0.75,1.0,1.0,0.9000000000000001,0.9166666666666666,0.0
18,0.75,1.0,1.0,0.9000000000000001,0.9166666666666666,0.0
19,0.75,1.0,1.0,0.9000000000000001,0.9166666666666666,0.0
20,0.75,1.0,1.0,0.9000000000000001,0.9166666666666666,0.0
21,0.75,1.0,1.0,0.9000000000000001,0.9166666666666666,0.0
22,1.0,0.7559289460184545,0.38509316770186336,1.0,1.0,0.9999999999999996
23,1.0,0.7559289460184545,0.38509316770186336,1.0,1.0,0.9999999999999996
25,0.6666666666666666,0.7427813527082074,0.6459627329192547,0.6666666666666666,0.7096774193548386,1.0
26,0.6521739130434783,0.5163977794943222,0.33540372670807456,0.5294117647058824,0.5789473684210525,0.6
27,0.0,0.0,0.012422360248447206,0.0,0.0,0.5999999999999998
29,0.75,0.5773502691896258,0.3540372670807454,0.6428571428571429,0.6875,0.0
30,0.6521739130434783,0.5163977794943222,0.33540372670807456,0.5294117647058824,0.5789473684210525,0.6
31,0.0,0.0,0.031055900621118012,0.0,0.0,0.0
33,0.6521739130434783,0.5163977794943222,0.33540372670807456,0.5294117647058824,0.5789473684210525,0.6
34,0.6521739130434783,0.5163977794943222,0.33540372670807456,0.5294117647058824,0.5789473684210525,0.6
35,0.6818181818181818,0.5345224838248488,0.34161490683229817,0.5625,0.611111111111111,0.4000000000000001
36,0.8823529411764707,0.6666666666666666,0.3726708074534162,0.8181818181818182,0.8461538461538461,0.5999999999999996
37,1.0,0.7559289460184545,0.38509316770186336,1.0,1.0,0.9999999999999996
39,0.0,0.0,0.018633540372670808,0.0,0.0,0.3999999999999998
40,0.8823529411764707,0.6666666666666666,0.3726708074534162,0.8181818181818182,0.8461538461538461,0.5999999999999996
41,0.0,0.0,0.0,0.0,0.0,0.9999999999999996
42,0.0,0.0,0.02484472049689441,0.0,0.0,0.1999999999999999
43,0.0,0.0,0.02484472049689441,0.0,0.0,0.1999999999999999
44,0.0,0.0,0.006211180124223603,0.0,0.0,0.7999999999999996
53,0.0,0.0,0.006211180124223603,0.0,0.0,0.7999999999999996
