3,0,1.0,1.0,1.0,1.0,1.0
5,0,1.0,1.0,1.0,1.0,1.0
7,0,1.0,1.0,1.0,1.0,1.0
9,0,1.0,1.0,1.0,1.0,1.0
11,0,1.0,1.0,1.0,1.0,1.0
12,0,1.0,1.0,1.0,1.0,1.0
14,0,0.6556578300979164,0.625,0.22458628841607564,0.6249999999999999,0.6249999999999999
16,0,0.27720776172526856,0.25,0.04491725768321512,0.25,0.25
17,0,0.27720776172526856,0.25,0.04491725768321512,0.25,0.25
21,0,0.0,0.0,0.0,0.0,0.0
22,0,0.0,0.0,0.0,0.0,0.0
23,0,0.0,0.0,0.0,0.0,0.0
24,0,0.0,0.0,0.0,0.0,0.0
25,0,0.0,0.0,0.0,0.0,0.0
26,0,0.0,0.0,0.0,0.0,0.0
29,0,1.0,1.0,1.0,1.0,1.0
30,0,1.0,1.0,1.0,1.0,1.0
