3,0,1.0,1.0,1.0,1.0,1.0
6,0,1.0,1.0,1.0,1.0,1.0
8,0,1.0,1.0,1.0,1.0,1.0
9,0,1.0,1.0,1.0,1.0,1.0
10,0,1.0,1.0,1.0,1.0,1.0
11,0,1.0,1.0,1.0,1.0,1.0
12,0,1.0,1.0,1.0,1.0,1.0
13,0,1.0,1.0,1.0,1.0,1.0
14,0,1.0,1.0,1.0,1.0,1.0
15,0,1.0,1.0,1.0,1.0,1.0
17,0,1.0,1.0,1.0,1.0,1.0
19,0,1.0,1.0,1.0,1.0,1.0
21,0,0.36358880703962765,0.3125,0.014387722476819782,0.3125,0.3125
24,0,1.0,1.0,1.0,1.0,1.0
25,0,0.36358880703962765,0.3125,0.014387722476819782,0.3125,0.3125
27,0,0.0,0.0,0.0,0.0,0.0
28,0,1.0,1.0,1.0,1.0,1.0
