3,0,1.0,1.0,1.0,1.0,1.0
6,0,1.0,1.0,1.0,1.0,1.0
7,0,1.0,1.0,1.0,1.0,1.0
8,0,1.0,1.0,1.0,1.0,1.0
9,0,1.0,1.0,1.0,1.0,1.0
11,0,1.0,1.0,1.0,1.0,1.0
13,0,1.0,1.0,1.0,1.0,1.0
15,0,1.0,1.0,1.0,1.0,1.0
16,0,0.9261922917235316,0.9130434782608695,0.23056057866184446,0.9130434782608694,0.9130434782608694
18,0,1.0,1.0,1.0,1.0,1.0
19,0,1.0,1.0,1.0,1.0,1.0
23,0,1.0,1.0,1.0,1.0,1.0
24,0,0.18064333240455535,0.15217391304347827,0.003941206472852042,0.15217391304347822,0.15217391304347822
26,0,0.0,0.0,0.0,0.0,0.0
27,0,1.0,1.0,1.0,1.0,1.0
