4,0,1.0,1.0,1.0,1.0,1.0
6,0,1.0,1.0,1.0,1.0,1.0
7,0,1.0,1.0,1.0,1.0,1.0
8,0,1.0,1.0,1.0,1.0,1.0
9,0,1.0,1.0,1.0,1.0,1.0
10,0,1.0,1.0,1.0,1.0,1.0
11,0,1.0,1.0,1.0,1.0,1.0
12,0,0.6384919824742167,0.5,0.033402922755741124,0.5,0.5
13,0,0.5795375958419435,0.43333333333333335,0.025543411519096157,0.43333333333333335,0.43333333333333335
14,0,0.5795375958419435,0.43333333333333335,0.025543411519096157,0.43333333333333335,0.43333333333333335
15,0,0.5795375958419435,0.43333333333333335,0.025543411519096157,0.43333333333333335,0.43333333333333335
18,0,0.0,0.0,0.0,0.0,0.0
20,0,0.5795375958419435,0.43333333333333335,0.025543411519096157,0.43333333333333335,0.43333333333333335
21,0,0.4831632475943928,0.3333333333333333,0.016701461377870562,0.3333333333333333,0.3333333333333333
22,0,0.4831632475943928,0.3333333333333333,0.016701461377870562,0.3333333333333333,0.3333333333333333
23,0,0.4831632475943928,0.3333333333333333,0.016701461377870562,0.3333333333333333,0.3333333333333333
26,0,0.07491495713052972,0.03333333333333333,0.0011518249226117629,0.03333333333333333,0.03333333333333333
28,0,1.0,1.0,1.0,1.0,1.0
29,0,1.0,1.0,1.0,1.0,1.0
30,0,0.6666666666666666,0.5333333333333333,0.03817476886370415,0.5333333333333333,0.5333333333333333
31,0,0.6666666666666666,0.5333333333333333,0.03817476886370415,0.5333333333333333,0.5333333333333333
32,0,0.6666666666666666,0.5333333333333333,0.03817476886370415,0.5333333333333333,0.5333333333333333
34,0,1.0,1.0,1.0,1.0,1.0
35,0,1.0,1.0,1.0,1.0,1.0
