3,0.6875,0.9198662110077999,1.0,0.4583333333333333,0.5,0.0
5,0.6875,0.9198662110077999,1.0,0.4583333333333333,0.5,0.0
8,0.6875,0.9198662110077999,1.0,0.4583333333333333,0.5,0.0
9,0.6875,0.9198662110077999,1.0,0.4583333333333333,0.5,0.0
11,0.6875,0.9198662110077999,1.0,0.4583333333333333,0.5,0.0
12,0.6875,0.9198662110077999,1.0,0.4583333333333333,0.5,0.0
14,0.6875,0.9198662110077999,1.0,0.4583333333333333,0.5,0.0
15,0.6875,0.9198662110077999,1.0,0.4583333333333333,0.5,0.0
16,1.0,1.0,0.6666666666666667,1.0,1.0,0.5172413793103449
21,0.5238095238095237,0.5179697702828122,0.4971751412429379,0.2682926829268293,0.3023255813953488,0.5172413793103449
22,0.5238095238095237,0.5179697702828122,0.4971751412429379,0.2682926829268293,0.3023255813953488,0.5172413793103449
23,0.5238095238095237,0.5179697702828122,0.4971751412429379,0.2682926829268293,0.3023255813953488,0.5172413793103449
24,0.5238095238095237,0.5179697702828122,0.4971751412429379,0.2682926829268293,0.3023255813953488,0.5172413793103449
26,0.5238095238095237,0.5179697702828122,0.4971751412429379,0.2682926829268293,0.3023255813953488,0.5172413793103449
27,0.5238095238095237,0.5179697702828122,0.4971751412429379,0.2682926829268293,0.3023255813953488,0.5172413793103449
29,0.5238095238095237,0.5179697702828122,0.4971751412429379,0.2682926829268293,0.3023255813953488,0.5172413793103449
31,0.5238095238095237,0.5179697702828122,0.4971751412429379,0.2682926829268293,0.3023255813953488,0.5172413793103449
35,0.5238095238095237,0.5179697702828122,0.4971751412429379,0.2682926829268293,0.3023255813953488,0.5172413793103449
37,0.3510638297872341,0.2763853991962833,0.24293785310734464,0.14473684210526314,0.16666666666666666,0.7931034482758621
38,0.3510638297872341,0.2763853991962833,0.24293785310734464,0.14473684210526314,0.16666666666666666,0.7931034482758621
41,0.8918918918918919,0.8563488385776752,0.6440677966101696,0.7333333333333333,0.7647058823529411,0.37931034482758624
43,0.5238095238095237,0.5179697702828122,0.4971751412429379,0.2682926829268293,0.3023255813953488,0.5172413793103449
46,0.0,0.0,0.0,0.0,0.0,1.0
48,0.5238095238095237,0.5179697702828122,0.4971751412429379,0.2682926829268293,0.3023255813953488,0.5172413793103449
49,0.0,0.0,0.01694915254237287,0.0,0.0,0.896551724137931
50,0.7499999999999999,0.7071067811865475,0.6045197740112994,0.5,0.5416666666666666,0.1379310344827586
52,0.6875,0.9198662110077999,1.0,0.4583333333333333,0.5,0.0
55,0.6875,0.9198662110077999,1.0,0.4583333333333333,0.5,0.0
