3,0.5701754385964914,1.0,1.0,1.0,1.0,0.0
4,0.5701754385964914,1.0,1.0,1.0,1.0,0.0
6,0.5701754385964914,1.0,1.0,1.0,1.0,0.0
7,0.5701754385964914,1.0,1.0,1.0,1.0,0.0
9,0.5701754385964914,1.0,1.0,1.0,1.0,0.0
10,0.5701754385964914,1.0,1.0,1.0,1.0,0.0
11,0.5701754385964914,1.0,1.0,1.0,1.0,0.0
13,0.5701754385964914,1.0,1.0,1.0,1.0,0.0
14,0.5701754385964914,1.0,1.0,1.0,1.0,0.0
15,0.5701754385964914,1.0,1.0,1.0,1.0,0.0
16,0.5701754385964914,1.0,1.0,1.0,1.0,0.0
18,0.5701754385964914,1.0,1.0,1.0,1.0,0.0
19,0.5701754385964914,1.0,1.0,1.0,1.0,0.0
20,0.5701754385964914,1.0,1.0,1.0,1.0,0.0
21,0.0,0.0,0.0,0.0,0.0,1.0
22,0.0,0.0,0.0,0.0,0.0,1.0
24,0.5701754385964914,1.0,1.0,1.0,1.0,0.0
26,0.5701754385964914,1.0,1.0,1.0,1.0,0.0
27,1.0,0.7828132328554361,0.5287958115183247,0.8606271777003485,0.8983739837398376,1.0
29,0.0,0.0,0.0,0.0,0.0,1.0
31,0.5701754385964914,1.0,1.0,1.0,1.0,0.0
