5,0,1.0,1.0,1.0,1.0,1.0
6,0,1.0,1.0,1.0,1.0,1.0
7,0,1.0,1.0,1.0,1.0,1.0
8,0,1.0,1.0,1.0,1.0,1.0
9,0,1.0,1.0,1.0,1.0,1.0
10,0,1.0,1.0,1.0,1.0,1.0
11,0,1.0,1.0,1.0,1.0,1.0
12,0,1.0,1.0,1.0,1.0,1.0
14,0,0.853888281317082,0.8235294117647058,0.2806236080178174,0.8235294117647058,0.8235294117647058
15,0,0.853888281317082,0.8235294117647058,0.2806236080178174,0.8235294117647058,0.8235294117647058
17,0,0.853888281317082,0.8235294117647058,0.2806236080178174,0.8235294117647058,0.8235294117647058
19,0,0.6983212835656335,0.6470588235294118,0.11024498886414254,0.6470588235294118,0.6470588235294118
20,0,0.6983212835656335,0.6470588235294118,0.11024498886414254,0.6470588235294118,0.6470588235294118
23,0,0.853888281317082,0.8235294117647058,0.2806236080178174,0.8235294117647058,0.8235294117647058
25,0,0.47241255122816844,0.4117647058823529,0.04209354120267261,0.411764705882353,0.411764705882353
26,0,0.47241255122816844,0.4117647058823529,0.04209354120267261,0.411764705882353,0.411764705882353
29,0,0.0,0.0,0.0,0.0,0.0
31,0,0.0,0.0,0.0,0.0,0.0
