15,0.0,0.0,0.15789473684210525,0.0,0.0,0.0
18,0.0,0.0,0.15789473684210525,0.0,0.0,0.0
19,0.0,0.0,0.15789473684210525,0.0,0.0,0.0
20,0.0,0.0,0.15789473684210525,0.0,0.0,0.0
22,0.5,0.7559289460184544,0.8421052631578947,0.3333333333333333,0.5714285714285714,0.0
26,0.5,0.7559289460184544,0.8421052631578947,0.3333333333333333,0.5714285714285714,0.0
27,0.5,0.7559289460184544,0.8421052631578947,0.3333333333333333,0.5714285714285714,0.0
28,0.5,0.7559289460184544,0.8421052631578947,0.3333333333333333,0.5714285714285714,0.0
29,0.5,0.7559289460184544,0.8421052631578947,0.3333333333333333,0.5714285714285714,0.0
30,0.5,0.7559289460184544,0.8421052631578947,0.3333333333333333,0.5714285714285714,0.0
31,0.5,0.7559289460184544,0.8421052631578947,0.3333333333333333,0.5714285714285714,0.0
33,0.0,0.0,0.0,0.0,0.0,1.0
34,0.0,0.0,0.0,0.0,0.0,1.0
36,1.0,1.0,1.0,1.0,1.0,1.0
37,1.0,1.0,1.0,1.0,1.0,1.0
39,1.0,1.0,1.0,1.0,1.0,1.0
40,1.0,1.0,1.0,1.0,1.0,1.0
41,1.0,1.0,1.0,1.0,1.0,1.0
42,1.0,1.0,1.0,1.0,1.0,1.0
44,1.0,1.0,1.0,1.0,1.0,1.0
45,1.0,1.0,1.0,1.0,1.0,1.0
