3,0.6988636363636364,0.9749005254295225,1.0,0.6363636363636364,0.7241379310344829,0.0
6,0.6988636363636364,0.9749005254295225,1.0,0.6363636363636364,0.7241379310344829,0.0
7,0.6988636363636364,0.9749005254295225,1.0,0.6363636363636364,0.7241379310344829,0.0
9,0.6988636363636364,0.9749005254295225,1.0,0.6363636363636364,0.7241379310344829,0.0
10,0.0,0.0,0.0,0.0,0.0,0.9245283018867926
11,0.6988636363636364,0.9749005254295225,1.0,0.6363636363636364,0.7241379310344829,0.0
12,0.5394736842105263,0.3061862178478973,0.17123287671232876,0.18181818181818182,0.25,0.24528301886792456
13,0.6988636363636364,0.9749005254295225,1.0,0.6363636363636364,0.7241379310344829,0.0
14,0.7784810126582278,0.5669467095138409,0.3287671232876712,0.4,0.5,0.16981132075471697
15,0.6988636363636364,0.9749005254295225,1.0,0.6363636363636364,0.7241379310344829,0.0
16,1.0,1.0,0.6438356164383563,1.0,1.0,1.0
17,0.6988636363636364,0.9749005254295225,1.0,0.6363636363636364,0.7241379310344829,0.0
