5,0.5448717948717949,0.6902093080282886,1.0,0.1794871794871795,0.4666666666666666,0.0
8,0.5448717948717949,0.6902093080282886,1.0,0.1794871794871795,0.4666666666666666,0.0
9,0.5448717948717949,0.6902093080282886,1.0,0.1794871794871795,0.4666666666666666,0.0
14,0.5448717948717949,0.6902093080282886,1.0,0.1794871794871795,0.4666666666666666,0.0
15,0.5448717948717949,0.6902093080282886,1.0,0.1794871794871795,0.4666666666666666,0.0
16,0.5448717948717949,0.6902093080282886,1.0,0.1794871794871795,0.4666666666666666,0.0
17,0.49882629107981225,0.551198189805123,0.7142857142857143,0.12820512820512822,0.3703703703703704,0.1690140845070422
18,0.5483870967741935,0.6416889479197481,0.8681318681318682,0.16666666666666666,0.4444444444444444,0.01408450704225347
19,0.5448717948717949,0.6902093080282886,1.0,0.1794871794871795,0.4666666666666666,0.0
20,0.0,0.0,0.06593406593406594,0.0,0.0,0.0
22,0.5448717948717949,0.6902093080282886,1.0,0.1794871794871795,0.4666666666666666,0.0
23,0.5448717948717949,0.6902093080282886,1.0,0.1794871794871795,0.4666666666666666,0.0
24,0.5448717948717949,0.6902093080282886,1.0,0.1794871794871795,0.4666666666666666,0.0
25,1.0,1.0,0.9780219780219781,1.0,1.0,0.9999999999999997
26,1.0,1.0,0.9780219780219781,1.0,1.0,0.9999999999999997
28,0.14604810996563575,0.12229989761755714,0.0879120879120879,0.018518518518518517,0.07017543859649122,1.0
29,0.14604810996563575,0.12229989761755714,0.0879120879120879,0.018518518518518517,0.07017543859649122,1.0
30,0.0,0.0,0.05494505494505494,0.0,0.0,0.09859154929577464
31,0.0,0.0,0.05494505494505494,0.0,0.0,0.09859154929577464
34,0.1574074074074074,0.1272937693043289,0.0989010989010989,0.0196078431372549,0.07407407407407407,0.9014084507042252
35,0.1574074074074074,0.1272937693043289,0.0989010989010989,0.0196078431372549,0.07407407407407407,0.9014084507042252
37,0.14604810996563575,0.12229989761755714,0.0879120879120879,0.018518518518518517,0.07017543859649122,1.0
38,0.0,0.0,0.0,0.0,0.0,0.5915492957746479
39,0.0,0.0,0.0,0.0,0.0,0.5915492957746479
42,0.25757575757575757,0.16666666666666666,0.15384615384615385,0.027777777777777776,0.10256410256410257,0.40845070422535207
43,0.25757575757575757,0.16666666666666666,0.15384615384615385,0.027777777777777776,0.10256410256410257,0.40845070422535207
45,0.14604810996563575,0.12229989761755714,0.0879120879120879,0.018518518518518517,0.07017543859649122,1.0
46,0.1574074074074074,0.1272937693043289,0.0989010989010989,0.0196078431372549,0.07407407407407407,0.9014084507042252
47,0.1574074074074074,0.1272937693043289,0.0989010989010989,0.0196078431372549,0.07407407407407407,0.9014084507042252
48,0.1574074074074074,0.1272937693043289,0.0989010989010989,0.0196078431372549,0.07407407407407407,0.9014084507042252
49,0.22849462365591397,0.1559023911155809,0.14285714285714285,0.025641025641025644,0.09523809523809523,0.5070422535211266
52,0.0,0.0,0.010989010989010985,0.0,0.0,0.4929577464788732
56,0.17068273092369476,0.13295400586957762,0.10989010989010987,0.020833333333333332,0.0784313725490196,0.8028169014084506
57,0.25757575757575757,0.16666666666666666,0.15384615384615385,0.027777777777777776,0.10256410256410257,0.40845070422535207
60,0.0,0.0,0.021978021978021976,0.0,0.0,0.39436619718309857
63,0.1574074074074074,0.1272937693043289,0.0989010989010989,0.0196078431372549,0.07407407407407407,0.9014084507042252
64,0.1574074074074074,0.1272937693043289,0.0989010989010989,0.0196078431372549,0.07407407407407407,0.9014084507042252
66,0.14604810996563575,0.12229989761755714,0.0879120879120879,0.018518518518518517,0.07017543859649122,1.0
67,0.14604810996563575,0.12229989761755714,0.0879120879120879,0.018518518518518517,0.07017543859649122,1.0
