2,0.3106060606060608,1.0,1.0,0.9421296296296297,0.9673202614379086,0.0
4,0.3106060606060608,1.0,1.0,0.9421296296296297,0.9673202614379086,0.0
5,0.3106060606060608,1.0,1.0,0.9421296296296297,0.9673202614379086,0.0
6,0.3106060606060608,1.0,1.0,0.9421296296296297,0.9673202614379086,0.0
8,0.411462979482605,0.9989646206969944,0.9246575342465753,1.0,1.0,0.4210526315789473
9,0.411462979482605,0.9989646206969944,0.9246575342465753,1.0,1.0,0.4210526315789473
10,0.411462979482605,0.9989646206969944,0.9246575342465753,1.0,1.0,0.4210526315789473
11,0.411462979482605,0.9989646206969944,0.9246575342465753,1.0,1.0,0.4210526315789473
13,0.29695799130854683,0.6943020259071574,0.6575342465753424,0.523809523809524,0.6666666666666666,0.05263157894736836
16,0.411462979482605,0.9989646206969944,0.9246575342465753,1.0,1.0,0.4210526315789473
18,0.45325642874309063,0.9513716110109678,0.8424657534246575,0.9305555555555556,0.9605734767025089,0.5526315789473681
19,0.45325642874309063,0.9513716110109678,0.8424657534246575,0.9305555555555556,0.9605734767025089,0.5526315789473681
21,0.1961722488038277,0.028254067531209282,0.054794520547945175,0.00848765432098771,0.015325670498084223,0.2894736842105264
24,0.45325642874309063,0.9513716110109678,0.8424657534246575,0.9305555555555556,0.9605734767025089,0.5526315789473681
28,0.411462979482605,0.9989646206969944,0.9246575342465753,1.0,1.0,0.4210526315789473
29,0.411462979482605,0.9989646206969944,0.9246575342465753,1.0,1.0,0.4210526315789473
30,0.411462979482605,0.9989646206969944,0.9246575342465753,1.0,1.0,0.4210526315789473
33,0.3106060606060608,1.0,1.0,0.9421296296296297,0.9673202614379086,0.0
35,0.0,0.0,0.1232876712328766,0.0,0.0,1.0
39,1.0,0.2703387851013371,0.0,0.08730158730158732,0.14814814814814822,0.9999999999999997
43,0.3106060606060608,1.0,1.0,0.9421296296296297,0.9673202614379086,0.0
