3,0,1.0,1.0,1.0,1.0,1.0
9,0,1.0,1.0,1.0,1.0,1.0
12,0,1.0,1.0,1.0,1.0,1.0
13,0,0.2214078509852565,0.16666666666666666,0.006726825266611978,0.16666666666666666,0.16666666666666666
15,0,0.5453994852448648,0.4666666666666667,0.029429860541427398,0.4666666666666666,0.4666666666666666
18,0,1.0,1.0,1.0,1.0,1.0
20,0,0.410157502473926,0.3333333333333333,0.016817063166529943,0.3333333333333333,0.3333333333333333
24,0,0.37437595063829093,0.3,0.014414625571311377,0.3,0.3
27,0,1.0,1.0,1.0,1.0,1.0
29,0,0.337688106237046,0.26666666666666666,0.01223059139383996,0.26666666666666666,0.26666666666666666
33,0,0.4450967813290384,0.36666666666666664,0.01947238892966625,0.3666666666666667,0.3666666666666667
36,0,1.0,1.0,1.0,1.0,1.0
38,0,0.3000214037429081,0.23333333333333334,0.010236473231800837,0.2333333333333333,0.2333333333333333
42,0,0.479250606818658,0.4,0.022422750888706586,0.4000000000000001,0.4000000000000001
44,0,0.0,0.0,0.0,0.0,0.0
48,0,0.047781257476652995,0.03333333333333333,0.0011597974597606863,0.03333333333333329,0.03333333333333329
53,0,1.0,1.0,1.0,1.0,1.0
55,0,0.0,0.0,0.0,0.0,0.0
56,0,0.0,0.0,0.0,0.0,0.0
58,0,1.0,1.0,1.0,1.0,1.0
60,0,0.047781257476652995,0.03333333333333333,0.0011597974597606863,0.03333333333333329,0.03333333333333329
61,0,0.047781257476652995,0.03333333333333333,0.0011597974597606863,0.03333333333333329,0.03333333333333329
63,0,1.0,1.0,1.0,1.0,1.0
65,0,0.3000214037429081,0.23333333333333334,0.010236473231800837,0.2333333333333333,0.2333333333333333
66,0,0.3000214037429081,0.23333333333333334,0.010236473231800837,0.2333333333333333,0.2333333333333333
70,0,1.0,1.0,1.0,1.0,1.0
71,0,1.0,1.0,1.0,1.0,1.0
