7,0.5,0.8728715609439694,0.9285714285714286,0.4444444444444444,0.7619047619047619,0.0
8,0.5,0.8728715609439694,0.9285714285714286,0.4444444444444444,0.7619047619047619,0.0
9,1.0,1.0,0.8571428571428571,1.0,1.0,1.0
10,1.0,1.0,0.8571428571428571,1.0,1.0,1.0
11,1.0,1.0,0.8571428571428571,1.0,1.0,1.0
12,1.0,1.0,0.8571428571428571,1.0,1.0,1.0
13,1.0,1.0,0.8571428571428571,1.0,1.0,1.0
14,1.0,1.0,0.8571428571428571,1.0,1.0,1.0
15,1.0,1.0,0.8571428571428571,1.0,1.0,1.0
16,1.0,1.0,0.8571428571428571,1.0,1.0,1.0
17,1.0,1.0,0.8571428571428571,1.0,1.0,1.0
18,1.0,1.0,0.8571428571428571,1.0,1.0,1.0
19,1.0,1.0,0.8571428571428571,1.0,1.0,1.0
20,1.0,1.0,0.8571428571428571,1.0,1.0,1.0
23,1.0,1.0,0.8571428571428571,1.0,1.0,1.0
24,1.0,1.0,0.8571428571428571,1.0,1.0,1.0
30,0.5,0.8728715609439694,0.9285714285714286,0.4444444444444444,0.7619047619047619,0.0
32,0.5,0.8728715609439694,0.9285714285714286,0.4444444444444444,0.7619047619047619,0.0
34,0.5,0.8728715609439694,0.9285714285714286,0.4444444444444444,0.7619047619047619,0.0
35,0.6000000000000001,0.9428090415820635,1.0,0.6666666666666666,0.8888888888888888,0.4444444444444445
36,0.6000000000000001,0.9428090415820635,1.0,0.6666666666666666,0.8888888888888888,0.4444444444444445
37,0.6000000000000001,0.9428090415820635,1.0,0.6666666666666666,0.8888888888888888,0.4444444444444445
38,0.6000000000000001,0.9428090415820635,1.0,0.6666666666666666,0.8888888888888888,0.4444444444444445
39,0.6000000000000001,0.9428090415820635,1.0,0.6666666666666666,0.8888888888888888,0.4444444444444445
40,0.6000000000000001,0.9428090415820635,1.0,0.6666666666666666,0.8888888888888888,0.4444444444444445
41,0.6000000000000001,0.9428090415820635,1.0,0.6666666666666666,0.8888888888888888,0.4444444444444445
42,0.6000000000000001,0.9428090415820635,1.0,0.6666666666666666,0.8888888888888888,0.4444444444444445
44,0.6000000000000001,0.9428090415820635,1.0,0.6666666666666666,0.8888888888888888,0.4444444444444445
45,0.6000000000000001,0.9428090415820635,1.0,0.6666666666666666,0.8888888888888888,0.4444444444444445
48,0.5,0.8728715609439694,0.9285714285714286,0.4444444444444444,0.7619047619047619,0.0
50,0.5,0.8728715609439694,0.9285714285714286,0.4444444444444444,0.7619047619047619,0.0
51,0.0,0.0,0.0,0.0,0.0,0.0
52,0.0,0.0,0.0,0.0,0.0,0.0
54,0.5,0.8728715609439694,0.9285714285714286,0.4444444444444444,0.7619047619047619,0.0
55,0.6000000000000001,0.9428090415820635,1.0,0.6666666666666666,0.8888888888888888,0.4444444444444445
56,0.6000000000000001,0.9428090415820635,1.0,0.6666666666666666,0.8888888888888888,0.4444444444444445
57,0.6000000000000001,0.9428090415820635,1.0,0.6666666666666666,0.8888888888888888,0.4444444444444445
58,0.6000000000000001,0.9428090415820635,1.0,0.6666666666666666,0.8888888888888888,0.4444444444444445
59,0.6000000000000001,0.9428090415820635,1.0,0.6666666666666666,0.8888888888888888,0.4444444444444445
60,0.6000000000000001,0.9428090415820635,1.0,0.6666666666666666,0.8888888888888888,0.4444444444444445
61,0.6000000000000001,0.9428090415820635,1.0,0.6666666666666666,0.8888888888888888,0.4444444444444445
62,0.6000000000000001,0.9428090415820635,1.0,0.6666666666666666,0.8888888888888888,0.4444444444444445
63,0.6000000000000001,0.9428090415820635,1.0,0.6666666666666666,0.8888888888888888,0.4444444444444445
64,0.6000000000000001,0.9428090415820635,1.0,0.6666666666666666,0.8888888888888888,0.4444444444444445
67,0.6000000000000001,0.9428090415820635,1.0,0.6666666666666666,0.8888888888888888,0.4444444444444445
68,0.6000000000000001,0.9428090415820635,1.0,0.6666666666666666,0.8888888888888888,0.4444444444444445
69,0.6000000000000001,0.9428090415820635,1.0,0.6666666666666666,0.8888888888888888,0.4444444444444445
70,0.6000000000000001,0.9428090415820635,1.0,0.6666666666666666,0.8888888888888888,0.4444444444444445
72,0.6000000000000001,0.9428090415820635,1.0,0.6666666666666666,0.8888888888888888,0.4444444444444445
73,0.6000000000000001,0.9428090415820635,1.0,0.6666666666666666,0.8888888888888888,0.4444444444444445
74,0.6000000000000001,0.9428090415820635,1.0,0.6666666666666666,0.8888888888888888,0.4444444444444445
75,0.6000000000000001,0.9428090415820635,1.0,0.6666666666666666,0.8888888888888888,0.4444444444444445
76,0.6000000000000001,0.9428090415820635,1.0,0.6666666666666666,0.8888888888888888,0.4444444444444445
77,0.6000000000000001,0.9428090415820635,1.0,0.6666666666666666,0.8888888888888888,0.4444444444444445
78,0.6000000000000001,0.9428090415820635,1.0,0.6666666666666666,0.8888888888888888,0.4444444444444445
79,0.6000000000000001,0.9428090415820635,1.0,0.6666666666666666,0.8888888888888888,0.4444444444444445
80,0.6000000000000001,0.9428090415820635,1.0,0.6666666666666666,0.8888888888888888,0.4444444444444445
81,0.6000000000000001,0.9428090415820635,1.0,0.6666666666666666,0.8888888888888888,0.4444444444444445
83,0.6000000000000001,0.9428090415820635,1.0,0.6666666666666666,0.8888888888888888,0.4444444444444445
84,0.0,0.0,0.0,0.0,0.0,0.0
85,0.0,0.0,0.0,0.0,0.0,0.0
86,0.0,0.0,0.0,0.0,0.0,0.0
89,0.6000000000000001,0.9428090415820635,1.0,0.6666666666666666,0.8888888888888888,0.4444444444444445
90,0.6000000000000001,0.9428090415820635,1.0,0.6666666666666666,0.8888888888888888,0.4444444444444445
92,0.6000000000000001,0.9428090415820635,1.0,0.6666666666666666,0.8888888888888888,0.4444444444444445
94,0.5,0.8728715609439694,0.9285714285714286,0.4444444444444444,0.7619047619047619,0.0
