4,0.3333333333333333,1.0,1.0,1.0,1.0,0.0
5,0.3333333333333333,1.0,1.0,1.0,1.0,0.0
6,0.3333333333333333,1.0,1.0,1.0,1.0,0.0
7,0.3333333333333333,1.0,1.0,1.0,1.0,0.0
8,0.3333333333333333,1.0,1.0,1.0,1.0,0.0
9,0.3333333333333333,1.0,1.0,1.0,1.0,0.0
10,0.3333333333333333,1.0,1.0,1.0,1.0,0.0
11,0.3333333333333333,1.0,1.0,1.0,1.0,0.0
12,0.3333333333333333,1.0,1.0,1.0,1.0,0.0
13,0.3333333333333333,1.0,1.0,1.0,1.0,0.0
14,0.3333333333333333,1.0,1.0,1.0,1.0,0.0
15,0.3333333333333333,1.0,1.0,1.0,1.0,0.0
17,0.3333333333333333,1.0,1.0,1.0,1.0,0.0
18,0.22580645161290316,0.6489093900982718,0.5833333333333334,0.16666666666666669,0.5833333333333333,0.41666666666666663
19,0.22580645161290316,0.6489093900982718,0.5833333333333334,0.16666666666666669,0.5833333333333333,0.41666666666666663
22,0.3333333333333333,1.0,1.0,1.0,1.0,0.0
23,0.3333333333333333,1.0,1.0,1.0,1.0,0.0
26,0.3333333333333333,1.0,1.0,1.0,1.0,0.0
27,0.3333333333333333,1.0,1.0,1.0,1.0,0.0
28,0.11111111111111109,0.31113738726934875,0.25000000000000006,0.04545454545454546,0.25,0.7499999999999999
29,0.11111111111111109,0.31113738726934875,0.25000000000000006,0.04545454545454546,0.25,0.7499999999999999
30,0.29411764705882354,0.28648127000314066,0.1944444444444445,0.03484848484848486,0.20175438596491224,0.08333333333333336
32,0.11111111111111109,0.31113738726934875,0.25000000000000006,0.04545454545454546,0.25,0.7499999999999999
33,0.0,0.0,0.0,0.0,0.0,1.0
35,0.11111111111111109,0.31113738726934875,0.25000000000000006,0.04545454545454546,0.25,0.7499999999999999
36,0.11111111111111109,0.31113738726934875,0.25000000000000006,0.04545454545454546,0.25,0.7499999999999999
37,0.11111111111111109,0.31113738726934875,0.25000000000000006,0.04545454545454546,0.25,0.7499999999999999
38,0.11111111111111109,0.31113738726934875,0.25000000000000006,0.04545454545454546,0.25,0.7499999999999999
43,1.0,0.46158789971992903,0.3055555555555556,0.06666666666666667,0.3333333333333333,0.7499999999999999
44,1.0,0.46158789971992903,0.3055555555555556,0.06666666666666667,0.3333333333333333,0.7499999999999999
45,1.0,0.3714572559103881,0.22222222222222224,0.04333333333333334,0.24074074074074067,0.6666666666666665
47,1.0,0.46158789971992903,0.3055555555555556,0.06666666666666667,0.3333333333333333,0.7499999999999999
48,1.0,0.2754940177167176,0.13888888888888892,0.024242424242424246,0.14814814814814817,0.5833333333333333
50,1.0,0.46158789971992903,0.3055555555555556,0.06666666666666667,0.3333333333333333,0.7499999999999999
51,1.0,0.46158789971992903,0.3055555555555556,0.06666666666666667,0.3333333333333333,0.7499999999999999
52,1.0,0.46158789971992903,0.3055555555555556,0.06666666666666667,0.3333333333333333,0.7499999999999999
53,1.0,0.46158789971992903,0.3055555555555556,0.06666666666666667,0.3333333333333333,0.7499999999999999
57,0.3333333333333333,1.0,1.0,1.0,1.0,0.0
