3,0.9171220400728598,0.9785799770375706,0.9965870307167236,0.9459193706981319,0.958912768647282,0.0
6,0.9171220400728598,0.9785799770375706,0.9965870307167236,0.9459193706981319,0.958912768647282,0.0
7,0.9171220400728598,0.9785799770375706,0.9965870307167236,0.9459193706981319,0.958912768647282,0.0
8,0.9171220400728598,0.9785799770375706,0.9965870307167236,0.9459193706981319,0.958912768647282,0.0
9,0.9171220400728598,0.9785799770375706,0.9965870307167236,0.9459193706981319,0.958912768647282,0.0
10,1.0,1.0,1.0,1.0,1.0,0.26315789473684253
11,1.0,1.0,1.0,1.0,1.0,0.26315789473684253
13,0.9171220400728598,0.9785799770375706,0.9965870307167236,0.9459193706981319,0.958912768647282,0.0
14,0.0,0.0,0.0,0.0,0.0,1.0
15,0.9171220400728598,0.9785799770375706,0.9965870307167236,0.9459193706981319,0.958912768647282,0.0
