6,0.0,0.0,0.0035294117647058825,0.0,0.0,0.0
7,1.0,1.0,0.6552941176470589,1.0,1.0,1.0
9,0.6721014492753623,0.9211429169810044,1.0,0.5851449275362318,0.7064102564102565,0.0
11,0.6721014492753623,0.9211429169810044,1.0,0.5851449275362318,0.7064102564102565,0.0
12,0.6721014492753623,0.9211429169810044,1.0,0.5851449275362318,0.7064102564102565,0.0
13,0.6721014492753623,0.9211429169810044,1.0,0.5851449275362318,0.7064102564102565,0.0
14,0.6721014492753623,0.9211429169810044,1.0,0.5851449275362318,0.7064102564102565,0.0
15,0.6721014492753623,0.9211429169810044,1.0,0.5851449275362318,0.7064102564102565,0.0
16,0.6721014492753623,0.9211429169810044,1.0,0.5851449275362318,0.7064102564102565,0.0
17,0.6721014492753623,0.9211429169810044,1.0,0.5851449275362318,0.7064102564102565,0.0
19,0.6721014492753623,0.9211429169810044,1.0,0.5851449275362318,0.7064102564102565,0.0
20,0.5789637952559302,0.4264719297659659,0.26117647058823534,0.23611111111111108,0.34523809523809523,0.20441988950276244
21,0.47021546261089986,0.23570226039551584,0.1035294117647059,0.10897435897435898,0.17261904761904762,0.21823204419889505
22,0.0,0.0,0.0,0.0,0.0,0.1574585635359116
25,0.7078563411896744,0.9042367128809861,0.9,0.6175213675213674,0.7336309523809523,0.218232044198895
26,0.7078563411896744,0.9042367128809861,0.9,0.6175213675213674,0.7336309523809523,0.218232044198895
27,0.7078563411896744,0.9042367128809861,0.9,0.6175213675213674,0.7336309523809523,0.218232044198895
28,0.7078563411896744,0.9042367128809861,0.9,0.6175213675213674,0.7336309523809523,0.218232044198895
29,1.0,1.0,0.6552941176470589,1.0,1.0,1.0
30,1.0,1.0,0.6552941176470589,1.0,1.0,1.0
32,0.7078563411896744,0.9042367128809861,0.9,0.6175213675213674,0.7336309523809523,0.218232044198895
33,0.7078563411896744,0.9042367128809861,0.9,0.6175213675213674,0.7336309523809523,0.218232044198895
