6,0.6298387096774193,1.0,1.0,1.0,1.0,0.0
7,0.6298387096774193,1.0,1.0,1.0,1.0,0.0
8,0.6298387096774193,1.0,1.0,1.0,1.0,0.0
9,0.6298387096774193,1.0,1.0,1.0,1.0,0.0
10,0.0,0.0,0.0,0.0,0.0,0.7333333333333334
11,0.0,0.0,0.0,0.0,0.0,0.7333333333333334
13,0.718491260349586,0.9464479798613897,0.8949211908931699,0.8967813540510543,0.9528301886792454,0.7333333333333334
14,0.8930817610062896,0.5398192848347202,0.3607705779334501,0.29123196448390676,0.48857994041708047,0.9555555555555562
15,0.8930817610062896,0.5398192848347202,0.3607705779334501,0.29123196448390676,0.48857994041708047,0.9555555555555562
17,0.6298387096774193,1.0,1.0,1.0,1.0,0.0
18,1.0,0.43555528989309206,0.25394045534150617,0.19807051993511485,0.3647798742138365,1.0
19,1.0,0.43555528989309206,0.25394045534150617,0.19807051993511485,0.3647798742138365,1.0
21,0.6298387096774193,1.0,1.0,1.0,1.0,0.0
22,0.6298387096774193,1.0,1.0,1.0,1.0,0.0
23,0.4104046242774562,0.44730892759834723,0.32049036777583184,0.2283177421912161,0.4075471698113208,0.866666666666667
25,0.6298387096774193,1.0,1.0,1.0,1.0,0.0
26,0.7147651006711409,0.8203885140035748,0.7162872154115586,0.6528100090808192,0.8138364779874214,0.5777777777777786
27,0.6298387096774193,1.0,1.0,1.0,1.0,0.0
28,0.581967213114754,0.9684776367613397,0.9632224168126094,0.9164420485175202,0.9622641509433963,0.4444444444444441
29,0.718491260349586,0.9464479798613897,0.8949211908931699,0.8967813540510543,0.9528301886792454,0.7333333333333334
30,0.718491260349586,0.9464479798613897,0.8949211908931699,0.8967813540510543,0.9528301886792454,0.7333333333333334
32,0.5491712707182321,0.7676309794718342,0.6777583187390542,0.564187939326674,0.7506152584085317,0.5555555555555551
33,0.46526867627785046,0.6444387189922607,0.5341506129597198,0.4098010757278237,0.6174957118353346,0.9555555555555555
35,0.7877947295423021,0.7201783688437481,0.574430823117338,0.501857839115958,0.7008086253369273,0.8666666666666664
