3,0.7773109243697479,1.0,1.0,1.0,1.0,0.0
9,0.7773109243697479,1.0,1.0,1.0,1.0,0.0
12,0.7773109243697479,1.0,1.0,1.0,1.0,0.0
14,0.0,0.0,0.0,0.0,0.0,0.0
15,0.0,0.0,0.0,0.0,0.0,0.0
17,0.7773109243697479,1.0,1.0,1.0,1.0,0.0
19,1.0,0.9304868538157682,0.7869822485207101,0.6761363636363636,0.8963636363636365,1.0
20,1.0,0.9304868538157682,0.7869822485207101,0.6761363636363636,0.8963636363636365,1.0
22,0.44237207077953133,0.40796703084352304,0.21301775147928995,0.07575757575757576,0.25349650349650354,0.9999999999999999
23,0.7773109243697479,1.0,1.0,1.0,1.0,0.0
25,0.6887565152643336,0.462591131453734,0.22485207100591717,0.08373205741626794,0.27462121212121215,0.16981132075471694
26,0.6887565152643336,0.462591131453734,0.22485207100591717,0.08373205741626794,0.27462121212121215,0.16981132075471694
30,0.8078602620087336,0.8871844048981674,0.7751479289940828,0.5409090909090909,0.82996632996633,0.1698113207547169
31,0.8078602620087336,0.8871844048981674,0.7751479289940828,0.5409090909090909,0.82996632996633,0.1698113207547169
32,0.8078602620087336,0.8871844048981674,0.7751479289940828,0.5409090909090909,0.82996632996633,0.1698113207547169
34,0.8078602620087336,0.8871844048981674,0.7751479289940828,0.5409090909090909,0.82996632996633,0.1698113207547169
35,0.8078602620087336,0.8871844048981674,0.7751479289940828,0.5409090909090909,0.82996632996633,0.1698113207547169
36,0.8078602620087336,0.8871844048981674,0.7751479289940828,0.5409090909090909,0.82996632996633,0.1698113207547169
38,0.8078602620087336,0.8871844048981674,0.7751479289940828,0.5409090909090909,0.82996632996633,0.1698113207547169
39,0.8078602620087336,0.8871844048981674,0.7751479289940828,0.5409090909090909,0.82996632996633,0.1698113207547169
41,0.8078602620087336,0.8871844048981674,0.7751479289940828,0.5409090909090909,0.82996632996633,0.1698113207547169
43,0.8078602620087336,0.8871844048981674,0.7751479289940828,0.5409090909090909,0.82996632996633,0.1698113207547169
45,0.8078602620087336,0.8871844048981674,0.7751479289940828,0.5409090909090909,0.82996632996633,0.1698113207547169
48,0.7773109243697479,1.0,1.0,1.0,1.0,0.0
