3,0.9444444444444444,0.9449111825230679,0.9032258064516127,0.8888888888888888,0.8928571428571428,0.0
4,0.9444444444444444,0.9449111825230679,0.9032258064516127,0.8888888888888888,0.8928571428571428,0.0
6,0.9444444444444444,0.9449111825230679,0.9032258064516127,0.8888888888888888,0.8928571428571428,0.0
7,0.9444444444444444,0.9449111825230679,0.9032258064516127,0.8888888888888888,0.8928571428571428,0.0
8,0.9444444444444444,0.9449111825230679,0.9032258064516127,0.8888888888888888,0.8928571428571428,0.0
9,0.9444444444444444,0.9449111825230679,0.9032258064516127,0.8888888888888888,0.8928571428571428,0.0
10,0.9444444444444444,0.9449111825230679,0.9032258064516127,0.8888888888888888,0.8928571428571428,0.0
11,0.9807692307692306,0.9805806756909202,0.9677419354838708,0.9600000000000001,0.9615384615384616,0.6666666666666663
12,0.9807692307692306,0.9805806756909202,0.9677419354838708,0.9600000000000001,0.9615384615384616,0.6666666666666663
14,0.9444444444444444,0.9449111825230679,0.9032258064516127,0.8888888888888888,0.8928571428571428,0.0
15,0.9444444444444444,0.9449111825230679,0.9032258064516127,0.8888888888888888,0.8928571428571428,0.0
16,1.0,1.0,1.0,1.0,1.0,1.0
17,1.0,1.0,1.0,1.0,1.0,1.0
19,0.9444444444444444,0.9449111825230679,0.9032258064516127,0.8888888888888888,0.8928571428571428,0.0
21,0.9444444444444444,0.9449111825230679,0.9032258064516127,0.8888888888888888,0.8928571428571428,0.0
22,0.9532710280373833,0.9534625892455924,0.9193548387096773,0.9056603773584906,0.9090909090909091,0.16666666666666632
23,0.9532710280373833,0.9534625892455924,0.9193548387096773,0.9056603773584906,0.9090909090909091,0.16666666666666632
26,0.9444444444444444,0.9449111825230679,0.9032258064516127,0.8888888888888888,0.8928571428571428,0.0
27,0.9444444444444444,0.9449111825230679,0.9032258064516127,0.8888888888888888,0.8928571428571428,0.0
28,0.894736842105263,0.6350006350009525,0.4032258064516129,0.7741935483870968,0.78125,0.5
29,0.894736842105263,0.6350006350009525,0.4032258064516129,0.7741935483870968,0.78125,0.5
34,1.0,0.7071067811865475,0.5,0.9600000000000001,0.9615384615384616,0.5
35,1.0,0.7071067811865475,0.5,0.9600000000000001,0.9615384615384616,0.5
36,0.0,0.0,0.0,0.0,0.0,0.0
37,0.0,0.0,0.0,0.0,0.0,0.0
41,1.0,0.7071067811865475,0.5,0.9600000000000001,0.9615384615384616,0.5
42,1.0,0.7071067811865475,0.5,0.9600000000000001,0.9615384615384616,0.5
43,1.0,0.7071067811865475,0.5,0.9600000000000001,0.9615384615384616,0.5
