3,0,1.0,1.0,1.0,1.0,1.0
4,0,1.0,1.0,1.0,1.0,1.0
5,0,1.0,1.0,1.0,1.0,1.0
6,0,1.0,1.0,1.0,1.0,1.0
7,0,1.0,1.0,1.0,1.0,1.0
8,0,1.0,1.0,1.0,1.0,1.0
9,0,1.0,1.0,1.0,1.0,1.0
11,0,1.0,1.0,1.0,1.0,1.0
12,0,1.0,1.0,1.0,1.0,1.0
13,0,0.0,0.0,0.0,0.0,0.0
14,0,0.0,0.0,0.0,0.0,0.0
16,0,1.0,1.0,1.0,1.0,1.0
17,0,0.7510660749224692,0.6666666666666666,0.16867469879518074,0.6666666666666666,0.6666666666666666
18,0,0.7510660749224692,0.6666666666666666,0.16867469879518074,0.6666666666666666,0.6666666666666666
19,0,0.607625218510765,0.5,0.08433734939759034,0.49999999999999994,0.49999999999999994
20,0,0.607625218510765,0.5,0.08433734939759034,0.49999999999999994,0.49999999999999994
21,0,0.607625218510765,0.5,0.08433734939759034,0.49999999999999994,0.49999999999999994
24,0,0.681342518775994,0.5833333333333334,0.1180722891566265,0.5833333333333333,0.5833333333333333
25,0,0.681342518775994,0.5833333333333334,0.1180722891566265,0.5833333333333333,0.5833333333333333
26,0,0.681342518775994,0.5833333333333334,0.1180722891566265,0.5833333333333333,0.5833333333333333
29,0,1.0,1.0,1.0,1.0,1.0
30,0,1.0,1.0,1.0,1.0,1.0
