4,0.0,0.0,0.0,0.0,0.0,1.0
5,0.0,0.0,0.0,0.0,0.0,1.0
7,0.3333333333333334,0.844736251690943,0.8461538461538461,0.3125,0.3571428571428571,0.0
8,0.3333333333333334,0.844736251690943,0.8461538461538461,0.3125,0.3571428571428571,0.0
9,0.3333333333333334,0.844736251690943,0.8461538461538461,0.3125,0.3571428571428571,0.0
10,0.3333333333333334,0.844736251690943,0.8461538461538461,0.3125,0.3571428571428571,0.0
12,0.3333333333333334,0.844736251690943,0.8461538461538461,0.3125,0.3571428571428571,0.0
15,0.3333333333333334,0.844736251690943,0.8461538461538461,0.3125,0.3571428571428571,0.0
16,0.3333333333333334,0.844736251690943,0.8461538461538461,0.3125,0.3571428571428571,0.0
18,0.3333333333333334,0.844736251690943,0.8461538461538461,0.3125,0.3571428571428571,0.0
19,0.3333333333333334,0.844736251690943,0.8461538461538461,0.3125,0.3571428571428571,0.0
21,0.3333333333333334,0.844736251690943,0.8461538461538461,0.3125,0.3571428571428571,0.0
22,0.3333333333333334,0.844736251690943,0.8461538461538461,0.3125,0.3571428571428571,0.0
23,0.3333333333333334,0.844736251690943,0.8461538461538461,0.3125,0.3571428571428571,0.0
24,0.45454545454545453,1.0,1.0,0.45000000000000007,0.49999999999999994,0.49999999999999983
25,1.0,1.0,0.6153846153846154,1.0,1.0,1.0
27,0.45454545454545453,1.0,1.0,0.45000000000000007,0.49999999999999994,0.49999999999999983
28,0.45454545454545453,1.0,1.0,0.45000000000000007,0.49999999999999994,0.49999999999999983
29,0.45454545454545453,1.0,1.0,0.45000000000000007,0.49999999999999994,0.49999999999999983
30,0.45454545454545453,1.0,1.0,0.45000000000000007,0.49999999999999994,0.49999999999999983
32,0.45454545454545453,1.0,1.0,0.45000000000000007,0.49999999999999994,0.49999999999999983
36,0.3333333333333334,0.844736251690943,0.8461538461538461,0.3125,0.3571428571428571,0.0
37,0.3333333333333334,0.844736251690943,0.8461538461538461,0.3125,0.3571428571428571,0.0
38,0.45454545454545453,1.0,1.0,0.45000000000000007,0.49999999999999994,0.49999999999999983
40,0.3333333333333334,0.844736251690943,0.8461538461538461,0.3125,0.3571428571428571,0.0
41,0.3333333333333334,0.844736251690943,0.8461538461538461,0.3125,0.3571428571428571,0.0
