9,0.4843750000000001,1.0,1.0,0.6616541353383458,0.7076023391812866,0.0
10,0.4843750000000001,1.0,1.0,0.6616541353383458,0.7076023391812866,0.0
11,0.4843750000000001,1.0,1.0,0.6616541353383458,0.7076023391812866,0.0
12,0.8806818181818186,0.11814602960478812,0.0,0.12030075187969924,0.14473684210526314,0.21428571428571427
13,0.42465753424657554,0.7952043654164145,0.7908163265306123,0.5263157894736842,0.5789473684210528,0.2142857142857142
14,1.0,0.8563612505463454,0.423469387755102,1.0,1.0,0.7857142857142858
16,0.0,0.0,0.1581632653061224,0.0,0.0,1.0
18,0.4843750000000001,1.0,1.0,0.6616541353383458,0.7076023391812866,0.0
20,0.4843750000000001,1.0,1.0,0.6616541353383458,0.7076023391812866,0.0
21,0.4843750000000001,1.0,1.0,0.6616541353383458,0.7076023391812866,0.0
23,0.42465753424657554,0.7952043654164145,0.7908163265306123,0.5263157894736842,0.5789473684210528,0.2142857142857142
24,0.42465753424657554,0.7952043654164145,0.7908163265306123,0.5263157894736842,0.5789473684210528,0.2142857142857142
26,0.42465753424657554,0.7952043654164145,0.7908163265306123,0.5263157894736842,0.5789473684210528,0.2142857142857142
27,0.42465753424657554,0.7952043654164145,0.7908163265306123,0.5263157894736842,0.5789473684210528,0.2142857142857142
29,0.5054347826086958,0.864522859839441,0.8010204081632654,0.6315789473684211,0.6796338672768879,0.07142857142857151
30,0.5054347826086958,0.864522859839441,0.8010204081632654,0.6315789473684211,0.6796338672768879,0.07142857142857151
32,0.5054347826086958,0.864522859839441,0.8010204081632654,0.6315789473684211,0.6796338672768879,0.07142857142857151
33,0.5054347826086958,0.864522859839441,0.8010204081632654,0.6315789473684211,0.6796338672768879,0.07142857142857151
34,0.6681034482758621,0.7189933653628242,0.5102040816326531,0.6842105263157896,0.7283531409168081,0.39285714285714296
36,0.42465753424657554,0.3386095222035911,0.2908163265306123,0.30769230769230776,0.3548387096774194,0.1071428571428571
39,0.4843750000000001,0.6763535626200377,0.596938775510204,0.5263157894736842,0.5789473684210528,0.0
40,0.4843750000000001,0.6763535626200377,0.596938775510204,0.5263157894736842,0.5789473684210528,0.0
41,0.5494402985074627,0.4147189957757095,0.29846938775510207,0.40274599542334094,0.45488721804511284,0.10714285714285726
43,0.5494402985074627,0.4147189957757095,0.29846938775510207,0.40274599542334094,0.45488721804511284,0.10714285714285726
