42,0.6000000000000001,0.7483314773547881,0.8831168831168831,0.37333333333333335,0.5727272727272726,0.3043478260869566
44,0.6000000000000001,0.7483314773547881,0.8831168831168831,0.37333333333333335,0.5727272727272726,0.3043478260869566
46,0.81,0.8862587350511957,0.8051948051948051,0.6857142857142857,0.8307692307692308,0.8695652173913044
47,1.0,1.0,0.6948051948051949,1.0,1.0,1.0
48,0.81,0.8862587350511957,0.8051948051948051,0.6857142857142857,0.8307692307692308,0.8695652173913044
50,0.6000000000000001,0.7483314773547881,0.8831168831168831,0.37333333333333335,0.5727272727272726,0.3043478260869566
52,0.6631578947368422,0.808290376865476,0.9025974025974026,0.4666666666666667,0.6631578947368421,0.5652173913043478
53,0.8181818181818182,0.816496580927726,0.6753246753246753,0.5714285714285714,0.75,0.7391304347826088
54,0.7714285714285715,0.9165151389911678,0.9285714285714286,0.7,0.84,0.9130434782608696
56,0.7043478260869566,0.7855844048495725,0.7857142857142857,0.48,0.6749999999999999,0.6086956521739131
58,0.7043478260869566,0.7855844048495725,0.7857142857142857,0.48,0.6749999999999999,0.6086956521739131
59,0.675,0.6196773353931866,0.525974025974026,0.32,0.5142857142857142,0.3478260869565218
60,0.8526315789473685,0.92951600308978,0.8116883116883117,0.8,0.8999999999999999,0.9565217391304349
62,0.7714285714285716,0.848528137423857,0.7987012987012987,0.6,0.7714285714285714,0.782608695652174
64,0.7714285714285716,0.848528137423857,0.7987012987012987,0.6,0.7714285714285714,0.782608695652174
65,0.8181818181818182,0.816496580927726,0.6753246753246753,0.5714285714285714,0.75,0.7391304347826088
66,0.8526315789473685,0.92951600308978,0.8116883116883117,0.8,0.8999999999999999,0.9565217391304349
68,0.0,0.0,0.019480519480519477,0.0,0.0,0.0
72,0.54,0.7406560798180412,0.9805194805194805,0.32,0.5142857142857142,0.0
73,0.54,0.7406560798180412,0.9805194805194805,0.32,0.5142857142857142,0.0
77,0.54,0.7406560798180412,0.9805194805194805,0.32,0.5142857142857142,0.0
78,0.54,0.7406560798180412,0.9805194805194805,0.32,0.5142857142857142,0.0
79,0.54,0.7406560798180412,0.9805194805194805,0.32,0.5142857142857142,0.0
80,0.54,0.7406560798180412,0.9805194805194805,0.32,0.5142857142857142,0.0
81,0.54,0.7406560798180412,0.9805194805194805,0.32,0.5142857142857142,0.0
83,0.54,0.7406560798180412,0.9805194805194805,0.32,0.5142857142857142,0.0
85,0.5815384615384616,0.7311261550139309,0.8766233766233766,0.35,0.5478260869565218,0.2173913043478261
86,0.5815384615384616,0.7311261550139309,0.8766233766233766,0.35,0.5478260869565218,0.2173913043478261
88,0.553846153846154,0.7542472332656506,0.9870129870129869,0.3368421052631579,0.5333333333333333,0.08695652173913052
90,0.6000000000000001,0.7483314773547881,0.8831168831168831,0.37333333333333335,0.5727272727272726,0.3043478260869566
91,0.6000000000000001,0.7483314773547881,0.8831168831168831,0.37333333333333335,0.5727272727272726,0.3043478260869566
92,0.6000000000000001,0.7483314773547881,0.8831168831168831,0.37333333333333335,0.5727272727272726,0.3043478260869566
93,0.6872727272727274,0.8317239361004063,0.9090909090909091,0.509090909090909,0.7,0.6521739130434783
97,0.28421052631578947,0.1732050807568877,0.11038961038961038,0.05714285714285714,0.12,0.391304347826087
98,0.28421052631578947,0.1732050807568877,0.11038961038961038,0.05714285714285714,0.12,0.391304347826087
101,0.54,0.7406560798180412,0.9805194805194805,0.32,0.5142857142857142,0.0
102,0.0,0.0,0.0,0.0,0.0,0.2608695652173913
103,0.5837837837837838,0.7838367176906169,1.0,0.3764705882352941,0.576,0.26086956521739135
105,0.54,0.7406560798180412,0.9805194805194805,0.32,0.5142857142857142,0.0
