2,0.5,0.31622776601683794,0.25,0.1111111111111111,0.1,0.0
5,0.5,0.31622776601683794,0.25,0.1111111111111111,0.1,0.0
6,0.5,0.31622776601683794,0.25,0.1111111111111111,0.1,0.0
7,0.0,0.0,0.08333333333333334,0.0,0.0,0.1111111111111111
8,0.5294117647058824,0.3333333333333333,0.3333333333333333,0.125,0.1111111111111111,0.11111111111111116
9,0.0,0.0,0.08333333333333334,0.0,0.0,0.1111111111111111
10,0.5625,0.35355339059327373,0.4166666666666667,0.14285714285714285,0.125,0.2222222222222222
11,0.0,0.0,0.08333333333333334,0.0,0.0,0.1111111111111111
12,0.6000000000000001,0.3779644730092272,0.5000000000000001,0.16666666666666666,0.14285714285714285,0.33333333333333337
13,0.0,0.0,0.08333333333333334,0.0,0.0,0.1111111111111111
14,0.6428571428571428,0.4082482904638631,0.5833333333333334,0.2,0.16666666666666666,0.4444444444444444
15,0.0,0.0,0.08333333333333334,0.0,0.0,0.1111111111111111
16,0.6923076923076923,0.4472135954999579,0.6666666666666667,0.25,0.2,0.5555555555555556
17,0.0,0.0,0.08333333333333334,0.0,0.0,0.1111111111111111
18,0.75,0.5,0.75,0.3333333333333333,0.25,0.6666666666666667
19,0.0,0.0,0.08333333333333334,0.0,0.0,0.1111111111111111
20,0.8181818181818181,0.5773502691896258,0.8333333333333334,0.5,0.3333333333333333,0.7777777777777778
21,1.0,1.0,1.0,1.0,1.0,1.0
22,0.0,0.0,0.0,0.0,0.0,0.2222222222222222
23,0.0,0.0,0.08333333333333334,0.0,0.0,0.1111111111111111
24,0.0,0.0,0.08333333333333334,0.0,0.0,0.1111111111111111
25,0.0,0.0,0.08333333333333334,0.0,0.0,0.1111111111111111
26,0.5,0.31622776601683794,0.25,0.1111111111111111,0.1,0.0
