2,0.7272727272727273,0.6859943405700353,0.608695652173913,0.4545454545454546,0.47058823529411764,0.0
3,0.7272727272727273,0.6859943405700353,0.608695652173913,0.4545454545454546,0.47058823529411764,0.0
4,0.7272727272727273,0.6859943405700353,0.608695652173913,0.4545454545454546,0.47058823529411764,0.0
5,0.7272727272727273,0.6859943405700353,0.608695652173913,0.4545454545454546,0.47058823529411764,0.0
6,0.7272727272727273,0.6859943405700353,0.608695652173913,0.4545454545454546,0.47058823529411764,0.0
7,0.7272727272727273,0.6859943405700353,0.608695652173913,0.4545454545454546,0.47058823529411764,0.0
10,0.7272727272727273,0.6859943405700353,0.608695652173913,0.4545454545454546,0.47058823529411764,0.0
11,0.7272727272727273,0.6859943405700353,0.608695652173913,0.4545454545454546,0.47058823529411764,0.0
12,0.7272727272727273,0.6859943405700353,0.608695652173913,0.4545454545454546,0.47058823529411764,0.0
13,0.7272727272727273,0.6859943405700353,0.608695652173913,0.4545454545454546,0.47058823529411764,0.0
14,0.7272727272727273,0.6859943405700353,0.608695652173913,0.4545454545454546,0.47058823529411764,0.0
15,0.8571428571428572,0.8164965809277261,0.8260869565217391,0.6521739130434783,0.6666666666666666,0.3703703703703703
16,0.8571428571428572,0.8164965809277261,0.8260869565217391,0.6521739130434783,0.6666666666666666,0.3703703703703703
19,0.7272727272727273,0.6859943405700353,0.608695652173913,0.4545454545454546,0.47058823529411764,0.0
20,0.0,0.0,0.19565217391304343,0.0,0.0,0.6666666666666666
22,0.8571428571428572,0.8164965809277261,0.8260869565217391,0.6521739130434783,0.6666666666666666,0.3703703703703703
23,0.8571428571428572,0.8164965809277261,0.8260869565217391,0.6521739130434783,0.6666666666666666,0.3703703703703703
24,0.8571428571428572,0.8164965809277261,0.8260869565217391,0.6521739130434783,0.6666666666666666,0.3703703703703703
26,0.8571428571428572,0.8164965809277261,0.8260869565217391,0.6521739130434783,0.6666666666666666,0.3703703703703703
28,0.7272727272727273,0.6859943405700353,0.608695652173913,0.4545454545454546,0.47058823529411764,0.0
29,0.7272727272727273,0.6859943405700353,0.608695652173913,0.4545454545454546,0.47058823529411764,0.0
30,0.7272727272727273,0.6859943405700353,0.608695652173913,0.4545454545454546,0.47058823529411764,0.0
31,0.7272727272727273,0.6859943405700353,0.608695652173913,0.4545454545454546,0.47058823529411764,0.0
32,0.7272727272727273,0.6859943405700353,0.608695652173913,0.4545454545454546,0.47058823529411764,0.0
33,0.8135593220338984,0.769800358919501,0.7608695652173911,0.576923076923077,0.5925925925925926,0.2592592592592593
34,0.8135593220338984,0.769800358919501,0.7608695652173911,0.576923076923077,0.5925925925925926,0.2592592592592593
37,0.7272727272727273,0.6859943405700353,0.608695652173913,0.4545454545454546,0.47058823529411764,0.0
38,0.0,0.0,0.0,0.0,0.0,1.0
40,0.8135593220338984,0.769800358919501,0.7608695652173911,0.576923076923077,0.5925925925925926,0.2592592592592593
41,0.8135593220338984,0.769800358919501,0.7608695652173911,0.576923076923077,0.5925925925925926,0.2592592592592593
42,0.8135593220338984,0.769800358919501,0.7608695652173911,0.576923076923077,0.5925925925925926,0.2592592592592593
44,0.8135593220338984,0.769800358919501,0.7608695652173911,0.576923076923077,0.5925925925925926,0.2592592592592593
46,0.7272727272727273,0.6859943405700353,0.608695652173913,0.4545454545454546,0.47058823529411764,0.0
47,0.0,0.0,0.19565217391304343,0.0,0.0,0.6666666666666666
49,1.0,1.0,1.0,1.0,1.0,0.6666666666666666
50,0.7272727272727273,0.6859943405700353,0.608695652173913,0.4545454545454546,0.47058823529411764,0.0
