2,0.1525974025974025,1.0,1.0,1.0,1.0,0.0
4,0.1525974025974025,1.0,1.0,1.0,1.0,0.0
6,0.1525974025974025,1.0,1.0,1.0,1.0,0.0
10,0.1525974025974025,1.0,1.0,1.0,1.0,0.0
11,0.1525974025974025,1.0,1.0,1.0,1.0,0.0
12,0.1525974025974025,1.0,1.0,1.0,1.0,0.0
13,0.1525974025974025,1.0,1.0,1.0,1.0,0.0
14,0.1525974025974025,1.0,1.0,1.0,1.0,0.0
15,0.1525974025974025,1.0,1.0,1.0,1.0,0.0
16,0.1525974025974025,1.0,1.0,1.0,1.0,0.0
18,0.0,0.6926129173814739,0.7131147540983606,0.582905982905983,0.7175925925925924,1.0
19,0.0,0.6926129173814739,0.7131147540983606,0.582905982905983,0.7175925925925924,1.0
20,0.0,0.6926129173814739,0.7131147540983606,0.582905982905983,0.7175925925925924,1.0
22,0.1525974025974025,1.0,1.0,1.0,1.0,0.0
23,1.0,0.0,0.0,0.0,0.0,1.0
