3,0.0,0.0,0.0,0.0,0.0,0.0
6,0.0,0.0,0.0,0.0,0.0,0.0
7,0.0,0.0,0.0,0.0,0.0,0.0
8,0.0,0.0,0.0,0.0,0.0,0.0
9,0.0,0.0,0.0,0.0,0.0,0.0
10,0.0,0.0,0.0,0.0,0.0,0.0
12,0.0,0.0,0.0,0.0,0.0,0.0
13,0.0,0.0,0.0,0.0,0.0,0.0
16,1.0,1.0,1.0,1.0,1.0,1.0
17,1.0,1.0,1.0,1.0,1.0,1.0
19,0.0,0.0,0.0,0.0,0.0,0.0
22,1.0,1.0,1.0,1.0,1.0,1.0
23,1.0,1.0,1.0,1.0,1.0,1.0
25,0.0,0.0,0.0,0.0,0.0,0.0
28,0.4666666666666668,0.4530481947531725,0.4999999999999997,0.4285714285714285,0.4375000000000002,0.5
29,0.4666666666666668,0.4530481947531725,0.4999999999999997,0.4285714285714285,0.4375000000000002,0.5
32,0.0,0.0,0.0,0.0,0.0,0.0
