3,0.6481481481481481,0.8304547985373996,1.0,0.37037037037037035,0.41379310344827586,0.0
4,0.6481481481481481,0.8304547985373996,1.0,0.37037037037037035,0.41379310344827586,0.0
6,0.6481481481481481,0.8304547985373996,1.0,0.37037037037037035,0.41379310344827586,0.0
7,0.6481481481481481,0.8304547985373996,1.0,0.37037037037037035,0.41379310344827586,0.0
8,0.6481481481481481,0.8304547985373996,1.0,0.37037037037037035,0.41379310344827586,0.0
9,0.6481481481481481,0.8304547985373996,1.0,0.37037037037037035,0.41379310344827586,0.0
10,0.5555555555555556,0.5129891760425771,0.5128205128205128,0.2631578947368421,0.30000000000000004,0.4499999999999999
11,1.0,1.0,0.8717948717948719,1.0,1.0,0.9500000000000001
13,0.5555555555555556,0.5129891760425771,0.5128205128205128,0.2631578947368421,0.30000000000000004,0.4499999999999999
14,0.0,0.0,0.0,0.0,0.0,1.0
15,0.6140350877192982,0.5590169943749473,0.5897435897435898,0.3125,0.35294117647058826,0.15000000000000008
16,0.0,0.0,0.0,0.0,0.0,1.0
18,0.7446808510638299,0.674199862463242,0.717948717948718,0.45454545454545453,0.5,0.3500000000000001
22,0.6481481481481481,0.8304547985373996,1.0,0.37037037037037035,0.41379310344827586,0.0
24,0.6481481481481481,0.8304547985373996,1.0,0.37037037037037035,0.41379310344827586,0.0
25,0.6481481481481481,0.8304547985373996,1.0,0.37037037037037035,0.41379310344827586,0.0
27,0.6481481481481481,0.8304547985373996,1.0,0.37037037037037035,0.41379310344827586,0.0
28,0.6481481481481481,0.8304547985373996,1.0,0.37037037037037035,0.41379310344827586,0.0
31,0.6481481481481481,0.8304547985373996,1.0,0.37037037037037035,0.41379310344827586,0.0
32,0.6481481481481481,0.8304547985373996,1.0,0.37037037037037035,0.41379310344827586,0.0
33,0.8536585365853657,0.7905694150420948,0.7948717948717949,0.625,0.6666666666666666,0.65
36,0.6481481481481481,0.8304547985373996,1.0,0.37037037037037035,0.41379310344827586,0.0
37,1.0,1.0,0.8717948717948719,1.0,1.0,0.9500000000000001
39,0.4794520547945205,0.45643546458763845,0.3846153846153847,0.20833333333333331,0.24000000000000002,0.9500000000000001
42,0.6481481481481481,0.8304547985373996,1.0,0.37037037037037035,0.41379310344827586,0.0
