2,0.44093007573399695,1.0,1.0,1.0,1.0,0.0
5,0.44093007573399695,1.0,1.0,1.0,1.0,0.0
6,0.44093007573399695,1.0,1.0,1.0,1.0,0.0
7,0.44093007573399695,1.0,1.0,1.0,1.0,0.0
8,0.44093007573399695,1.0,1.0,1.0,1.0,0.0
9,0.0,0.3984835535104023,0.316267942583732,0.07689747672533748,0.3350829815915671,0.9999999999999996
11,0.8425640949393116,0.6293569836068443,0.5110047846889951,0.17105478331970567,0.5552270015951102,1.0
12,0.44093007573399695,1.0,1.0,1.0,1.0,0.0
13,0.3595251890478519,0.8694569327830312,0.8272727272727273,0.46269828291087495,0.8389584250581799,0.33807829181494725
15,1.0,0.0,0.0,0.0,0.0,0.33807829181494664
16,0.44093007573399695,1.0,1.0,1.0,1.0,0.0
17,0.44093007573399695,1.0,1.0,1.0,1.0,0.0
