2,0,1.0,1.0,1.0,1.0,1.0
4,0,1.0,1.0,1.0,1.0,1.0
6,0,1.0,1.0,1.0,1.0,1.0
7,0,1.0,1.0,1.0,1.0,1.0
8,0,1.0,1.0,1.0,1.0,1.0
9,0,1.0,1.0,1.0,1.0,1.0
11,0,1.0,1.0,1.0,1.0,1.0
12,0,1.0,1.0,1.0,1.0,1.0
15,0,1.0,1.0,1.0,1.0,1.0
17,0,0.8122589038539589,0.7894736842105263,0.2032258064516129,0.7894736842105263,0.7894736842105263
18,0,0.8122589038539589,0.7894736842105263,0.2032258064516129,0.7894736842105263,0.7894736842105263
21,0,1.0,1.0,1.0,1.0,1.0
23,0,0.0,0.0,0.0,0.0,0.0
26,0,1.0,1.0,1.0,1.0,1.0
28,0,1.0,1.0,1.0,1.0,1.0
29,0,1.0,1.0,1.0,1.0,1.0
31,0,1.0,1.0,1.0,1.0,1.0
33,0,0.7637984444549255,0.7368421052631579,0.15174193548387097,0.7368421052631579,0.7368421052631579
34,0,0.7637984444549255,0.7368421052631579,0.15174193548387097,0.7368421052631579,0.7368421052631579
37,0,1.0,1.0,1.0,1.0,1.0
39,0,0.23759197546734726,0.21052631578947367,0.014451612903225807,0.2105263157894737,0.2105263157894737
43,0,1.0,1.0,1.0,1.0,1.0
44,0,1.0,1.0,1.0,1.0,1.0
