2,0.8687782805429864,0.9356417305679143,0.9642857142857144,0.8400000000000001,0.8799999999999999,0.36363636363636376
4,0.8687782805429864,0.9356417305679143,0.9642857142857144,0.8400000000000001,0.8799999999999999,0.36363636363636376
6,0.7521367521367521,0.8788601922308503,0.9285714285714287,0.7155555555555555,0.7784615384615385,0.0
9,0.7521367521367521,0.8788601922308503,0.9285714285714287,0.7155555555555555,0.7784615384615385,0.0
10,0.7521367521367521,0.8788601922308503,0.9285714285714287,0.7155555555555555,0.7784615384615385,0.0
12,0.7521367521367521,0.8788601922308503,0.9285714285714287,0.7155555555555555,0.7784615384615385,0.0
13,0.7521367521367521,0.8788601922308503,0.9285714285714287,0.7155555555555555,0.7784615384615385,0.0
14,0.7521367521367521,0.8788601922308503,0.9285714285714287,0.7155555555555555,0.7784615384615385,0.0
15,0.7521367521367521,0.8788601922308503,0.9285714285714287,0.7155555555555555,0.7784615384615385,0.0
16,0.7521367521367521,0.8788601922308503,0.9285714285714287,0.7155555555555555,0.7784615384615385,0.0
17,0.7521367521367521,0.8788601922308503,0.9285714285714287,0.7155555555555555,0.7784615384615385,0.0
19,1.0,1.0,1.0,1.0,1.0,0.7272727272727272
20,1.0,1.0,1.0,1.0,1.0,0.7272727272727272
23,0.7521367521367521,0.8788601922308503,0.9285714285714287,0.7155555555555555,0.7784615384615385,0.0
24,0.0,0.0,0.0,0.0,0.0,1.0
25,0.7521367521367521,0.8788601922308503,0.9285714285714287,0.7155555555555555,0.7784615384615385,0.0
26,0.7521367521367521,0.8788601922308503,0.9285714285714287,0.7155555555555555,0.7784615384615385,0.0
