5,0.6,0.4714045207910317,0.30000000000000004,0.2,0.2222222222222222,0.0
8,0.6,0.4714045207910317,0.30000000000000004,0.2,0.2222222222222222,0.0
9,0.6,0.4714045207910317,0.30000000000000004,0.2,0.2222222222222222,0.0
10,0.608695652173913,0.47809144373375745,0.325,0.2058823529411765,0.22857142857142856,0.035714285714285726
11,0.608695652173913,0.47809144373375745,0.325,0.2058823529411765,0.22857142857142856,0.035714285714285726
12,0.608695652173913,0.47809144373375745,0.325,0.2058823529411765,0.22857142857142856,0.035714285714285726
14,0.6,0.4714045207910317,0.30000000000000004,0.2,0.2222222222222222,0.0
16,0.608695652173913,0.47809144373375745,0.325,0.2058823529411765,0.22857142857142856,0.035714285714285726
17,0.608695652173913,0.47809144373375745,0.325,0.2058823529411765,0.22857142857142856,0.035714285714285726
19,0.0,0.0,0.05000000000000002,0.0,0.0,0.3214285714285714
20,0.0,0.0,0.05000000000000002,0.0,0.0,0.3214285714285714
22,0.8399999999999999,0.7071067811865476,0.7999999999999999,0.4666666666666667,0.5,0.7142857142857142
23,0.8399999999999999,0.7071067811865476,0.7999999999999999,0.4666666666666667,0.5,0.7142857142857142
25,0.9767441860465116,0.9428090415820634,0.9750000000000001,0.875,0.8888888888888888,0.9642857142857143
26,0.9767441860465116,0.9428090415820634,0.9750000000000001,0.875,0.8888888888888888,0.9642857142857143
28,0.0,0.0,0.07500000000000002,0.0,0.0,0.2857142857142857
29,0.0,0.0,0.07500000000000002,0.0,0.0,0.2857142857142857
31,0.9767441860465116,0.9428090415820634,0.9750000000000001,0.875,0.8888888888888888,0.9642857142857143
32,0.9767441860465116,0.9428090415820634,0.9750000000000001,0.875,0.8888888888888888,0.9642857142857143
34,0.9767441860465116,0.9428090415820634,0.9750000000000001,0.875,0.8888888888888888,0.9642857142857143
35,0.9767441860465116,0.9428090415820634,0.9750000000000001,0.875,0.8888888888888888,0.9642857142857143
37,1.0,1.0,1.0,1.0,1.0,1.0
38,1.0,1.0,1.0,1.0,1.0,1.0
40,0.0,0.0,0.10000000000000002,0.0,0.0,0.25
41,0.0,0.0,0.10000000000000002,0.0,0.0,0.25
43,0.0,0.0,0.10000000000000002,0.0,0.0,0.25
44,0.0,0.0,0.10000000000000002,0.0,0.0,0.25
46,0.0,0.0,0.0,0.0,0.0,0.39285714285714285
47,0.0,0.0,0.0,0.0,0.0,0.39285714285714285
49,0.608695652173913,0.47809144373375745,0.325,0.2058823529411765,0.22857142857142856,0.035714285714285726
