17,0.07983193277310918,1.0,1.0,1.0,1.0,0.0
30,0.07983193277310918,1.0,1.0,1.0,1.0,0.0
35,0.07983193277310918,1.0,1.0,1.0,1.0,0.0
36,0.07983193277310918,1.0,1.0,1.0,1.0,0.0
37,0.07983193277310918,1.0,1.0,1.0,1.0,0.0
39,0.07983193277310918,1.0,1.0,1.0,1.0,0.0
41,0.07983193277310918,1.0,1.0,1.0,1.0,0.0
43,1.0,0.0,0.0,0.0,0.0,0.26315789473684215
47,0.0631016042780748,0.9661026648438903,0.9616087751371115,0.9161490683229815,0.9619565217391304,0.26315789473684204
49,0.0631016042780748,0.9661026648438903,0.9616087751371115,0.9161490683229815,0.9619565217391304,0.26315789473684204
50,0.0631016042780748,0.9661026648438903,0.9616087751371115,0.9161490683229815,0.9619565217391304,0.26315789473684204
51,0.0631016042780748,0.9661026648438903,0.9616087751371115,0.9161490683229815,0.9619565217391304,0.26315789473684204
52,0.0,0.7522656392813969,0.6983546617915904,0.5597826086956522,0.7463768115942028,1.0
54,0.0631016042780748,0.9661026648438903,0.9616087751371115,0.9161490683229815,0.9619565217391304,0.26315789473684204
55,0.0631016042780748,0.9661026648438903,0.9616087751371115,0.9161490683229815,0.9619565217391304,0.26315789473684204
57,0.0631016042780748,0.9661026648438903,0.9616087751371115,0.9161490683229815,0.9619565217391304,0.26315789473684204
60,0.0631016042780748,0.9661026648438903,0.9616087751371115,0.9161490683229815,0.9619565217391304,0.26315789473684204
61,0.0,0.7522656392813969,0.6983546617915904,0.5597826086956522,0.7463768115942028,1.0
62,0.0631016042780748,0.9661026648438903,0.9616087751371115,0.9161490683229815,0.9619565217391304,0.26315789473684204
65,0.07983193277310918,1.0,1.0,1.0,1.0,0.0
