3,0.6927887434043386,1.0,1.0,0.9679300291545189,0.9761328260117608,0.0
8,0.6927887434043386,1.0,1.0,0.9679300291545189,0.9761328260117608,0.0
9,0.6927887434043386,1.0,1.0,0.9679300291545189,0.9761328260117608,0.0
10,0.6927887434043386,1.0,1.0,0.9679300291545189,0.9761328260117608,0.0
11,0.6927887434043386,1.0,1.0,0.9679300291545189,0.9761328260117608,0.0
12,0.6927887434043386,1.0,1.0,0.9679300291545189,0.9761328260117608,0.0
13,0.6927887434043386,1.0,1.0,0.9679300291545189,0.9761328260117608,0.0
14,0.0,0.0,0.0,0.0,0.0,0.45801526717557245
15,0.6927887434043386,1.0,1.0,0.9679300291545189,0.9761328260117608,0.0
16,1.0,0.8426857053979174,0.5766871165644171,1.0,1.0,1.0
18,0.38985024420221887,0.46831428557998994,0.36656441717791405,0.4163265306122449,0.4914965986394558,1.0
19,0.6927887434043386,1.0,1.0,0.9679300291545189,0.9761328260117608,0.0
20,0.563017583664209,0.6229750965343007,0.49693251533742333,0.5906362545018007,0.6616041765543428,0.4885496183206107
22,0.8678090575275401,0.683847285679586,0.44631901840490795,0.7395918367346939,0.7937538651824367,0.4885496183206107
23,0.6927887434043386,1.0,1.0,0.9679300291545189,0.9761328260117608,0.0
