4,0.0,0.0,0.0,0.0,0.0,0.0
6,0.0,0.0,0.0,0.0,0.0,0.0
7,0.0,0.0,0.0,0.0,0.0,0.0
8,1.0,1.0,1.0,1.0,1.0,1.0
10,0.08656716417910477,0.08027935313410484,0.1000000000000004,0.07272727272727283,0.07428571428571432,0.10000000000000003
13,0.0,0.0,0.0,0.0,0.0,0.0
15,0.0,0.0,0.0,0.0,0.0,0.0
16,0.7733333333333337,0.7577579832902549,0.8,0.7384615384615388,0.7428571428571425,0.8000000000000003
18,0.0,0.0,0.0,0.0,0.0,0.0
21,0.0,0.0,0.0,0.0,0.0,0.0
23,0.0,0.0,0.0,0.0,0.0,0.0
28,0.0,0.0,0.0,0.0,0.0,0.0
29,0.0,0.0,0.0,0.0,0.0,0.0
31,0.0,0.0,0.0,0.0,0.0,0.0
32,0.0,0.0,0.0,0.0,0.0,0.0
33,0.0,0.0,0.0,0.0,0.0,0.0
34,1.0,1.0,1.0,1.0,1.0,1.0
35,0.0,0.0,0.0,0.0,0.0,0.0
36,0.7733333333333337,0.7577579832902549,0.8,0.7384615384615388,0.7428571428571425,0.8000000000000003
37,0.0,0.0,0.0,0.0,0.0,0.0
40,0.0,0.0,0.0,0.0,0.0,0.0
