6,0,1.0,1.0,1.0,1.0,1.0
8,0,1.0,1.0,1.0,1.0,1.0
9,0,1.0,1.0,1.0,1.0,1.0
11,0,0.914213562373095,0.875,0.8873239436619719,0.8749999999999999,0.8749999999999999
12,0,0.914213562373095,0.875,0.8873239436619719,0.8749999999999999,0.8749999999999999
13,0,0.914213562373095,0.875,0.8873239436619719,0.8749999999999999,0.8749999999999999
15,0,0.914213562373095,0.875,0.8873239436619719,0.8749999999999999,0.8749999999999999
16,0,0.914213562373095,0.875,0.8873239436619719,0.8749999999999999,0.8749999999999999
17,0,0.914213562373095,0.875,0.8873239436619719,0.8749999999999999,0.8749999999999999
20,0,1.0,1.0,1.0,1.0,1.0
21,0,0.914213562373095,0.875,0.8873239436619719,0.8749999999999999,0.8749999999999999
22,0,1.0,1.0,1.0,1.0,1.0
23,0,0.914213562373095,0.875,0.8873239436619719,0.8749999999999999,0.8749999999999999
24,0,1.0,1.0,1.0,1.0,1.0
26,0,1.0,1.0,1.0,1.0,1.0
28,0,1.0,1.0,1.0,1.0,1.0
29,0,1.0,1.0,1.0,1.0,1.0
30,0,1.0,1.0,1.0,1.0,1.0
31,0,1.0,1.0,1.0,1.0,1.0
32,0,1.0,1.0,1.0,1.0,1.0
33,0,1.0,1.0,1.0,1.0,1.0
34,0,1.0,1.0,1.0,1.0,1.0
36,0,1.0,1.0,1.0,1.0,1.0
37,0,1.0,1.0,1.0,1.0,1.0
38,0,1.0,1.0,1.0,1.0,1.0
39,0,0.0,0.0,0.0,0.0,0.0
41,0,1.0,1.0,1.0,1.0,1.0
42,0,1.0,1.0,1.0,1.0,1.0
