4,0.0,0.18477990035191205,0.9444444444444442,0.0,0.0,0.0
6,0.0,0.18477990035191205,0.9444444444444442,0.0,0.0,0.0
7,0.0,0.18477990035191205,0.9444444444444442,0.0,0.0,0.0
8,0.0,0.18477990035191205,0.9444444444444442,0.0,0.0,0.0
10,0.0,0.18477990035191205,0.9444444444444442,0.0,0.0,0.0
11,0.0,0.18477990035191205,0.9444444444444442,0.0,0.0,0.0
12,0.0,0.18477990035191205,0.9444444444444442,0.0,0.0,0.0
13,0.0,0.18477990035191205,0.9444444444444442,0.0,0.0,0.0
15,0.0,0.18477990035191205,0.9444444444444442,0.0,0.0,0.0
16,0.0,0.18477990035191205,0.9444444444444442,0.0,0.0,0.0
17,0.34784810126582305,1.0,1.0,0.8893280632411067,0.9030100334448147,0.5696202531645571
18,0.34784810126582305,1.0,1.0,0.8893280632411067,0.9030100334448147,0.5696202531645571
19,0.5342078090940378,0.8824450193949371,0.7592592592592592,1.0,1.0,0.7721518987341772
20,1.0,0.0,0.0,0.45893719806763333,0.4956521739130436,1.0
22,0.34784810126582305,1.0,1.0,0.8893280632411067,0.9030100334448147,0.5696202531645571
26,0.0,0.18477990035191205,0.9444444444444442,0.0,0.0,0.0
29,0.0,0.18477990035191205,0.9444444444444442,0.0,0.0,0.0
30,0.0,0.18477990035191205,0.9444444444444442,0.0,0.0,0.0
31,0.0,0.18477990035191205,0.9444444444444442,0.0,0.0,0.0
32,0.0,0.18477990035191205,0.9444444444444442,0.0,0.0,0.0
33,0.0,0.18477990035191205,0.9444444444444442,0.0,0.0,0.0
34,0.0,0.18477990035191205,0.9444444444444442,0.0,0.0,0.0
37,0.0,0.18477990035191205,0.9444444444444442,0.0,0.0,0.0
38,0.0,0.18477990035191205,0.9444444444444442,0.0,0.0,0.0
