2,0.7445652173913044,0.9422075684480657,0.9777327935222673,0.6195652173913043,0.6428571428571429,0.0
5,0.7445652173913044,0.9422075684480657,0.9777327935222673,0.6195652173913043,0.6428571428571429,0.0
6,0.7445652173913044,0.9422075684480657,0.9777327935222673,0.6195652173913043,0.6428571428571429,0.0
7,0.7445652173913044,0.9422075684480657,0.9777327935222673,0.6195652173913043,0.6428571428571429,0.0
8,0.7696629213483146,0.9724464889715237,0.9898785425101214,0.6627906976744187,0.6847826086956522,0.35294117647058804
9,0.7696629213483146,0.9724464889715237,0.9898785425101214,0.6627906976744187,0.6847826086956522,0.35294117647058804
10,0.7696629213483146,0.9724464889715237,0.9898785425101214,0.6627906976744187,0.6847826086956522,0.35294117647058804
11,0.791907514450867,1.0,1.0,0.7037037037037037,0.7241379310344828,0.6470588235294117
12,0.8353658536585366,0.6097498436202111,0.36234817813765186,0.6785714285714286,0.7000000000000001,0.392156862745098
14,0.7061855670103093,0.73282810879294,0.6497975708502024,0.5428571428571428,0.5675675675675677,0.392156862745098
16,0.7465940054495913,0.7712793235085426,0.6639676113360324,0.6031746031746031,0.6268656716417911,0.019607843137254992
19,0.7527472527472527,0.7772815877574014,0.6659919028340081,0.6129032258064516,0.6363636363636365,0.07843137254901936
20,0.7527472527472527,0.7772815877574014,0.6659919028340081,0.6129032258064516,0.6363636363636365,0.07843137254901936
22,0.7696629213483146,0.6876235066928136,0.5121457489878543,0.6195652173913043,0.6428571428571429,0.17647058823529402
24,0.6849999999999999,0.5043668951391247,0.33805668016194335,0.47500000000000003,0.5,0.31372549019607865
25,0.6849999999999999,0.5043668951391247,0.33805668016194335,0.47500000000000003,0.5,0.31372549019607865
29,0.6849999999999999,0.5043668951391247,0.33805668016194335,0.47500000000000003,0.5,0.31372549019607865
31,0.6919191919191918,0.6232117273791126,0.49190283400809715,0.5089285714285714,0.5338983050847458,0.411764705882353
32,0.6989795918367349,0.6288517674735005,0.4939271255060729,0.5181818181818182,0.5431034482758621,0.35294117647058804
33,0.7287234042553192,0.5332107702308685,0.34615384615384615,0.5277777777777778,0.5526315789473685,0.07843137254901966
34,1.0,0.7540739028638986,0.38056680161943324,1.0,1.0,0.9215686274509803
36,0.0,0.0,0.0,0.0,0.0,1.0
38,0.845679012345679,0.7565503427086869,0.5283400809716599,0.75,0.7682926829268293,0.6470588235294117
40,0.6116071428571428,0.32414882965717456,0.17813765182186236,0.35185185185185186,0.375,0.39215686274509814
42,0.0,0.0,0.012145748987854251,0.0,0.0,0.6470588235294118
43,0.0,0.0,0.012145748987854251,0.0,0.0,0.6470588235294118
45,0.8670886075949368,0.44876373392787544,0.20040485829959515,0.59375,0.6176470588235294,0.25490196078431365
47,0.9013157894736843,0.4687184332805461,0.20242914979757085,0.6333333333333334,0.65625,0.3137254901960784
48,0.9013157894736843,0.4687184332805461,0.20242914979757085,0.6333333333333334,0.65625,0.3137254901960784
49,0.9013157894736843,0.4687184332805461,0.20242914979757085,0.6333333333333334,0.65625,0.3137254901960784
50,0.0,0.0,0.03441295546558705,0.0,0.0,0.0
52,0.8670886075949368,0.44876373392787544,0.20040485829959515,0.59375,0.6176470588235294,0.25490196078431365
54,0.9013157894736843,0.4687184332805461,0.20242914979757085,0.6333333333333334,0.65625,0.3137254901960784
55,0.9013157894736843,0.4687184332805461,0.20242914979757085,0.6333333333333334,0.65625,0.3137254901960784
58,0.7731376975169302,0.8916031293971984,0.8319838056680162,0.6597222222222223,0.6818181818181818,0.33333333333333365
59,0.7731376975169302,0.8916031293971984,0.8319838056680162,0.6597222222222223,0.6818181818181818,0.33333333333333365
