4,0.0,1.0,1.0,1.0,1.0,0.0
6,0.0,1.0,1.0,1.0,1.0,0.0
7,0.0,1.0,1.0,1.0,1.0,0.0
9,0.0,1.0,1.0,1.0,1.0,0.0
10,0.0,1.0,1.0,1.0,1.0,0.0
12,0.0,1.0,1.0,1.0,1.0,0.0
14,0.0,1.0,1.0,1.0,1.0,0.0
15,0.0,1.0,1.0,1.0,1.0,0.0
17,0.0,1.0,1.0,1.0,1.0,0.0
19,1.0,0.921115391109809,0.7499999999999997,0.8823529411764706,0.9411764705882355,1.0
21,1.0,0.921115391109809,0.7499999999999997,0.8823529411764706,0.9411764705882355,1.0
23,1.0,0.921115391109809,0.7499999999999997,0.8823529411764706,0.9411764705882355,1.0
24,0.87719298245614,0.4706936569070459,0.37499999999999983,0.29411764705882354,0.47058823529411814,0.8333333333333331
26,1.0,0.921115391109809,0.7499999999999997,0.8823529411764706,0.9411764705882355,1.0
27,1.0,0.921115391109809,0.7499999999999997,0.8823529411764706,0.9411764705882355,1.0
30,1.0,0.921115391109809,0.7499999999999997,0.8823529411764706,0.9411764705882355,1.0
31,0.7407407407407409,0.0,0.0,0.0,0.0,0.6666666666666666
32,1.0,0.921115391109809,0.7499999999999997,0.8823529411764706,0.9411764705882355,1.0
35,0.0,1.0,1.0,1.0,1.0,0.0
36,0.0,1.0,1.0,1.0,1.0,0.0
37,0.0,1.0,1.0,1.0,1.0,0.0
40,0.0,1.0,1.0,1.0,1.0,0.0
