2,0.5,0.801783725737273,1.0,0.40909090909090906,0.5357142857142857,0.0
5,0.5,0.801783725737273,1.0,0.40909090909090906,0.5357142857142857,0.0
7,0.5,0.801783725737273,1.0,0.40909090909090906,0.5357142857142857,0.0
9,0.7857142857142857,1.0,0.7647058823529412,1.0,1.0,0.9999999999999998
10,0.7857142857142857,1.0,0.7647058823529412,1.0,1.0,0.9999999999999998
12,1.0,1.0,0.411764705882353,0.75,0.8333333333333333,0.6874999999999999
13,0.7857142857142857,0.7071067811865476,0.39495798319327735,0.5,0.625,0.4999999999999999
14,0.0,0.0,0.025210084033613446,0.0,0.0,0.0
15,0.0,0.0,0.008403361344537815,0.0,0.0,0.18749999999999997
20,0.28947368421052627,0.3162277660168379,0.2605042016806723,0.13636363636363638,0.20833333333333331,1.0
21,0.28947368421052627,0.3162277660168379,0.2605042016806723,0.13636363636363638,0.20833333333333331,1.0
23,0.0,0.0,0.025210084033613446,0.0,0.0,0.0
24,0.0,0.0,0.025210084033613446,0.0,0.0,0.0
25,0.0,0.0,0.025210084033613446,0.0,0.0,0.0
26,0.0,0.0,0.025210084033613446,0.0,0.0,0.0
28,0.0,0.0,0.0,0.0,0.0,0.28124999999999994
29,0.0,0.0,0.025210084033613446,0.0,0.0,0.0
30,0.0,0.0,0.008403361344537815,0.0,0.0,0.18749999999999997
31,0.4230769230769231,0.2886751345948128,0.17647058823529413,0.15000000000000002,0.22727272727272727,0.12499999999999999
33,0.7857142857142857,0.5,0.21008403361344538,0.25,0.3571428571428571,0.24999999999999994
34,0.0,0.0,0.025210084033613446,0.0,0.0,0.0
35,0.0,0.0,0.025210084033613446,0.0,0.0,0.0
36,0.0,0.0,0.01680672268907563,0.0,0.0,0.09374999999999999
38,0.0,0.0,0.008403361344537815,0.0,0.0,0.18749999999999997
39,0.0,0.0,0.008403361344537815,0.0,0.0,0.18749999999999997
40,0.0,0.0,0.025210084033613446,0.0,0.0,0.0
41,0.0,0.0,0.008403361344537815,0.0,0.0,0.18749999999999997
45,0.5,0.801783725737273,1.0,0.40909090909090906,0.5357142857142857,0.0
