2,0.07542579075425794,0.2443420336765104,0.3595505617977529,0.08448275862068967,0.10606060606060606,0.8333333333333335
4,0.07542579075425794,0.2443420336765104,0.3595505617977529,0.08448275862068967,0.10606060606060606,0.8333333333333335
5,0.07542579075425794,0.2443420336765104,0.3595505617977529,0.08448275862068967,0.10606060606060606,0.8333333333333335
7,0.07542579075425794,0.2443420336765104,0.3595505617977529,0.08448275862068967,0.10606060606060606,0.8333333333333335
9,0.24603174603174605,0.7822655773580136,1.0,0.325,0.3823529411764707,0.0
12,0.24603174603174605,0.7822655773580136,1.0,0.325,0.3823529411764707,0.0
13,0.24603174603174605,0.7822655773580136,1.0,0.325,0.3823529411764707,0.0
15,0.0,0.0,0.06741573033707872,0.0,0.0,0.9999999999999999
19,0.7654320987654323,0.9639610121239311,0.29213483146067426,1.0,1.0,1.0
21,0.24603174603174605,0.7822655773580136,1.0,0.325,0.3823529411764707,0.0
22,0.24603174603174605,0.7822655773580136,1.0,0.325,0.3823529411764707,0.0
23,0.24603174603174605,0.7822655773580136,1.0,0.325,0.3823529411764707,0.0
24,0.24603174603174605,0.7822655773580136,1.0,0.325,0.3823529411764707,0.0
25,0.24603174603174605,0.7822655773580136,1.0,0.325,0.3823529411764707,0.0
26,1.0,1.0,0.0,0.9100000000000001,0.9285714285714285,0.8333333333333333
29,0.07542579075425794,0.2443420336765104,0.3595505617977529,0.08448275862068967,0.10606060606060606,0.8333333333333335
30,0.07542579075425794,0.2443420336765104,0.3595505617977529,0.08448275862068967,0.10606060606060606,0.8333333333333335
31,0.07542579075425794,0.2443420336765104,0.3595505617977529,0.08448275862068967,0.10606060606060606,0.8333333333333335
32,0.07542579075425794,0.2443420336765104,0.3595505617977529,0.08448275862068967,0.10606060606060606,0.8333333333333335
33,0.24603174603174605,0.7822655773580136,1.0,0.325,0.3823529411764707,0.0
