22,0.29322638146167557,0.9496787441931948,0.9875,0.8120748299319729,0.9321206743566991,0.0
23,0.29322638146167557,0.9496787441931948,0.9875,0.8120748299319729,0.9321206743566991,0.0
24,0.29322638146167557,0.9496787441931948,0.9875,0.8120748299319729,0.9321206743566991,0.0
25,0.29322638146167557,0.9496787441931948,0.9875,0.8120748299319729,0.9321206743566991,0.0
26,0.29322638146167557,0.9496787441931948,0.9875,0.8120748299319729,0.9321206743566991,0.0
27,0.29322638146167557,0.9496787441931948,0.9875,0.8120748299319729,0.9321206743566991,0.0
28,0.29322638146167557,0.9496787441931948,0.9875,0.8120748299319729,0.9321206743566991,0.0
29,0.29322638146167557,0.9496787441931948,0.9875,0.8120748299319729,0.9321206743566991,0.0
30,0.29322638146167557,0.9496787441931948,0.9875,0.8120748299319729,0.9321206743566991,0.0
31,0.29322638146167557,0.9496787441931948,0.9875,0.8120748299319729,0.9321206743566991,0.0
32,0.0816444701795021,0.549015993027575,0.5625000000000002,0.27040816326530615,0.5408163265306122,0.7647058823529413
33,0.29322638146167557,0.9496787441931948,0.9875,0.8120748299319729,0.9321206743566991,0.0
34,0.0816444701795021,0.549015993027575,0.5625000000000002,0.27040816326530615,0.5408163265306122,0.7647058823529413
35,0.29322638146167557,0.9496787441931948,0.9875,0.8120748299319729,0.9321206743566991,0.0
36,0.0459433040078201,0.10886564979876487,0.15000000000000002,0.05102040816326529,0.14591836734693872,0.5294117647058826
37,0.29322638146167557,0.9496787441931948,0.9875,0.8120748299319729,0.9321206743566991,0.0
38,0.0,0.28734072914693937,0.3125000000000001,0.1211734693877551,0.30466472303206993,0.8235294117647058
39,0.29322638146167557,0.9496787441931948,0.9875,0.8120748299319729,0.9321206743566991,0.0
40,0.0816444701795021,0.549015993027575,0.5625000000000002,0.27040816326530615,0.5408163265306122,0.7647058823529413
41,0.0816444701795021,0.549015993027575,0.5625000000000002,0.27040816326530615,0.5408163265306122,0.7647058823529413
43,0.5255226057365092,1.0,1.0,1.0,1.0,1.0
45,1.0,0.0,0.0,0.0,0.0,0.7647058823529415
