3,0.8414634146341464,1.0,1.0,1.0,1.0,0.0
6,0.8414634146341464,1.0,1.0,1.0,1.0,0.0
7,0.8414634146341464,1.0,1.0,1.0,1.0,0.0
9,0.8929411764705881,0.7530236354962733,0.5289940828402366,0.7405582922824302,0.811904761904762,0.3823529411764705
11,0.0,0.0,0.0,0.0,0.0,0.6176470588235293
13,0.9908616187989556,0.8088771388231942,0.5337278106508875,0.8590476190476191,0.9021164021164022,1.0
15,1.0,0.42515646236733995,0.14911242603550295,0.2662337662337662,0.3542857142857143,0.2867647058823528
18,0.9874776386404293,0.6881604933024768,0.3893491124260355,0.6507936507936507,0.7380952380952381,0.7132352941176466
21,0.7912844036697246,0.6628290908130978,0.47573964497041416,0.5916305916305916,0.6866002214839424,0.3823529411764709
23,0.8414634146341464,1.0,1.0,1.0,1.0,0.0
