5,0.8653846153846154,0.9431566572433958,0.9696969696969696,0.8484848484848485,0.8951048951048951,0.0
9,0.8653846153846154,0.9431566572433958,0.9696969696969696,0.8484848484848485,0.8951048951048951,0.0
10,0.8653846153846154,0.9431566572433958,0.9696969696969696,0.8484848484848485,0.8951048951048951,0.0
15,0.8653846153846154,0.9431566572433958,0.9696969696969696,0.8484848484848485,0.8951048951048951,0.0
17,0.8653846153846154,0.9431566572433958,0.9696969696969696,0.8484848484848485,0.8951048951048951,0.0
18,0.8653846153846154,0.9431566572433958,0.9696969696969696,0.8484848484848485,0.8951048951048951,0.0
20,0.8653846153846154,0.9431566572433958,0.9696969696969696,0.8484848484848485,0.8951048951048951,0.0
22,0.8653846153846154,0.9431566572433958,0.9696969696969696,0.8484848484848485,0.8951048951048951,0.0
25,0.8653846153846154,0.9431566572433958,0.9696969696969696,0.8484848484848485,0.8951048951048951,0.0
27,0.8653846153846154,0.9431566572433958,0.9696969696969696,0.8484848484848485,0.8951048951048951,0.0
31,0.8653846153846154,0.9431566572433958,0.9696969696969696,0.8484848484848485,0.8951048951048951,0.0
32,0.8653846153846154,0.9431566572433958,0.9696969696969696,0.8484848484848485,0.8951048951048951,0.0
34,0.8653846153846154,0.9431566572433958,0.9696969696969696,0.8484848484848485,0.8951048951048951,0.0
36,0.9305210918114144,0.44893657931039094,0.30303030303030304,0.3535353535353535,0.45454545454545453,0.08333333333333341
37,0.9305210918114144,0.44893657931039094,0.30303030303030304,0.3535353535353535,0.45454545454545453,0.08333333333333341
39,1.0,1.0,1.0,1.0,1.0,0.4166666666666667
40,1.0,1.0,1.0,1.0,1.0,0.4166666666666667
42,1.0,1.0,1.0,1.0,1.0,0.4166666666666667
43,0.0,0.0,0.0,0.0,0.0,1.0
49,0.8653846153846154,0.9431566572433958,0.9696969696969696,0.8484848484848485,0.8951048951048951,0.0
50,0.8653846153846154,0.9431566572433958,0.9696969696969696,0.8484848484848485,0.8951048951048951,0.0
