4,0.5740740740740741,0.4548588261473419,0.6666666666666666,0.14814814814814814,0.20689655172413793,0.0
6,0.5740740740740741,0.4548588261473419,0.6666666666666666,0.14814814814814814,0.20689655172413793,0.0
7,0.5740740740740741,0.4548588261473419,0.6666666666666666,0.14814814814814814,0.20689655172413793,0.0
8,0.8378378378378379,0.7071067811865476,0.9130434782608695,0.4,0.5,0.7391304347826088
9,1.0,1.0,1.0,1.0,1.0,1.0
10,1.0,1.0,1.0,1.0,1.0,1.0
11,1.0,1.0,1.0,1.0,1.0,1.0
12,1.0,1.0,1.0,1.0,1.0,1.0
13,1.0,1.0,1.0,1.0,1.0,1.0
14,1.0,1.0,1.0,1.0,1.0,1.0
17,0.0,0.0,0.15942028985507242,0.0,0.0,0.2608695652173913
18,0.0,0.0,0.15942028985507242,0.0,0.0,0.2608695652173913
19,0.0,0.0,0.15942028985507242,0.0,0.0,0.2608695652173913
20,0.0,0.0,0.15942028985507242,0.0,0.0,0.2608695652173913
21,0.0,0.0,0.15942028985507242,0.0,0.0,0.2608695652173913
22,0.0,0.0,0.15942028985507242,0.0,0.0,0.2608695652173913
26,0.0,0.0,0.0,0.0,0.0,0.7391304347826088
27,0.0,0.0,0.10144927536231882,0.0,0.0,0.43478260869565216
28,0.0,0.0,0.10144927536231882,0.0,0.0,0.43478260869565216
29,0.0,0.0,0.10144927536231882,0.0,0.0,0.43478260869565216
30,0.0,0.0,0.10144927536231882,0.0,0.0,0.43478260869565216
31,0.0,0.0,0.10144927536231882,0.0,0.0,0.43478260869565216
32,0.0,0.0,0.10144927536231882,0.0,0.0,0.43478260869565216
35,0.0,0.0,0.14492753623188404,0.0,0.0,0.3043478260869565
36,0.0,0.0,0.14492753623188404,0.0,0.0,0.3043478260869565
37,0.0,0.0,0.14492753623188404,0.0,0.0,0.3043478260869565
38,0.0,0.0,0.14492753623188404,0.0,0.0,0.3043478260869565
39,0.0,0.0,0.14492753623188404,0.0,0.0,0.3043478260869565
40,0.0,0.0,0.14492753623188404,0.0,0.0,0.3043478260869565
43,0.5740740740740741,0.4548588261473419,0.6666666666666666,0.14814814814814814,0.20689655172413793,0.0
44,0.5740740740740741,0.4548588261473419,0.6666666666666666,0.14814814814814814,0.20689655172413793,0.0
