6,0.49242424242424215,1.0,1.0,1.0,1.0,0.0
9,0.49242424242424215,1.0,1.0,1.0,1.0,0.0
11,0.49242424242424215,1.0,1.0,1.0,1.0,0.0
12,0.49242424242424215,1.0,1.0,1.0,1.0,0.0
15,0.49242424242424215,1.0,1.0,1.0,1.0,0.0
16,0.49242424242424215,1.0,1.0,1.0,1.0,0.0
17,0.49242424242424215,1.0,1.0,1.0,1.0,0.0
20,0.49242424242424215,1.0,1.0,1.0,1.0,0.0
21,0.49242424242424215,1.0,1.0,1.0,1.0,0.0
22,1.0,0.06325603526480172,0.019230769230769162,0.3666666666666664,0.3700000000000005,1.0
23,1.0,0.06325603526480172,0.019230769230769162,0.3666666666666664,0.3700000000000005,1.0
27,0.0,0.0,0.0,0.0,0.0,1.0
28,0.0,0.0,0.0,0.0,0.0,1.0
