5,0.5735294117647058,0.41403933560541245,0.3095238095238095,0.14705882352941174,0.17142857142857143,0.0
7,0.5735294117647058,0.41403933560541245,0.3095238095238095,0.14705882352941174,0.17142857142857143,0.0
9,0.5735294117647058,0.41403933560541245,0.3095238095238095,0.14705882352941174,0.17142857142857143,0.0
11,0.5735294117647058,0.41403933560541245,0.3095238095238095,0.14705882352941174,0.17142857142857143,0.0
13,0.5735294117647058,0.41403933560541245,0.3095238095238095,0.14705882352941174,0.17142857142857143,0.0
18,0.5735294117647058,0.41403933560541245,0.3095238095238095,0.14705882352941174,0.17142857142857143,0.0
20,0.5735294117647058,0.41403933560541245,0.3095238095238095,0.14705882352941174,0.17142857142857143,0.0
22,0.0,0.0,0.09523809523809523,0.0,0.0,0.27586206896551724
23,0.0,0.0,0.09523809523809523,0.0,0.0,0.27586206896551724
26,0.5735294117647058,0.41403933560541245,0.3095238095238095,0.14705882352941174,0.17142857142857143,0.0
28,0.0,0.0,0.09523809523809523,0.0,0.0,0.27586206896551724
29,0.0,0.0,0.09523809523809523,0.0,0.0,0.27586206896551724
33,0.65,0.4714045207910316,0.4999999999999999,0.19230769230769232,0.2222222222222222,0.2758620689655173
35,0.65,0.4714045207910316,0.4999999999999999,0.19230769230769232,0.2222222222222222,0.2758620689655173
37,0.0,0.0,0.07142857142857144,0.0,0.0,0.3103448275862069
38,0.0,0.0,0.07142857142857144,0.0,0.0,0.3103448275862069
41,0.65,0.4714045207910316,0.4999999999999999,0.19230769230769232,0.2222222222222222,0.2758620689655173
43,0.0,0.0,0.07142857142857144,0.0,0.0,0.3103448275862069
44,0.0,0.0,0.07142857142857144,0.0,0.0,0.3103448275862069
48,0.7647058823529411,0.5773502691896257,0.7142857142857142,0.2941176470588235,0.3333333333333333,0.5862068965517242
50,0.7647058823529411,0.5773502691896257,0.7142857142857142,0.2941176470588235,0.3333333333333333,0.5862068965517242
52,1.0,1.0,1.0,1.0,1.0,1.0
53,1.0,1.0,1.0,1.0,1.0,1.0
56,0.7647058823529411,0.5773502691896257,0.7142857142857142,0.2941176470588235,0.3333333333333333,0.5862068965517242
58,1.0,1.0,1.0,1.0,1.0,1.0
59,1.0,1.0,1.0,1.0,1.0,1.0
63,0.0,0.0,0.0,0.0,0.0,0.4137931034482759
65,0.0,0.0,0.0,0.0,0.0,0.4137931034482759
67,0.0,0.0,0.21428571428571425,0.0,0.0,0.10344827586206898
68,0.0,0.0,0.21428571428571425,0.0,0.0,0.10344827586206898
71,0.0,0.0,0.0,0.0,0.0,0.4137931034482759
73,0.0,0.0,0.21428571428571425,0.0,0.0,0.10344827586206898
74,0.0,0.0,0.21428571428571425,0.0,0.0,0.10344827586206898
77,0.0,0.0,0.07142857142857144,0.0,0.0,0.3103448275862069
84,0.0,0.0,0.07142857142857144,0.0,0.0,0.3103448275862069
