3,0.7538461538461538,0.7977240352174656,0.7804878048780488,0.5555555555555556,0.6666666666666666,0.058823529411764656
5,0.7538461538461538,0.7977240352174656,0.7804878048780488,0.5555555555555556,0.6666666666666666,0.058823529411764656
6,0.7538461538461538,0.7977240352174656,0.7804878048780488,0.5555555555555556,0.6666666666666666,0.058823529411764656
7,0.7538461538461538,0.7977240352174656,0.7804878048780488,0.5555555555555556,0.6666666666666666,0.058823529411764656
8,0.7538461538461538,0.7977240352174656,0.7804878048780488,0.5555555555555556,0.6666666666666666,0.058823529411764656
10,0.7538461538461538,0.7977240352174656,0.7804878048780488,0.5555555555555556,0.6666666666666666,0.058823529411764656
11,0.7538461538461538,0.7977240352174656,0.7804878048780488,0.5555555555555556,0.6666666666666666,0.058823529411764656
12,0.7538461538461538,0.7977240352174656,0.7804878048780488,0.5555555555555556,0.6666666666666666,0.058823529411764656
13,0.9245283018867925,0.9354143466934852,0.8536585365853658,0.8333333333333334,0.8888888888888888,0.7647058823529412
15,0.0,0.0,0.02439024390243902,0.0,0.0,0.7058823529411764
16,0.0,0.0,0.02439024390243902,0.0,0.0,0.7058823529411764
18,0.7538461538461538,0.7977240352174656,0.7804878048780488,0.5555555555555556,0.6666666666666666,0.058823529411764656
19,1.0,1.0,0.8780487804878048,1.0,1.0,1.0
21,0.0,0.0,0.0,0.0,0.0,0.9411764705882354
22,0.7424242424242424,0.9108400680852975,1.0,0.6060606060606061,0.7111111111111111,0.0
23,0.7424242424242424,0.9108400680852975,1.0,0.6060606060606061,0.7111111111111111,0.0
24,0.7424242424242424,0.9108400680852975,1.0,0.6060606060606061,0.7111111111111111,0.0
25,0.7424242424242424,0.9108400680852975,1.0,0.6060606060606061,0.7111111111111111,0.0
26,0.7424242424242424,0.9108400680852975,1.0,0.6060606060606061,0.7111111111111111,0.0
27,0.7424242424242424,0.9108400680852975,1.0,0.6060606060606061,0.7111111111111111,0.0
28,0.7424242424242424,0.9108400680852975,1.0,0.6060606060606061,0.7111111111111111,0.0
30,0.7424242424242424,0.9108400680852975,1.0,0.6060606060606061,0.7111111111111111,0.0
31,0.7101449275362319,0.44095855184409843,0.31707317073170727,0.2777777777777778,0.38095238095238093,0.058823529411764656
33,0.7538461538461538,0.7977240352174656,0.7804878048780488,0.5555555555555556,0.6666666666666666,0.058823529411764656
34,0.7538461538461538,0.7977240352174656,0.7804878048780488,0.5555555555555556,0.6666666666666666,0.058823529411764656
35,0.7538461538461538,0.7977240352174656,0.7804878048780488,0.5555555555555556,0.6666666666666666,0.058823529411764656
36,0.7538461538461538,0.7977240352174656,0.7804878048780488,0.5555555555555556,0.6666666666666666,0.058823529411764656
37,0.7538461538461538,0.7977240352174656,0.7804878048780488,0.5555555555555556,0.6666666666666666,0.058823529411764656
38,0.7538461538461538,0.7977240352174656,0.7804878048780488,0.5555555555555556,0.6666666666666666,0.058823529411764656
41,0.7424242424242424,0.9108400680852975,1.0,0.6060606060606061,0.7111111111111111,0.0
