4,1.0,1.0,1.0,1.0,1.0,0.0
7,1.0,1.0,1.0,1.0,1.0,0.0
8,1.0,1.0,1.0,1.0,1.0,0.0
9,1.0,1.0,1.0,1.0,1.0,0.0
11,1.0,1.0,1.0,1.0,1.0,0.0
12,1.0,1.0,1.0,1.0,1.0,0.0
13,0.10101010101010209,0.3844401234330322,0.43749999999999994,0.2106481481481481,0.21875000000000003,1.0
14,0.7731520815632975,0.5832332369240947,0.5208333333333331,0.6711956521739129,0.6817129629629629,0.23076923076923056
15,0.7731520815632975,0.5832332369240947,0.5208333333333331,0.6711956521739129,0.6817129629629629,0.23076923076923056
18,1.0,1.0,1.0,1.0,1.0,0.0
20,1.0,1.0,1.0,1.0,1.0,0.0
22,1.0,1.0,1.0,1.0,1.0,0.0
23,0.10101010101010209,0.3844401234330322,0.43749999999999994,0.2106481481481481,0.21875000000000003,1.0
24,0.10101010101010209,0.3844401234330322,0.43749999999999994,0.2106481481481481,0.21875000000000003,1.0
25,0.10101010101010209,0.3844401234330322,0.43749999999999994,0.2106481481481481,0.21875000000000003,1.0
26,0.10101010101010209,0.3844401234330322,0.43749999999999994,0.2106481481481481,0.21875000000000003,1.0
27,0.0,0.0,0.0,0.0,0.0,0.8461538461538467
28,0.0,0.0,0.0,0.0,0.0,0.8461538461538467
31,0.10101010101010209,0.3844401234330322,0.43749999999999994,0.2106481481481481,0.21875000000000003,1.0
32,0.10101010101010209,0.3844401234330322,0.43749999999999994,0.2106481481481481,0.21875000000000003,1.0
33,0.10101010101010209,0.3844401234330322,0.43749999999999994,0.2106481481481481,0.21875000000000003,1.0
36,1.0,1.0,1.0,1.0,1.0,0.0
