10,0.6451612903225806,0.7302967433402214,0.9411764705882354,0.3076923076923077,0.4,0.6250000000000001
12,0.6451612903225806,0.7302967433402214,0.9411764705882354,0.3076923076923077,0.4,0.6250000000000001
15,0.5555555555555556,0.6324555320336759,0.7941176470588236,0.2222222222222222,0.30000000000000004,0.0
17,0.5555555555555556,0.6324555320336759,0.7941176470588236,0.2222222222222222,0.30000000000000004,0.0
18,0.5555555555555556,0.6324555320336759,0.7941176470588236,0.2222222222222222,0.30000000000000004,0.0
21,0.5555555555555556,0.6324555320336759,0.7941176470588236,0.2222222222222222,0.30000000000000004,0.0
23,0.5555555555555556,0.6324555320336759,0.7941176470588236,0.2222222222222222,0.30000000000000004,0.0
25,0.5555555555555556,0.6324555320336759,0.7941176470588236,0.2222222222222222,0.30000000000000004,0.0
27,0.5555555555555556,0.6324555320336759,0.7941176470588236,0.2222222222222222,0.30000000000000004,0.0
29,0.5555555555555556,0.6324555320336759,0.7941176470588236,0.2222222222222222,0.30000000000000004,0.0
30,0.0,0.0,0.20588235294117646,0.0,0.0,0.0
32,0.0,0.0,0.20588235294117646,0.0,0.0,0.0
35,0.5555555555555556,0.6324555320336759,0.7941176470588236,0.2222222222222222,0.30000000000000004,0.0
37,0.5555555555555556,0.6324555320336759,0.7941176470588236,0.2222222222222222,0.30000000000000004,0.0
38,0.6250000000000001,0.7071067811865475,0.9117647058823529,0.2857142857142857,0.375,0.5
40,0.6250000000000001,0.7071067811865475,0.9117647058823529,0.2857142857142857,0.375,0.5
41,0.6250000000000001,0.7071067811865475,0.9117647058823529,0.2857142857142857,0.375,0.5
42,0.6250000000000001,0.7071067811865475,0.9117647058823529,0.2857142857142857,0.375,0.5
43,0.6250000000000001,0.7071067811865475,0.9117647058823529,0.2857142857142857,0.375,0.5
45,0.6250000000000001,0.7071067811865475,0.9117647058823529,0.2857142857142857,0.375,0.5
47,0.6250000000000001,0.5,0.5588235294117647,0.25,0.3333333333333333,0.25
49,0.6250000000000001,0.5,0.5588235294117647,0.25,0.3333333333333333,0.25
54,0.5555555555555556,0.6324555320336759,0.7941176470588236,0.2222222222222222,0.30000000000000004,0.0
55,0.5555555555555556,0.6324555320336759,0.7941176470588236,0.2222222222222222,0.30000000000000004,0.0
56,0.0,0.0,0.0,0.0,0.0,0.8750000000000001
58,0.0,0.0,0.0,0.0,0.0,0.8750000000000001
59,0.6451612903225806,0.7302967433402214,0.9411764705882354,0.3076923076923077,0.4,0.6250000000000001
60,0.6666666666666669,0.7559289460184544,0.9705882352941176,0.3333333333333333,0.42857142857142855,0.7500000000000001
64,0.6896551724137931,0.7844645405527362,1.0,0.36363636363636365,0.46153846153846156,0.8749999999999999
65,1.0,1.0,0.7352941176470589,1.0,1.0,1.0
67,0.5263157894736842,0.42640143271122083,0.47058823529411764,0.18181818181818182,0.25,0.12500000000000006
70,0.6896551724137931,0.7844645405527362,1.0,0.36363636363636365,0.46153846153846156,0.8749999999999999
