3,0.13372319688109133,1.0,1.0,1.0,1.0,0.0
6,0.13372319688109133,1.0,1.0,1.0,1.0,0.0
7,0.13372319688109133,1.0,1.0,1.0,1.0,0.0
9,1.0,0.0,0.0,0.0,0.0,0.7857142857142867
10,1.0,0.0,0.0,0.0,0.0,0.7857142857142867
12,0.052249946683727885,0.9024690286066972,0.8798449612403101,0.8233173076923077,0.9048174048174048,0.785714285714287
14,0.23266856600189872,0.16976994432148745,0.11627906976744186,0.09615384615384616,0.1783216783216783,0.21428571428571414
15,0.23266856600189872,0.16976994432148745,0.11627906976744186,0.09615384615384616,0.1783216783216783,0.21428571428571414
17,0.0,0.712488300477019,0.6434108527131783,0.5656108597285068,0.7264957264957265,1.0
18,0.0,0.712488300477019,0.6434108527131783,0.5656108597285068,0.7264957264957265,1.0
19,0.0,0.712488300477019,0.6434108527131783,0.5656108597285068,0.7264957264957265,1.0
