2,0.9142857142857143,0.9198662110077998,0.9504132231404958,0.8285714285714285,0.8461538461538461,0.0
4,0.9142857142857143,0.9198662110077998,0.9504132231404958,0.8285714285714285,0.8461538461538461,0.0
5,0.9142857142857143,0.9198662110077998,0.9504132231404958,0.8285714285714285,0.8461538461538461,0.0
6,0.9142857142857143,0.9198662110077998,0.9504132231404958,0.8285714285714285,0.8461538461538461,0.0
7,0.9142857142857143,0.9198662110077998,0.9504132231404958,0.8285714285714285,0.8461538461538461,0.0
9,0.9142857142857143,0.9198662110077998,0.9504132231404958,0.8285714285714285,0.8461538461538461,0.0
10,0.9142857142857143,0.9198662110077998,0.9504132231404958,0.8285714285714285,0.8461538461538461,0.0
11,0.9142857142857143,0.9198662110077998,0.9504132231404958,0.8285714285714285,0.8461538461538461,0.0
12,0.8687782805429863,0.7616286004346211,0.7024793388429752,0.7250000000000001,0.75,0.45833333333333365
13,0.8687782805429863,0.7616286004346211,0.7024793388429752,0.7250000000000001,0.75,0.45833333333333365
14,0.8687782805429863,0.7616286004346211,0.7024793388429752,0.7250000000000001,0.75,0.45833333333333365
18,0.9142857142857143,0.9198662110077998,0.9504132231404958,0.8285714285714285,0.8461538461538461,0.0
19,0.9142857142857143,0.9198662110077998,0.9504132231404958,0.8285714285714285,0.8461538461538461,0.0
20,0.9142857142857143,0.9198662110077998,0.9504132231404958,0.8285714285714285,0.8461538461538461,0.0
21,0.9142857142857143,0.9198662110077998,0.9504132231404958,0.8285714285714285,0.8461538461538461,0.0
25,0.9142857142857143,0.9198662110077998,0.9504132231404958,0.8285714285714285,0.8461538461538461,0.0
26,1.0,1.0,1.0,1.0,1.0,0.9999999999999997
28,0.0,0.0,0.0,0.0,0.0,1.0
29,0.9142857142857143,0.9198662110077998,0.9504132231404958,0.8285714285714285,0.8461538461538461,0.0
