26,0,0.0,0.0,0.0,0.0,0.0
28,0,0.0,0.0,0.0,0.0,0.0
31,0,1.0,1.0,1.0,1.0,1.0
34,0,1.0,1.0,1.0,1.0,1.0
35,0,1.0,1.0,1.0,1.0,1.0
37,0,1.0,1.0,1.0,1.0,1.0
38,0,1.0,1.0,1.0,1.0,1.0
40,0,1.0,1.0,1.0,1.0,1.0
42,0,0.8878261621047484,0.788235294117647,0.04379084967320262,0.788235294117647,0.788235294117647
43,0,0.8878261621047484,0.788235294117647,0.04379084967320262,0.788235294117647,0.788235294117647
44,0,0.8878261621047484,0.788235294117647,0.04379084967320262,0.788235294117647,0.788235294117647
47,0,1.0,1.0,1.0,1.0,1.0
48,0,0.46017899330842227,0.21176470588235294,0.003160667251975417,0.21176470588235294,0.21176470588235294
49,0,1.0,1.0,1.0,1.0,1.0
