2,0.7727272727272727,0.8819171036881968,0.9058823529411765,0.5909090909090909,0.625,0.0
4,0.7727272727272727,0.8819171036881968,0.9058823529411765,0.5909090909090909,0.625,0.0
5,0.7727272727272727,0.8819171036881968,0.9058823529411765,0.5909090909090909,0.625,0.0
6,0.7727272727272727,0.8819171036881968,0.9058823529411765,0.5909090909090909,0.625,0.0
7,0.7727272727272727,0.8819171036881968,0.9058823529411765,0.5909090909090909,0.625,0.0
9,0.7727272727272727,0.8819171036881968,0.9058823529411765,0.5909090909090909,0.625,0.0
11,0.5483870967741935,0.3849001794597504,0.2588235294117647,0.29545454545454547,0.32608695652173914,0.9000000000000002
13,0.7727272727272727,0.8819171036881968,0.9058823529411765,0.5909090909090909,0.625,0.0
14,0.7727272727272727,0.8819171036881968,0.9058823529411765,0.5909090909090909,0.625,0.0
15,0.7727272727272727,0.8819171036881968,0.9058823529411765,0.5909090909090909,0.625,0.0
16,0.8499999999999999,0.9660917830792959,0.9764705882352942,0.7222222222222221,0.75,0.6
17,0.7727272727272727,0.8819171036881968,0.9058823529411765,0.5909090909090909,0.625,0.0
19,0.0,0.0,0.0,0.0,0.0,0.8000000000000002
23,0.8793103448275862,1.0,1.0,0.7799999999999999,0.8035714285714285,0.8000000000000002
25,0.7083333333333333,0.4714045207910317,0.3411764705882353,0.4333333333333333,0.46875,0.20000000000000004
29,1.0,0.9428090415820634,0.7529411764705882,1.0,1.0,1.0
33,0.7727272727272727,0.8819171036881968,0.9058823529411765,0.5909090909090909,0.625,0.0
