3,0.5262419871794871,1.0,1.0,0.990421455938697,0.9933259176863181,0.0
7,0.5262419871794871,1.0,1.0,0.990421455938697,0.9933259176863181,0.0
8,0.5262419871794871,1.0,1.0,0.990421455938697,0.9933259176863181,0.0
9,0.5262419871794871,1.0,1.0,0.990421455938697,0.9933259176863181,0.0
10,0.5262419871794871,1.0,1.0,0.990421455938697,0.9933259176863181,0.0
11,0.5262419871794871,1.0,1.0,0.990421455938697,0.9933259176863181,0.0
13,0.0987042682926829,0.1381508682247432,0.10975609756097558,0.09482758620689652,0.13103448275862076,0.9295774647887322
15,0.0987042682926829,0.1381508682247432,0.10975609756097558,0.09482758620689652,0.13103448275862076,0.9295774647887322
17,0.0987042682926829,0.1381508682247432,0.10975609756097558,0.09482758620689652,0.13103448275862076,0.9295774647887322
19,0.0,0.0,0.0,0.0,0.0,1.0
26,1.0,0.8488725781652832,0.4939024390243903,1.0,1.0,0.9295774647887325
28,1.0,0.8488725781652832,0.4939024390243903,1.0,1.0,0.9295774647887325
30,1.0,0.8488725781652832,0.4939024390243903,1.0,1.0,0.9295774647887325
32,0.9011948529411761,0.6978524794208687,0.3780487804878049,0.7270114942528735,0.793103448275862,0.6760563380281689
37,0.5262419871794871,1.0,1.0,0.990421455938697,0.9933259176863181,0.0
