4,0.7745098039215685,1.0,1.0,1.0,1.0,0.0
7,0.7745098039215685,1.0,1.0,1.0,1.0,0.0
9,0.7745098039215685,1.0,1.0,1.0,1.0,0.0
11,0.7745098039215685,1.0,1.0,1.0,1.0,0.0
12,0.7745098039215685,1.0,1.0,1.0,1.0,0.0
14,0.7745098039215685,1.0,1.0,1.0,1.0,0.0
16,0.7745098039215685,1.0,1.0,1.0,1.0,0.0
19,0.7745098039215685,1.0,1.0,1.0,1.0,0.0
21,0.7745098039215685,1.0,1.0,1.0,1.0,0.0
23,0.7745098039215685,1.0,1.0,1.0,1.0,0.0
25,0.7745098039215685,1.0,1.0,1.0,1.0,0.0
27,1.0,0.9383056527818262,0.8793103448275862,0.6541353383458647,0.9180846853977047,1.0
28,1.0,0.9383056527818262,0.8793103448275862,0.6541353383458647,0.9180846853977047,1.0
29,1.0,0.9383056527818262,0.8793103448275862,0.6541353383458647,0.9180846853977047,1.0
32,0.7745098039215685,1.0,1.0,1.0,1.0,0.0
36,0.7745098039215685,1.0,1.0,1.0,1.0,0.0
37,1.0,0.9383056527818262,0.8793103448275862,0.6541353383458647,0.9180846853977047,1.0
39,0.0,0.0,0.0,0.0,0.0,0.9999999999999999
40,0.7745098039215685,1.0,1.0,1.0,1.0,0.0
