8,0.6123883928571429,1.0,1.0,0.8734374999999999,0.8958333333333331,0.0
11,0.6123883928571429,1.0,1.0,0.8734374999999999,0.8958333333333331,0.0
12,0.6123883928571429,1.0,1.0,0.8734374999999999,0.8958333333333331,0.0
13,0.6123883928571429,1.0,1.0,0.8734374999999999,0.8958333333333331,0.0
14,0.7152478448275864,0.9197942753968995,0.8440366972477066,0.8841911764705882,0.9048913043478259,0.2580645161290318
15,0.7152478448275864,0.9197942753968995,0.8440366972477066,0.8841911764705882,0.9048913043478259,0.2580645161290318
16,0.7152478448275864,0.9197942753968995,0.8440366972477066,0.8841911764705882,0.9048913043478259,0.2580645161290318
17,1.0,0.8853207152475695,0.6972477064220185,1.0,1.0,0.7419354838709674
18,1.0,0.8853207152475695,0.6972477064220185,1.0,1.0,0.7419354838709674
21,0.0,0.29510690508252324,0.29357798165137616,0.23897058823529416,0.28124999999999994,1.0
22,0.0,0.29510690508252324,0.29357798165137616,0.23897058823529416,0.28124999999999994,1.0
25,0.6123883928571429,1.0,1.0,0.8734374999999999,0.8958333333333331,0.0
26,0.5396341463414637,0.0,0.0,0.0,0.0,0.03225806451612904
27,0.5396341463414637,0.0,0.0,0.0,0.0,0.03225806451612904
30,0.6248692468619246,0.886603231374452,0.8348623853211011,0.8124999999999999,0.8437499999999999,0.03225806451612891
34,0.6248692468619246,0.886603231374452,0.8348623853211011,0.8124999999999999,0.8437499999999999,0.03225806451612891
