3,0.4576923076923077,1.0,1.0,0.9111111111111112,0.9337474120082815,0.0
5,0.4576923076923077,1.0,1.0,0.9111111111111112,0.9337474120082815,0.0
6,0.4576923076923077,1.0,1.0,0.9111111111111112,0.9337474120082815,0.0
7,0.4576923076923077,1.0,1.0,0.9111111111111112,0.9337474120082815,0.0
8,0.4576923076923077,1.0,1.0,0.9111111111111112,0.9337474120082815,0.0
10,0.4576923076923077,1.0,1.0,0.9111111111111112,0.9337474120082815,0.0
11,0.4576923076923077,1.0,1.0,0.9111111111111112,0.9337474120082815,0.0
12,0.4168734491315138,0.17770415765194167,0.0449438202247191,0.1333333333333334,0.17460317460317457,0.055555555555555546
13,0.4168734491315138,0.17770415765194167,0.0449438202247191,0.1333333333333334,0.17460317460317457,0.055555555555555546
15,0.4576923076923077,1.0,1.0,0.9111111111111112,0.9337474120082815,0.0
16,1.0,0.8491228264595929,0.4157303370786517,1.0,1.0,1.0
17,1.0,0.8491228264595929,0.4157303370786517,1.0,1.0,1.0
19,0.4576923076923077,1.0,1.0,0.9111111111111112,0.9337474120082815,0.0
21,0.0,0.0,0.0,0.0,0.0,0.9444444444444444
22,0.0,0.0,0.0,0.0,0.0,0.9444444444444444
