25,0.8793103448275862,0.8777766249329544,0.9047619047619047,0.7586206896551725,0.7704918032786886,0.0
27,0.8793103448275862,0.8777766249329544,0.9047619047619047,0.7586206896551725,0.7704918032786886,0.0
28,0.8793103448275862,0.8777766249329544,0.9047619047619047,0.7586206896551725,0.7704918032786886,0.0
29,0.8793103448275862,0.8777766249329544,0.9047619047619047,0.7586206896551725,0.7704918032786886,0.0
30,0.8793103448275862,0.8777766249329544,0.9047619047619047,0.7586206896551725,0.7704918032786886,0.0
31,0.8793103448275862,0.8777766249329544,0.9047619047619047,0.7586206896551725,0.7704918032786886,0.0
33,0.8793103448275862,0.8777766249329544,0.9047619047619047,0.7586206896551725,0.7704918032786886,0.0
35,0.8793103448275862,0.8777766249329544,0.9047619047619047,0.7586206896551725,0.7704918032786886,0.0
36,0.8793103448275862,0.8777766249329544,0.9047619047619047,0.7586206896551725,0.7704918032786886,0.0
38,0.9026548672566372,0.9001915504970076,0.9251700680272107,0.8,0.810344827586207,0.21428571428571422
40,0.9026548672566372,0.9001915504970076,0.9251700680272107,0.8,0.810344827586207,0.21428571428571422
41,0.9107142857142858,0.9080536347093006,0.9319727891156461,0.8148148148148149,0.8245614035087719,0.28571428571428575
42,0.918918918918919,0.9161253813129041,0.9387755102040815,0.8301886792452831,0.8392857142857143,0.3571428571428569
49,0.8793103448275862,0.8777766249329544,0.9047619047619047,0.7586206896551725,0.7704918032786886,0.0
50,0.8793103448275862,0.8777766249329544,0.9047619047619047,0.7586206896551725,0.7704918032786886,0.0
51,0.8793103448275862,0.8777766249329544,0.9047619047619047,0.7586206896551725,0.7704918032786886,0.0
52,0.8793103448275862,0.8777766249329544,0.9047619047619047,0.7586206896551725,0.7704918032786886,0.0
53,0.8793103448275862,0.8777766249329544,0.9047619047619047,0.7586206896551725,0.7704918032786886,0.0
54,0.8793103448275862,0.8777766249329544,0.9047619047619047,0.7586206896551725,0.7704918032786886,0.0
55,0.8793103448275862,0.8777766249329544,0.9047619047619047,0.7586206896551725,0.7704918032786886,0.0
56,0.8793103448275862,0.8777766249329544,0.9047619047619047,0.7586206896551725,0.7704918032786886,0.0
57,0.8793103448275862,0.8777766249329544,0.9047619047619047,0.7586206896551725,0.7704918032786886,0.0
58,0.8793103448275862,0.8777766249329544,0.9047619047619047,0.7586206896551725,0.7704918032786886,0.0
59,0.8793103448275862,0.8777766249329544,0.9047619047619047,0.7586206896551725,0.7704918032786886,0.0
60,1.0,1.0,1.0,1.0,1.0,1.0
61,1.0,1.0,1.0,1.0,1.0,1.0
62,1.0,1.0,1.0,1.0,1.0,1.0
64,0.0,0.0,0.0,0.0,0.0,0.9999999999999999
66,0.8793103448275862,0.8777766249329544,0.9047619047619047,0.7586206896551725,0.7704918032786886,0.0
67,0.8793103448275862,0.8777766249329544,0.9047619047619047,0.7586206896551725,0.7704918032786886,0.0
