3,1.0,1.0,1.0,1.0,1.0,0.0
5,1.0,1.0,1.0,1.0,1.0,0.0
8,1.0,1.0,1.0,1.0,1.0,0.0
9,1.0,1.0,1.0,1.0,1.0,0.0
10,1.0,1.0,1.0,1.0,1.0,0.0
12,1.0,1.0,1.0,1.0,1.0,0.0
14,1.0,1.0,1.0,1.0,1.0,0.0
16,1.0,1.0,1.0,1.0,1.0,0.0
17,1.0,1.0,1.0,1.0,1.0,0.0
18,1.0,1.0,1.0,1.0,1.0,0.0
19,1.0,1.0,1.0,1.0,1.0,0.0
21,1.0,1.0,1.0,1.0,1.0,0.0
22,1.0,1.0,1.0,1.0,1.0,0.0
24,1.0,1.0,1.0,1.0,1.0,0.0
28,1.0,1.0,1.0,1.0,1.0,0.0
30,0.0,0.0,0.0,0.0,0.0,1.0
31,0.0,0.0,0.0,0.0,0.0,1.0
35,1.0,1.0,1.0,1.0,1.0,0.0
37,0.3097345132743363,0.2083275631739443,0.1683168316831683,0.18560606060606058,0.21875000000000006,0.7499999999999996
38,0.3097345132743363,0.2083275631739443,0.1683168316831683,0.18560606060606058,0.21875000000000006,0.7499999999999996
42,1.0,1.0,1.0,1.0,1.0,0.0
43,1.0,1.0,1.0,1.0,1.0,0.0
