3,0.75,0.8563488385776753,0.9322033898305084,0.5555555555555556,0.7333333333333334,0.0
5,0.75,0.8563488385776753,0.9322033898305084,0.5555555555555556,0.7333333333333334,0.0
8,0.75,0.8563488385776753,0.9322033898305084,0.5555555555555556,0.7333333333333334,0.0
9,0.75,0.8563488385776753,0.9322033898305084,0.5555555555555556,0.7333333333333334,0.0
10,0.75,0.8563488385776753,0.9322033898305084,0.5555555555555556,0.7333333333333334,0.0
11,0.75,0.8563488385776753,0.9322033898305084,0.5555555555555556,0.7333333333333334,0.0
12,0.75,0.8563488385776753,0.9322033898305084,0.5555555555555556,0.7333333333333334,0.0
13,0.75,0.8563488385776753,0.9322033898305084,0.5555555555555556,0.7333333333333334,0.0
14,0.75,0.8563488385776753,0.9322033898305084,0.5555555555555556,0.7333333333333334,0.0
17,0.75,0.8563488385776753,0.9322033898305084,0.5555555555555556,0.7333333333333334,0.0
18,0.9642857142857142,1.0,1.0,1.0,1.0,1.0
20,0.9642857142857142,1.0,1.0,1.0,1.0,1.0
21,0.9782608695652176,0.9212846639876111,0.847457627118644,0.8333333333333334,0.9166666666666667,0.8750000000000002
22,0.9782608695652176,0.9212846639876111,0.847457627118644,0.8333333333333334,0.9166666666666667,0.8750000000000002
23,1.0,0.835710894037345,0.6949152542372882,0.6666666666666667,0.8148148148148149,0.75
25,0.9782608695652176,0.9212846639876111,0.847457627118644,0.8333333333333334,0.9166666666666667,0.8750000000000002
26,0.9782608695652176,0.9212846639876111,0.847457627118644,0.8333333333333334,0.9166666666666667,0.8750000000000002
28,0.9642857142857142,1.0,1.0,1.0,1.0,1.0
30,0.9642857142857142,1.0,1.0,1.0,1.0,1.0
31,0.9642857142857142,1.0,1.0,1.0,1.0,1.0
32,0.9642857142857142,1.0,1.0,1.0,1.0,1.0
34,0.0,0.0,0.0,0.0,0.0,1.0
35,0.75,0.8563488385776753,0.9322033898305084,0.5555555555555556,0.7333333333333334,0.0
