2,0.8148148148148148,1.0,1.0,0.9090909090909091,0.9318181818181818,0.0
4,0.8148148148148148,1.0,1.0,0.9090909090909091,0.9318181818181818,0.0
5,0.8148148148148148,1.0,1.0,0.9090909090909091,0.9318181818181818,0.0
6,0.8148148148148148,1.0,1.0,0.9090909090909091,0.9318181818181818,0.0
7,0.8148148148148148,1.0,1.0,0.9090909090909091,0.9318181818181818,0.0
8,0.8148148148148148,1.0,1.0,0.9090909090909091,0.9318181818181818,0.0
9,0.8148148148148148,1.0,1.0,0.9090909090909091,0.9318181818181818,0.0
11,0.8148148148148148,1.0,1.0,0.9090909090909091,0.9318181818181818,0.0
13,0.54320987654321,0.3175536744149779,0.16566626650660263,0.2556818181818182,0.3194805194805195,0.8999999999999999
16,0.842911877394636,0.9637388493048533,0.885954381752701,0.9297520661157025,0.9476117103235746,0.30000000000000004
18,0.9434697855750488,0.9019120678598666,0.6578631452581032,1.0,1.0,0.9000000000000001
20,1.0,0.8561726894780893,0.5414165666266506,0.9818181818181818,0.9866310160427807,1.0
21,1.0,0.8561726894780893,0.5414165666266506,0.9818181818181818,0.9866310160427807,1.0
23,0.9434697855750488,0.9019120678598666,0.6578631452581032,1.0,1.0,0.9000000000000001
25,0.9462365591397848,0.6676978608895887,0.3589435774309724,0.6818181818181819,0.7454545454545455,0.5000000000000001
26,0.9462365591397848,0.6676978608895887,0.3589435774309724,0.6818181818181819,0.7454545454545455,0.5000000000000001
30,0.8148148148148148,1.0,1.0,0.9090909090909091,0.9318181818181818,0.0
31,0.0,0.0,0.0,0.0,0.0,0.0
34,0.8148148148148148,1.0,1.0,0.9090909090909091,0.9318181818181818,0.0
35,0.8663853727144867,0.9509298551358543,0.82953181272509,0.9545454545454546,0.9663299663299663,0.49999999999999983
37,0.6376811594202898,0.35294117647058826,0.17046818727490995,0.2922077922077922,0.3607038123167155,0.5
39,0.8148148148148148,1.0,1.0,0.9090909090909091,0.9318181818181818,0.0
