9,1.0,0.9850636549546776,0.8762886597938144,1.0,1.0,0.9999999999999994
11,1.0,0.9850636549546776,0.8762886597938144,1.0,1.0,0.9999999999999994
12,1.0,0.9850636549546776,0.8762886597938144,1.0,1.0,0.9999999999999994
13,1.0,0.9850636549546776,0.8762886597938144,1.0,1.0,0.9999999999999994
14,1.0,0.9850636549546776,0.8762886597938144,1.0,1.0,0.9999999999999994
15,1.0,0.9850636549546776,0.8762886597938144,1.0,1.0,0.9999999999999994
17,1.0,0.9850636549546776,0.8762886597938144,1.0,1.0,0.9999999999999994
20,0.9351851851851853,1.0,1.0,0.8888888888888888,0.9000000000000001,0.0
21,0.9351851851851853,1.0,1.0,0.8888888888888888,0.9000000000000001,0.0
22,0.9351851851851853,1.0,1.0,0.8888888888888888,0.9000000000000001,0.0
23,0.9351851851851853,1.0,1.0,0.8888888888888888,0.9000000000000001,0.0
24,0.6733333333333335,0.2898855178262242,0.13144329896907217,0.36363636363636365,0.391304347826087,1.0
25,0.6733333333333335,0.2898855178262242,0.13144329896907217,0.36363636363636365,0.391304347826087,1.0
26,0.0,0.0,0.0,0.0,0.0,0.42857142857142855
27,0.0,0.0,0.0,0.0,0.0,0.42857142857142855
29,0.7651515151515154,0.3194382824999699,0.13917525773195877,0.42105263157894735,0.45000000000000007,0.5714285714285714
30,0.7651515151515154,0.3194382824999699,0.13917525773195877,0.42105263157894735,0.45000000000000007,0.5714285714285714
31,0.7651515151515154,0.3194382824999699,0.13917525773195877,0.42105263157894735,0.45000000000000007,0.5714285714285714
32,0.7651515151515154,0.3194382824999699,0.13917525773195877,0.42105263157894735,0.45000000000000007,0.5714285714285714
33,0.7651515151515154,0.3194382824999699,0.13917525773195877,0.42105263157894735,0.45000000000000007,0.5714285714285714
35,0.7651515151515154,0.3194382824999699,0.13917525773195877,0.42105263157894735,0.45000000000000007,0.5714285714285714
36,0.7651515151515154,0.3194382824999699,0.13917525773195877,0.42105263157894735,0.45000000000000007,0.5714285714285714
38,1.0,0.9850636549546776,0.8762886597938144,1.0,1.0,0.9999999999999994
39,1.0,0.9850636549546776,0.8762886597938144,1.0,1.0,0.9999999999999994
40,1.0,0.9850636549546776,0.8762886597938144,1.0,1.0,0.9999999999999994
41,1.0,0.9850636549546776,0.8762886597938144,1.0,1.0,0.9999999999999994
42,1.0,0.9850636549546776,0.8762886597938144,1.0,1.0,0.9999999999999994
43,1.0,0.9850636549546776,0.8762886597938144,1.0,1.0,0.9999999999999994
44,1.0,0.9850636549546776,0.8762886597938144,1.0,1.0,0.9999999999999994
47,1.0,0.9850636549546776,0.8762886597938144,1.0,1.0,0.9999999999999994
48,1.0,0.9850636549546776,0.8762886597938144,1.0,1.0,0.9999999999999994
49,1.0,0.9850636549546776,0.8762886597938144,1.0,1.0,0.9999999999999994
50,1.0,0.9850636549546776,0.8762886597938144,1.0,1.0,0.9999999999999994
