6,0.5353535353535354,0.28284271247461906,0.10679611650485438,0.07070707070707072,0.08,0.0
10,0.5353535353535354,0.28284271247461906,0.10679611650485438,0.07070707070707072,0.08,0.0
11,0.5353535353535354,0.28284271247461906,0.10679611650485438,0.07070707070707072,0.08,0.0
12,0.5353535353535354,0.28284271247461906,0.10679611650485438,0.07070707070707072,0.08,0.0
13,0.5353535353535354,0.28284271247461906,0.10679611650485438,0.07070707070707072,0.08,0.0
14,0.0,0.0,0.08737864077669903,0.0,0.0,0.010869565217391306
16,0.5353535353535354,0.28284271247461906,0.10679611650485438,0.07070707070707072,0.08,0.0
17,0.0,0.0,0.08737864077669903,0.0,0.0,0.010869565217391306
19,0.5353535353535354,0.28284271247461906,0.10679611650485438,0.07070707070707072,0.08,0.0
20,0.0,0.0,0.08737864077669903,0.0,0.0,0.010869565217391306
22,0.5353535353535354,0.28284271247461906,0.10679611650485438,0.07070707070707072,0.08,0.0
23,0.0,0.0,0.08737864077669903,0.0,0.0,0.010869565217391306
25,0.5353535353535354,0.28284271247461906,0.10679611650485438,0.07070707070707072,0.08,0.0
26,0.0,0.0,0.08737864077669903,0.0,0.0,0.010869565217391306
28,0.5353535353535354,0.28284271247461906,0.10679611650485438,0.07070707070707072,0.08,0.0
29,0.0,0.0,0.08737864077669903,0.0,0.0,0.010869565217391306
31,0.5353535353535354,0.28284271247461906,0.10679611650485438,0.07070707070707072,0.08,0.0
32,0.0,0.0,0.08737864077669903,0.0,0.0,0.010869565217391306
34,0.5353535353535354,0.28284271247461906,0.10679611650485438,0.07070707070707072,0.08,0.0
35,0.0,0.0,0.08737864077669903,0.0,0.0,0.010869565217391306
37,0.5353535353535354,0.28284271247461906,0.10679611650485438,0.07070707070707072,0.08,0.0
38,0.0,0.0,0.08737864077669903,0.0,0.0,0.010869565217391306
40,0.5353535353535354,0.28284271247461906,0.10679611650485438,0.07070707070707072,0.08,0.0
41,0.0,0.0,0.08737864077669903,0.0,0.0,0.010869565217391306
43,0.5353535353535354,0.28284271247461906,0.10679611650485438,0.07070707070707072,0.08,0.0
44,0.0,0.0,0.08737864077669903,0.0,0.0,0.010869565217391306
46,0.5353535353535354,0.28284271247461906,0.10679611650485438,0.07070707070707072,0.08,0.0
47,0.0,0.0,0.08737864077669903,0.0,0.0,0.010869565217391306
49,0.5353535353535354,0.28284271247461906,0.10679611650485438,0.07070707070707072,0.08,0.0
50,0.0,0.0,0.08737864077669903,0.0,0.0,0.010869565217391306
52,0.5353535353535354,0.28284271247461906,0.10679611650485438,0.07070707070707072,0.08,0.0
53,0.0,0.0,0.08737864077669903,0.0,0.0,0.010869565217391306
55,0.5353535353535354,0.28284271247461906,0.10679611650485438,0.07070707070707072,0.08,0.0
56,0.0,0.0,0.08737864077669903,0.0,0.0,0.010869565217391306
58,0.5353535353535354,0.28284271247461906,0.10679611650485438,0.07070707070707072,0.08,0.0
59,0.0,0.0,0.08737864077669903,0.0,0.0,0.010869565217391306
61,0.5353535353535354,0.28284271247461906,0.10679611650485438,0.07070707070707072,0.08,0.0
62,0.0,0.0,0.08737864077669903,0.0,0.0,0.010869565217391306
64,0.5353535353535354,0.28284271247461906,0.10679611650485438,0.07070707070707072,0.08,0.0
65,0.0,0.0,0.08737864077669903,0.0,0.0,0.010869565217391306
67,0.5353535353535354,0.28284271247461906,0.10679611650485438,0.07070707070707072,0.08,0.0
68,0.0,0.0,0.08737864077669903,0.0,0.0,0.010869565217391306
70,0.5353535353535354,0.28284271247461906,0.10679611650485438,0.07070707070707072,0.08,0.0
71,0.5955056179775281,0.31622776601683794,0.3009708737864077,0.08860759493670886,0.1,0.21739130434782605
72,0.0,0.0,0.0,0.0,0.0,0.10869565217391304
74,0.5955056179775281,0.31622776601683794,0.3009708737864077,0.08860759493670886,0.1,0.21739130434782605
75,0.0,0.0,0.0,0.0,0.0,0.10869565217391304
77,0.5955056179775281,0.31622776601683794,0.3009708737864077,0.08860759493670886,0.1,0.21739130434782605
78,0.0,0.0,0.0,0.0,0.0,0.10869565217391304
80,0.5955056179775281,0.31622776601683794,0.3009708737864077,0.08860759493670886,0.1,0.21739130434782605
81,0.0,0.0,0.0,0.0,0.0,0.10869565217391304
83,0.5955056179775281,0.31622776601683794,0.3009708737864077,0.08860759493670886,0.1,0.21739130434782605
84,0.0,0.0,0.0,0.0,0.0,0.10869565217391304
86,0.5955056179775281,0.31622776601683794,0.3009708737864077,0.08860759493670886,0.1,0.21739130434782605
87,0.0,0.0,0.0,0.0,0.0,0.10869565217391304
89,0.5955056179775281,0.31622776601683794,0.3009708737864077,0.08860759493670886,0.1,0.21739130434782605
90,0.9814814814814815,0.894427190999916,0.9805825242718447,0.7777777777777778,0.8,0.9782608695652174
92,0.5955056179775281,0.31622776601683794,0.3009708737864077,0.08860759493670886,0.1,0.21739130434782605
93,0.0,0.0,0.0,0.0,0.0,0.10869565217391304
95,0.5955056179775281,0.31622776601683794,0.3009708737864077,0.08860759493670886,0.1,0.21739130434782605
96,0.0,0.0,0.01941747572815534,0.0,0.0,0.08695652173913045
98,0.5955056179775281,0.31622776601683794,0.3009708737864077,0.08860759493670886,0.1,0.21739130434782605
99,0.0,0.0,0.01941747572815534,0.0,0.0,0.08695652173913045
101,0.5955056179775281,0.31622776601683794,0.3009708737864077,0.08860759493670886,0.1,0.21739130434782605
102,0.0,0.0,0.01941747572815534,0.0,0.0,0.08695652173913045
104,0.5955056179775281,0.31622776601683794,0.3009708737864077,0.08860759493670886,0.1,0.21739130434782605
105,0.0,0.0,0.01941747572815534,0.0,0.0,0.08695652173913045
107,0.5955056179775281,0.31622776601683794,0.3009708737864077,0.08860759493670886,0.1,0.21739130434782605
108,0.0,0.0,0.01941747572815534,0.0,0.0,0.08695652173913045
110,0.5955056179775281,0.31622776601683794,0.3009708737864077,0.08860759493670886,0.1,0.21739130434782605
111,0.0,0.0,0.01941747572815534,0.0,0.0,0.08695652173913045
113,0.5955056179775281,0.31622776601683794,0.3009708737864077,0.08860759493670886,0.1,0.21739130434782605
114,0.0,0.0,0.01941747572815534,0.0,0.0,0.08695652173913045
116,0.5955056179775281,0.31622776601683794,0.3009708737864077,0.08860759493670886,0.1,0.21739130434782605
117,0.0,0.0,0.01941747572815534,0.0,0.0,0.08695652173913045
119,0.5955056179775281,0.31622776601683794,0.3009708737864077,0.08860759493670886,0.1,0.21739130434782605
120,1.0,1.0,1.0,1.0,1.0,1.0
124,0.5353535353535354,0.28284271247461906,0.10679611650485438,0.07070707070707072,0.08,0.0
