12,0,1.0,1.0,1.0,1.0,1.0
14,0,1.0,1.0,1.0,1.0,1.0
17,0,1.0,1.0,1.0,1.0,1.0
18,0,1.0,1.0,1.0,1.0,1.0
19,0,1.0,1.0,1.0,1.0,1.0
20,0,1.0,1.0,1.0,1.0,1.0
22,0,1.0,1.0,1.0,1.0,1.0
23,0,1.0,1.0,1.0,1.0,1.0
24,0,1.0,1.0,1.0,1.0,1.0
25,0,1.0,1.0,1.0,1.0,1.0
27,0,1.0,1.0,1.0,1.0,1.0
29,0,0.9249505911485287,0.8888888888888888,0.446927374301676,0.888888888888889,0.888888888888889
32,0,1.0,1.0,1.0,1.0,1.0
34,0,0.9249505911485287,0.8888888888888888,0.446927374301676,0.888888888888889,0.888888888888889
36,0,0.9249505911485287,0.8888888888888888,0.446927374301676,0.888888888888889,0.888888888888889
38,0,0.9249505911485287,0.8888888888888888,0.446927374301676,0.888888888888889,0.888888888888889
42,0,1.0,1.0,1.0,1.0,1.0
44,0,0.0,0.0,0.0,0.0,0.0
46,0,0.0,0.0,0.0,0.0,0.0
48,0,0.0,0.0,0.0,0.0,0.0
49,0,0.0,0.0,0.0,0.0,0.0
55,0,0.9249505911485287,0.8888888888888888,0.446927374301676,0.888888888888889,0.888888888888889
57,0,0.9249505911485287,0.8888888888888888,0.446927374301676,0.888888888888889,0.888888888888889
59,0,0.9249505911485287,0.8888888888888888,0.446927374301676,0.888888888888889,0.888888888888889
60,0,0.9249505911485287,0.8888888888888888,0.446927374301676,0.888888888888889,0.888888888888889
65,0,1.0,1.0,1.0,1.0,1.0
