3,0.5,1.0,1.0,1.0,1.0,0.0
9,0.5,1.0,1.0,1.0,1.0,0.0
10,0.5,1.0,1.0,1.0,1.0,0.0
12,0.5,1.0,1.0,1.0,1.0,0.0
14,0.5,1.0,1.0,1.0,1.0,0.0
15,0.5,1.0,1.0,1.0,1.0,0.0
17,0.5,1.0,1.0,1.0,1.0,0.0
18,0.5,1.0,1.0,1.0,1.0,0.0
23,0.5,1.0,1.0,1.0,1.0,0.0
25,0.4848484848484848,0.8352112634964164,0.7037037037037037,0.35294117647058826,0.7411764705882352,0.7499999999999991
27,0.5405405405405405,0.550243733349109,0.2962962962962963,0.0904977375565611,0.3431372549019608,0.75
29,0.0,0.0,0.0,0.0,0.0,0.0
31,0.5405405405405405,0.550243733349109,0.2962962962962963,0.0904977375565611,0.3431372549019608,0.75
33,0.5405405405405405,0.550243733349109,0.2962962962962963,0.0904977375565611,0.3431372549019608,0.75
35,0.5,1.0,1.0,1.0,1.0,0.0
36,0.5,1.0,1.0,1.0,1.0,0.0
38,0.48484848484848486,0.9644188956197268,0.9382716049382716,0.7529411764705882,0.9411764705882353,1.0
40,1.0,0.26956327617387293,0.0617283950617284,0.014705882352941176,0.0726643598615917,0.9999999999999998
42,0.0,0.0,0.0,0.0,0.0,0.0
44,1.0,0.26956327617387293,0.0617283950617284,0.014705882352941176,0.0726643598615917,0.9999999999999998
46,1.0,0.26956327617387293,0.0617283950617284,0.014705882352941176,0.0726643598615917,0.9999999999999998
51,0.5,1.0,1.0,1.0,1.0,0.0
