2,0.6470588235294118,0.8863600391305174,1.0,0.5882352941176471,0.6818181818181819,0.0
6,0.6470588235294118,0.8863600391305174,1.0,0.5882352941176471,0.6818181818181819,0.0
7,0.6470588235294118,0.8863600391305174,1.0,0.5882352941176471,0.6818181818181819,0.0
8,0.6470588235294118,0.8863600391305174,1.0,0.5882352941176471,0.6818181818181819,0.0
9,0.6470588235294118,0.8863600391305174,1.0,0.5882352941176471,0.6818181818181819,0.0
11,0.6470588235294118,0.8863600391305174,1.0,0.5882352941176471,0.6818181818181819,0.0
12,0.6470588235294118,0.8863600391305174,1.0,0.5882352941176471,0.6818181818181819,0.0
13,0.6470588235294118,0.8863600391305174,1.0,0.5882352941176471,0.6818181818181819,0.0
14,0.6470588235294118,0.8863600391305174,1.0,0.5882352941176471,0.6818181818181819,0.0
16,0.6470588235294118,0.8863600391305174,1.0,0.5882352941176471,0.6818181818181819,0.0
17,0.6470588235294118,0.8863600391305174,1.0,0.5882352941176471,0.6818181818181819,0.0
19,0.7252747252747253,0.9211323729436767,0.9213836477987423,0.72,0.7941176470588236,0.5499999999999999
20,0.7252747252747253,0.9211323729436767,0.9213836477987423,0.72,0.7941176470588236,0.5499999999999999
24,0.3283582089552239,0.1772720078261035,0.0849056603773585,0.10526315789473684,0.15000000000000002,0.55
25,0.3283582089552239,0.1772720078261035,0.0849056603773585,0.10526315789473684,0.15000000000000002,0.55
27,0.6470588235294118,0.8863600391305174,1.0,0.5882352941176471,0.6818181818181819,0.0
28,0.2857142857142857,0.16306653015674288,0.07861635220125787,0.09523809523809523,0.13636363636363638,0.7166666666666667
29,0.752851711026616,0.9503819266229829,0.9276729559748428,0.782608695652174,0.84375,0.7166666666666667
31,0.0,0.0,0.0,0.0,0.0,0.16666666666666669
32,0.0,0.0,0.0,0.0,0.0,0.16666666666666669
33,0.0,0.0,0.0,0.0,0.0,0.16666666666666669
34,0.0,0.0,0.0,0.0,0.0,0.16666666666666669
36,0.7826086956521738,0.982607368881035,0.9339622641509434,0.8571428571428571,0.9,0.8833333333333334
38,0.0,0.0,0.0031446540880503146,0.0,0.0,0.08333333333333334
39,0.0,0.0,0.0031446540880503146,0.0,0.0,0.08333333333333334
40,0.0,0.0,0.0031446540880503146,0.0,0.0,0.08333333333333334
41,0.0,0.0,0.0031446540880503146,0.0,0.0,0.08333333333333334
45,0.7983870967741936,1.0,0.9371069182389937,0.9,0.9310344827586208,0.9666666666666668
47,1.0,0.9296222517045284,0.5408805031446541,1.0,1.0,1.0
48,1.0,0.9296222517045284,0.5408805031446541,1.0,1.0,1.0
50,1.0,0.9296222517045284,0.5408805031446541,1.0,1.0,1.0
52,1.0,0.9296222517045284,0.5408805031446541,1.0,1.0,1.0
54,1.0,0.9296222517045284,0.5408805031446541,1.0,1.0,1.0
55,1.0,0.9296222517045284,0.5408805031446541,1.0,1.0,1.0
57,1.0,0.9296222517045284,0.5408805031446541,1.0,1.0,1.0
61,1.0,0.9296222517045284,0.5408805031446541,1.0,1.0,1.0
62,1.0,0.9296222517045284,0.5408805031446541,1.0,1.0,1.0
64,1.0,0.9296222517045284,0.5408805031446541,1.0,1.0,1.0
65,1.0,0.9296222517045284,0.5408805031446541,1.0,1.0,1.0
66,1.0,0.9296222517045284,0.5408805031446541,1.0,1.0,1.0
67,1.0,0.9296222517045284,0.5408805031446541,1.0,1.0,1.0
71,0.6376811594202899,0.5543196128553988,0.4025157232704403,0.4,0.5,0.033333333333333215
72,0.6376811594202899,0.5543196128553988,0.4025157232704403,0.4,0.5,0.033333333333333215
74,0.6376811594202899,0.5543196128553988,0.4025157232704403,0.4,0.5,0.033333333333333215
76,0.6376811594202899,0.5543196128553988,0.4025157232704403,0.4,0.5,0.033333333333333215
78,0.6376811594202899,0.5543196128553988,0.4025157232704403,0.4,0.5,0.033333333333333215
79,0.6376811594202899,0.5543196128553988,0.4025157232704403,0.4,0.5,0.033333333333333215
81,0.6376811594202899,0.5543196128553988,0.4025157232704403,0.4,0.5,0.033333333333333215
85,0.6376811594202899,0.5543196128553988,0.4025157232704403,0.4,0.5,0.033333333333333215
86,0.6376811594202899,0.5543196128553988,0.4025157232704403,0.4,0.5,0.033333333333333215
88,0.6376811594202899,0.5543196128553988,0.4025157232704403,0.4,0.5,0.033333333333333215
89,0.6376811594202899,0.5543196128553988,0.4025157232704403,0.4,0.5,0.033333333333333215
90,0.6376811594202899,0.5543196128553988,0.4025157232704403,0.4,0.5,0.033333333333333215
91,0.6376811594202899,0.5543196128553988,0.4025157232704403,0.4,0.5,0.033333333333333215
94,0.6470588235294118,0.8863600391305174,1.0,0.5882352941176471,0.6818181818181819,0.0
