4,0,1.0,1.0,1.0,1.0,1.0
7,0,1.0,1.0,1.0,1.0,1.0
8,0,1.0,1.0,1.0,1.0,1.0
9,0,1.0,1.0,1.0,1.0,1.0
11,0,1.0,1.0,1.0,1.0,1.0
14,0,1.0,1.0,1.0,1.0,1.0
15,0,1.0,1.0,1.0,1.0,1.0
17,0,0.47092422393011724,0.3684210526315789,0.030985373364126247,0.368421052631579,0.368421052631579
18,0,0.47092422393011724,0.3684210526315789,0.030985373364126247,0.368421052631579,0.368421052631579
19,0,0.47092422393011724,0.3684210526315789,0.030985373364126247,0.368421052631579,0.368421052631579
21,0,1.0,1.0,1.0,1.0,1.0
22,0,1.0,1.0,1.0,1.0,1.0
24,0,0.0,0.0,0.0,0.0,0.0
28,0,0.8437199895169885,0.7894736842105263,0.19919168591224018,0.7894736842105263,0.7894736842105263
30,0,0.8437199895169885,0.7894736842105263,0.19919168591224018,0.7894736842105263,0.7894736842105263
32,0,0.8437199895169885,0.7894736842105263,0.19919168591224018,0.7894736842105263,0.7894736842105263
34,0,0.8437199895169885,0.7894736842105263,0.19919168591224018,0.7894736842105263,0.7894736842105263
36,0,0.08443569490198677,0.05263157894736842,0.002950987939440596,0.05263157894736842,0.05263157894736842
38,0,0.8437199895169885,0.7894736842105263,0.19919168591224018,0.7894736842105263,0.7894736842105263
39,0,0.8437199895169885,0.7894736842105263,0.19919168591224018,0.7894736842105263,0.7894736842105263
41,0,0.8437199895169885,0.7894736842105263,0.19919168591224018,0.7894736842105263,0.7894736842105263
42,0,0.8437199895169885,0.7894736842105263,0.19919168591224018,0.7894736842105263,0.7894736842105263
43,0,0.0,0.0,0.0,0.0,0.0
46,0,0.8437199895169885,0.7894736842105263,0.19919168591224018,0.7894736842105263,0.7894736842105263
47,0,0.2963079562693409,0.21052631578947367,0.014164742109314857,0.21052631578947367,0.21052631578947367
49,0,0.47092422393011724,0.3684210526315789,0.030985373364126247,0.368421052631579,0.368421052631579
52,0,1.0,1.0,1.0,1.0,1.0
