2,0,1.0,1.0,1.0,1.0,1.0
5,0,1.0,1.0,1.0,1.0,1.0
6,0,1.0,1.0,1.0,1.0,1.0
7,0,0.0,0.0,0.0,0.0,0.0
8,0,0.9826837862666576,0.9705882352941176,0.9714045416316233,0.9705882352941176,0.9705882352941176
9,0,0.0,0.0,0.0,0.0,0.0
12,0,0.9651109940991549,0.9411764705882353,0.4709840201850294,0.9411764705882353,0.9411764705882353
13,0,0.9651109940991549,0.9411764705882353,0.4709840201850294,0.9411764705882353,0.9411764705882353
14,0,0.9651109940991549,0.9411764705882353,0.4709840201850294,0.9411764705882353,0.9411764705882353
15,0,0.9651109940991549,0.9411764705882353,0.4709840201850294,0.9411764705882353,0.9411764705882353
16,0,0.9472698684634054,0.9117647058823529,0.30417717970283153,0.9117647058823529,0.9117647058823529
18,0,1.0,1.0,1.0,1.0,1.0
