4,0,1.0,1.0,1.0,1.0,1.0
7,0,1.0,1.0,1.0,1.0,1.0
8,0,1.0,1.0,1.0,1.0,1.0
9,0,1.0,1.0,1.0,1.0,1.0
11,0,1.0,1.0,1.0,1.0,1.0
12,0,1.0,1.0,1.0,1.0,1.0
13,0,1.0,1.0,1.0,1.0,1.0
14,0,1.0,1.0,1.0,1.0,1.0
16,0,1.0,1.0,1.0,1.0,1.0
18,0,1.0,1.0,1.0,1.0,1.0
20,0,1.0,1.0,1.0,1.0,1.0
21,0,1.0,1.0,1.0,1.0,1.0
22,0,1.0,1.0,1.0,1.0,1.0
23,0,0.6169669220952972,0.6,0.35294117647058826,0.6000000000000001,0.6000000000000001
24,0,1.0,1.0,1.0,1.0,1.0
25,0,0.0,0.0,0.0,0.0,0.0
26,0,1.0,1.0,1.0,1.0,1.0
27,0,0.21199382582784257,0.2,0.058823529411764705,0.20000000000000018,0.20000000000000018
28,0,0.21199382582784257,0.2,0.058823529411764705,0.20000000000000018,0.20000000000000018
31,0,1.0,1.0,1.0,1.0,1.0
32,0,1.0,1.0,1.0,1.0,1.0
33,0,0.21199382582784257,0.2,0.058823529411764705,0.20000000000000018,0.20000000000000018
34,0,1.0,1.0,1.0,1.0,1.0
35,0,1.0,1.0,1.0,1.0,1.0
