3,0.5239898989898991,1.0,1.0,1.0,1.0,0.0
5,0.5239898989898991,1.0,1.0,1.0,1.0,0.0
6,0.5239898989898991,1.0,1.0,1.0,1.0,0.0
7,0.5239898989898991,1.0,1.0,1.0,1.0,0.0
8,0.5239898989898991,1.0,1.0,1.0,1.0,0.0
10,0.5239898989898991,1.0,1.0,1.0,1.0,0.0
11,0.5239898989898991,1.0,1.0,1.0,1.0,0.0
12,0.41500000000000015,0.8737092404702307,0.829059829059829,0.4155354449472096,0.8310708898944194,0.5333333333333333
15,0.5239898989898991,1.0,1.0,1.0,1.0,0.0
16,0.5239898989898991,1.0,1.0,1.0,1.0,0.0
17,0.5239898989898991,1.0,1.0,1.0,1.0,0.0
18,0.0,0.0,0.0,0.0,0.0,0.5
20,0.6394453004622497,0.931168294630895,0.8803418803418803,0.5852187028657617,0.9070889894419307,0.4999999999999998
21,1.0,0.631402743394086,0.47008547008547014,0.13273001508295626,0.5143288084464555,0.9666666666666666
24,0.32108317214700205,0.4140368071849148,0.2905982905982906,0.06128443280146066,0.3111769906901753,0.46666666666666673
25,0.32108317214700205,0.4140368071849148,0.2905982905982906,0.06128443280146066,0.3111769906901753,0.46666666666666673
27,0.32108317214700205,0.4140368071849148,0.2905982905982906,0.06128443280146066,0.3111769906901753,0.46666666666666673
28,0.0,0.1855051318595159,0.11965811965811966,0.021247294904583908,0.1305975971290373,1.0
31,0.5239898989898991,1.0,1.0,1.0,1.0,0.0
