2,0,1.0,1.0,1.0,1.0,1.0
5,0,1.0,1.0,1.0,1.0,1.0
6,0,1.0,1.0,1.0,1.0,1.0
7,0,1.0,1.0,1.0,1.0,1.0
8,0,1.0,1.0,1.0,1.0,1.0
9,0,1.0,1.0,1.0,1.0,1.0
10,0,1.0,1.0,1.0,1.0,1.0
12,0,0.7573623828760715,0.75,0.9529411764705882,0.7499999999999997,0.7499999999999997
13,0,0.0,0.0,0.0,0.0,0.0
16,0,0.0,0.0,0.0,0.0,0.0
17,0,0.0,0.0,0.0,0.0,0.0
19,0,0.7573623828760715,0.75,0.9529411764705882,0.7499999999999997,0.7499999999999997
20,0,0.7573623828760715,0.75,0.9529411764705882,0.7499999999999997,0.7499999999999997
21,0,0.7573623828760715,0.75,0.9529411764705882,0.7499999999999997,0.7499999999999997
23,0,1.0,1.0,1.0,1.0,1.0
24,0,1.0,1.0,1.0,1.0,1.0
25,0,1.0,1.0,1.0,1.0,1.0
