11,0.0,0.9633209009807405,0.9956521739130436,0.8977604673807205,0.9499558433912275,0.0
14,0.0,0.9633209009807405,0.9956521739130436,0.8977604673807205,0.9499558433912275,0.0
15,0.0,0.9633209009807405,0.9956521739130436,0.8977604673807205,0.9499558433912275,0.0
16,0.0,0.9633209009807405,0.9956521739130436,0.8977604673807205,0.9499558433912275,0.0
17,0.0,0.9633209009807405,0.9956521739130436,0.8977604673807205,0.9499558433912275,0.0
18,0.0,0.9633209009807405,0.9956521739130436,0.8977604673807205,0.9499558433912275,0.0
19,0.0,0.9633209009807405,0.9956521739130436,0.8977604673807205,0.9499558433912275,0.0
20,0.0,0.9633209009807405,0.9956521739130436,0.8977604673807205,0.9499558433912275,0.0
21,0.0,0.9633209009807405,0.9956521739130436,0.8977604673807205,0.9499558433912275,0.0
22,0.0,0.9633209009807405,0.9956521739130436,0.8977604673807205,0.9499558433912275,0.0
23,0.0,0.9633209009807405,0.9956521739130436,0.8977604673807205,0.9499558433912275,0.0
24,0.0,0.9633209009807405,0.9956521739130436,0.8977604673807205,0.9499558433912275,0.0
25,0.0,0.9633209009807405,0.9956521739130436,0.8977604673807205,0.9499558433912275,0.0
27,0.0,0.9633209009807405,0.9956521739130436,0.8977604673807205,0.9499558433912275,0.0
28,0.0,0.9633209009807405,0.9956521739130436,0.8977604673807205,0.9499558433912275,0.0
30,0.0,0.9633209009807405,0.9956521739130436,0.8977604673807205,0.9499558433912275,0.0
31,0.0,0.9633209009807405,0.9956521739130436,0.8977604673807205,0.9499558433912275,0.0
34,0.0,0.9633209009807405,0.9956521739130436,0.8977604673807205,0.9499558433912275,0.0
35,0.0,0.9633209009807405,0.9956521739130436,0.8977604673807205,0.9499558433912275,0.0
36,0.0,0.9633209009807405,0.9956521739130436,0.8977604673807205,0.9499558433912275,0.0
39,0.0,0.9633209009807405,0.9956521739130436,0.8977604673807205,0.9499558433912275,0.0
40,0.0,0.9633209009807405,0.9956521739130436,0.8977604673807205,0.9499558433912275,0.0
41,0.46205210194676966,0.8710635981114948,0.826086956521739,0.7750730282375853,0.8816455696202533,1.0
42,0.46205210194676966,0.8710635981114948,0.826086956521739,0.7750730282375853,0.8816455696202533,1.0
43,0.46205210194676966,0.8710635981114948,0.826086956521739,0.7750730282375853,0.8816455696202533,1.0
44,0.46205210194676966,0.8710635981114948,0.826086956521739,0.7750730282375853,0.8816455696202533,1.0
47,0.46205210194676966,0.8710635981114948,0.826086956521739,0.7750730282375853,0.8816455696202533,1.0
48,1.0,0.0,0.0,0.0,0.0,0.9607843137254903
49,1.0,0.0,0.0,0.0,0.0,0.9607843137254903
53,0.0,0.9633209009807405,0.9956521739130436,0.8977604673807205,0.9499558433912275,0.0
54,0.23591836734693908,0.4245415202655333,0.40869565217391296,0.2616033755274262,0.43371085942704857,0.39215686274509753
56,0.0,0.9633209009807405,0.9956521739130436,0.8977604673807205,0.9499558433912275,0.0
57,1.0,0.0,0.0,0.0,0.0,0.9607843137254903
59,0.0,0.9633209009807405,0.9956521739130436,0.8977604673807205,0.9499558433912275,0.0
60,0.0,0.9633209009807405,0.9956521739130436,0.8977604673807205,0.9499558433912275,0.0
61,0.23591836734693908,1.0,1.0,1.0,1.0,0.5882352941176467
64,0.0,0.9633209009807405,0.9956521739130436,0.8977604673807205,0.9499558433912275,0.0
65,0.0,0.9633209009807405,0.9956521739130436,0.8977604673807205,0.9499558433912275,0.0
66,0.0,0.9633209009807405,0.9956521739130436,0.8977604673807205,0.9499558433912275,0.0
67,0.0,0.9633209009807405,0.9956521739130436,0.8977604673807205,0.9499558433912275,0.0
68,0.0,0.9633209009807405,0.9956521739130436,0.8977604673807205,0.9499558433912275,0.0
