3,0.6918643613456645,0.8014526087758272,0.8306010928961748,0.6013986013986014,0.6248457424928014,0.2314814814814815
5,0.6918643613456645,0.8014526087758272,0.8306010928961748,0.6013986013986014,0.6248457424928014,0.2314814814814815
6,0.7337733773377341,0.8268043013960659,0.8387978142076503,0.6472679862510372,0.6694997310381926,0.037037037037037
8,0.6918643613456645,0.8014526087758272,0.8306010928961748,0.6013986013986014,0.6248457424928014,0.2314814814814815
12,0.7420042643923245,0.9219417687959822,1.0,0.6732073896253,0.6945756945756947,0.0
14,0.7420042643923245,0.9219417687959822,1.0,0.6732073896253,0.6945756945756947,0.0
16,0.7420042643923245,0.9219417687959822,1.0,0.6732073896253,0.6945756945756947,0.0
18,0.7420042643923245,0.9219417687959822,1.0,0.6732073896253,0.6945756945756947,0.0
21,0.6918643613456645,0.8014526087758272,0.8306010928961748,0.6013986013986014,0.6248457424928014,0.2314814814814815
23,0.6918643613456645,0.8014526087758272,0.8306010928961748,0.6013986013986014,0.6248457424928014,0.2314814814814815
26,0.7420042643923245,0.9219417687959822,1.0,0.6732073896253,0.6945756945756947,0.0
27,0.0,0.0,0.0,0.0,0.0,1.0
29,1.0,1.0,0.8825136612021858,1.0,1.0,0.9999999999999996
32,0.7420042643923245,0.9219417687959822,1.0,0.6732073896253,0.6945756945756947,0.0
