3,0.2696078431372549,1.0,1.0,0.7774936061381077,0.7847826086956522,0.0
4,0.2696078431372549,1.0,1.0,0.7774936061381077,0.7847826086956522,0.0
5,0.2696078431372549,1.0,1.0,0.7774936061381077,0.7847826086956522,0.0
6,0.2696078431372549,1.0,1.0,0.7774936061381077,0.7847826086956522,0.0
7,0.2696078431372549,1.0,1.0,0.7774936061381077,0.7847826086956522,0.0
8,0.2696078431372549,1.0,1.0,0.7774936061381077,0.7847826086956522,0.0
9,0.2696078431372549,1.0,1.0,0.7774936061381077,0.7847826086956522,0.0
10,0.2696078431372549,1.0,1.0,0.7774936061381077,0.7847826086956522,0.0
12,0.2696078431372549,1.0,1.0,0.7774936061381077,0.7847826086956522,0.0
13,0.2696078431372549,1.0,1.0,0.7774936061381077,0.7847826086956522,0.0
15,0.2696078431372549,1.0,1.0,0.7774936061381077,0.7847826086956522,0.0
16,0.2696078431372549,1.0,1.0,0.7774936061381077,0.7847826086956522,0.0
17,0.6816239316239315,0.2954908472043625,0.2566371681415929,1.0,1.0,0.9230769230769234
18,0.6816239316239315,0.2954908472043625,0.2566371681415929,1.0,1.0,0.9230769230769234
19,1.0,0.0,0.0,0.8853754940711464,0.8896321070234118,1.0
20,1.0,0.0,0.0,0.8853754940711464,0.8896321070234118,1.0
24,0.0,0.18351591956288185,0.4424778761061947,0.0,0.0,1.0
25,0.0,0.18351591956288185,0.4424778761061947,0.0,0.0,1.0
28,0.2696078431372549,1.0,1.0,0.7774936061381077,0.7847826086956522,0.0
29,1.0,0.0,0.0,0.8853754940711464,0.8896321070234118,1.0
32,0.0,0.18351591956288185,0.4424778761061947,0.0,0.0,1.0
34,0.2696078431372549,1.0,1.0,0.7774936061381077,0.7847826086956522,0.0
