3,0.6613943488943489,0.9190238458998286,0.9813664596273293,0.7437697437697438,0.7882011605415862,0.0
4,0.6613943488943489,0.9190238458998286,0.9813664596273293,0.7437697437697438,0.7882011605415862,0.0
5,0.6613943488943489,0.9190238458998286,0.9813664596273293,0.7437697437697438,0.7882011605415862,0.0
6,0.6613943488943489,0.9190238458998286,0.9813664596273293,0.7437697437697438,0.7882011605415862,0.0
7,0.6613943488943489,0.9190238458998286,0.9813664596273293,0.7437697437697438,0.7882011605415862,0.0
8,0.6613943488943489,0.9190238458998286,0.9813664596273293,0.7437697437697438,0.7882011605415862,0.0
9,0.6613943488943489,0.9190238458998286,0.9813664596273293,0.7437697437697438,0.7882011605415862,0.0
10,0.6613943488943489,0.9190238458998286,0.9813664596273293,0.7437697437697438,0.7882011605415862,0.0
11,0.6613943488943489,0.9190238458998286,0.9813664596273293,0.7437697437697438,0.7882011605415862,0.0
12,0.6613943488943489,0.9190238458998286,0.9813664596273293,0.7437697437697438,0.7882011605415862,0.0
13,0.7789104278074868,1.0,1.0,0.9204021784666946,0.9368070953436808,0.7228915662650601
15,0.8660660052642237,0.8515982716873852,0.6832298136645963,0.9055489964580874,0.9247648902821318,0.8313253012048191
16,0.8660660052642237,0.8515982716873852,0.6832298136645963,0.9055489964580874,0.9247648902821318,0.8313253012048191
17,0.8660660052642237,0.8515982716873852,0.6832298136645963,0.9055489964580874,0.9247648902821318,0.8313253012048191
18,0.8660660052642237,0.8515982716873852,0.6832298136645963,0.9055489964580874,0.9247648902821318,0.8313253012048191
19,0.8660660052642237,0.8515982716873852,0.6832298136645963,0.9055489964580874,0.9247648902821318,0.8313253012048191
20,0.8660660052642237,0.8515982716873852,0.6832298136645963,0.9055489964580874,0.9247648902821318,0.8313253012048191
25,0.6613943488943489,0.9190238458998286,0.9813664596273293,0.7437697437697438,0.7882011605415862,0.0
26,0.0,0.0,0.0,0.0,0.0,0.8795180722891566
30,0.8253487659052584,0.9682184017878305,0.8975155279503106,0.9567099567099566,0.965909090909091,0.8795180722891563
32,0.8510057695306408,0.9856642130070767,0.9006211180124224,1.0,1.0,1.0
33,0.8510057695306408,0.9856642130070767,0.9006211180124224,1.0,1.0,1.0
35,1.0,0.7551277940142785,0.47204968944099385,0.8863636363636364,0.9090909090909092,0.9036144578313251
39,0.6613943488943489,0.9190238458998286,0.9813664596273293,0.7437697437697438,0.7882011605415862,0.0
40,0.6524557657107994,0.494074571082511,0.3416149068322981,0.4743351886209029,0.5363636363636365,0.024096385542168672
42,0.667420814479638,0.6639252156609007,0.5559006211180124,0.6103896103896105,0.6676136363636365,0.024096385542168423
43,0.6613943488943489,0.9190238458998286,0.9813664596273293,0.7437697437697438,0.7882011605415862,0.0
