10,0,1.0,1.0,1.0,1.0,1.0
13,0,1.0,1.0,1.0,1.0,1.0
14,0,1.0,1.0,1.0,1.0,1.0
15,0,0.9354505426154879,0.9090909090909091,0.9219858156028369,0.9090909090909092,0.9090909090909092
17,0,0.1450425661444355,0.09090909090909091,0.009219858156028368,0.09090909090909091,0.09090909090909091
18,0,0.1450425661444355,0.09090909090909091,0.009219858156028368,0.09090909090909091,0.09090909090909091
20,0,0.1450425661444355,0.09090909090909091,0.009219858156028368,0.09090909090909091,0.09090909090909091
21,0,0.1450425661444355,0.09090909090909091,0.009219858156028368,0.09090909090909091,0.09090909090909091
22,0,0.0,0.0,0.0,0.0,0.0
23,0,0.0,0.0,0.0,0.0,0.0
26,0,0.1450425661444355,0.09090909090909091,0.009219858156028368,0.09090909090909091,0.09090909090909091
27,0,0.1450425661444355,0.09090909090909091,0.009219858156028368,0.09090909090909091,0.09090909090909091
30,0,1.0,1.0,1.0,1.0,1.0
