3,0.8676470588235294,0.9449111825230679,0.9739130434782608,0.7598039215686274,0.78125,0.0
5,0.8676470588235294,0.9449111825230679,0.9739130434782608,0.7598039215686274,0.78125,0.0
6,0.8676470588235294,0.9449111825230679,0.9739130434782608,0.7598039215686274,0.78125,0.0
7,0.8676470588235294,0.9449111825230679,0.9739130434782608,0.7598039215686274,0.78125,0.0
9,0.5331325301204819,0.28867513459481287,0.19130434782608693,0.28703703703703703,0.3125,0.8533333333333333
10,0.5331325301204819,0.28867513459481287,0.19130434782608693,0.28703703703703703,0.3125,0.8533333333333333
11,0.0,0.0,0.0,0.0,0.0,1.0
13,0.5673076923076923,0.30151134457776363,0.19999999999999998,0.31,0.33653846153846156,0.7199999999999999
15,0.8676470588235294,0.9449111825230679,0.9739130434782608,0.7598039215686274,0.78125,0.0
16,0.8676470588235294,0.9449111825230679,0.9739130434782608,0.7598039215686274,0.78125,0.0
17,0.8676470588235294,0.9449111825230679,0.9739130434782608,0.7598039215686274,0.78125,0.0
18,0.8676470588235294,0.9449111825230679,0.9739130434782608,0.7598039215686274,0.78125,0.0
19,0.903061224489796,0.9805806756909202,0.9913043478260868,0.824468085106383,0.841346153846154,0.26666666666666683
20,0.903061224489796,0.9805806756909202,0.9913043478260868,0.824468085106383,0.841346153846154,0.26666666666666683
22,0.8676470588235294,0.9449111825230679,0.9739130434782608,0.7598039215686274,0.78125,0.0
23,0.8676470588235294,0.9449111825230679,0.9739130434782608,0.7598039215686274,0.78125,0.0
24,0.921875,1.0,1.0,0.861111111111111,0.8750000000000001,0.4000000000000001
25,0.921875,1.0,1.0,0.861111111111111,0.8750000000000001,0.4000000000000001
27,0.8676470588235294,0.9449111825230679,0.9739130434782608,0.7598039215686274,0.78125,0.0
28,0.8676470588235294,0.9449111825230679,0.9739130434782608,0.7598039215686274,0.78125,0.0
29,0.8762376237623762,0.9534625892455921,0.9782608695652173,0.775,0.7954545454545455,0.0666666666666668
32,0.8676470588235294,0.9449111825230679,0.9739130434782608,0.7598039215686274,0.78125,0.0
33,0.5673076923076923,0.30151134457776363,0.19999999999999998,0.31,0.33653846153846156,0.7199999999999999
34,0.5673076923076923,0.30151134457776363,0.19999999999999998,0.31,0.33653846153846156,0.7199999999999999
37,1.0,0.9701425001453318,0.8391304347826086,1.0,1.0,0.7200000000000001
38,1.0,0.9701425001453318,0.8391304347826086,1.0,1.0,0.7200000000000001
