3,0.4638755980861244,0.9521060074117316,1.0,0.8299595141700405,0.8959790209790212,0.0
6,0.4638755980861244,0.9521060074117316,1.0,0.8299595141700405,0.8959790209790212,0.0
8,0.4638755980861244,0.9521060074117316,1.0,0.8299595141700405,0.8959790209790212,0.0
9,0.4638755980861244,0.9521060074117316,1.0,0.8299595141700405,0.8959790209790212,0.0
10,0.4638755980861244,0.9521060074117316,1.0,0.8299595141700405,0.8959790209790212,0.0
11,0.6574140955525744,0.9387279479029809,0.9379310344827585,0.846153846153846,0.9065934065934066,0.3827160493827159
14,1.0,1.0,0.9448275862068966,1.0,1.0,1.0
16,0.4638755980861244,0.9521060074117316,1.0,0.8299595141700405,0.8959790209790212,0.0
17,0.0,0.0,0.0,0.0,0.0,0.4320987654320986
20,0.4638755980861244,0.9521060074117316,1.0,0.8299595141700405,0.8959790209790212,0.0
21,0.0,0.0,0.0,0.0,0.0,0.4320987654320986
24,0.8237043330501279,0.4557003667120699,0.34137931034482755,0.3076923076923077,0.4395604395604395,0.4320987654320989
26,0.4638755980861244,0.9521060074117316,1.0,0.8299595141700405,0.8959790209790212,0.0
