2,0.5405405405405405,0.6708203932499368,1.0,0.24324324324324326,0.3,0.0
5,0.5405405405405405,0.6708203932499368,1.0,0.24324324324324326,0.3,0.0
6,0.5405405405405405,0.6708203932499368,1.0,0.24324324324324326,0.3,0.0
7,0.5405405405405405,0.6708203932499368,1.0,0.24324324324324326,0.3,0.0
8,0.5405405405405405,0.6708203932499368,1.0,0.24324324324324326,0.3,0.0
9,0.5405405405405405,0.6708203932499368,1.0,0.24324324324324326,0.3,0.0
10,0.5405405405405405,0.6708203932499368,1.0,0.24324324324324326,0.3,0.0
12,0.8695652173913043,0.8660254037844386,0.6049382716049382,0.75,0.8,0.9655172413793104
13,0.689655172413793,0.3535533905932738,0.23950617283950615,0.25,0.3076923076923077,0.18390804597701146
14,1.0,1.0,0.437037037037037,1.0,1.0,0.7816091954022988
16,0.39215686274509803,0.3638034375544994,0.4666666666666666,0.13235294117647062,0.16901408450704225,0.9655172413793104
17,0.0,0.0,0.0419753086419753,0.0,0.0,0.4137931034482759
21,0.4444444444444444,0.40089186286863654,0.4962962962962963,0.16071428571428573,0.2033898305084746,0.5517241379310345
22,0.4444444444444444,0.40089186286863654,0.4962962962962963,0.16071428571428573,0.2033898305084746,0.5517241379310345
23,0.4444444444444444,0.40089186286863654,0.4962962962962963,0.16071428571428573,0.2033898305084746,0.5517241379310345
25,0.37209302325581395,0.28571428571428564,0.3259259259259259,0.11764705882352941,0.1509433962264151,0.7701149425287356
27,0.3389830508474576,0.1889822365046136,0.19012345679012344,0.09375,0.12121212121212122,0.5057471264367817
28,0.3389830508474576,0.1889822365046136,0.19012345679012344,0.09375,0.12121212121212122,0.5057471264367817
31,0.4444444444444444,0.40089186286863654,0.4962962962962963,0.16071428571428573,0.2033898305084746,0.5517241379310345
32,0.0,0.0,0.0,0.0,0.0,1.0
33,0.6557377049180327,0.5773502691896257,0.5679012345679012,0.3333333333333333,0.4,0.44827586206896547
35,0.5405405405405405,0.6708203932499368,1.0,0.24324324324324326,0.3,0.0
