3,0.5,0.5,0.4,0.3333333333333333,0.25,0.0
6,0.5,0.5,0.4,0.3333333333333333,0.25,0.0
7,0.5,0.5,0.4,0.3333333333333333,0.25,0.0
8,0.0,0.0,0.0,0.0,0.0,0.3333333333333333
10,0.6000000000000001,0.5773502691896258,0.6,0.5,0.3333333333333333,0.33333333333333337
11,0.0,0.0,0.0,0.0,0.0,0.3333333333333333
13,0.75,0.7071067811865475,0.8,1.0,0.5,0.6666666666666667
14,0.0,0.0,0.2,0.0,0.0,0.0
16,0.75,0.7071067811865475,0.8,1.0,0.5,0.6666666666666667
17,0.0,0.0,0.0,0.0,0.0,0.3333333333333333
19,1.0,1.0,1.0,1.0,1.0,1.0
20,1.0,1.0,1.0,1.0,1.0,1.0
22,0.5,0.5,0.4,0.3333333333333333,0.25,0.0
