5,0.16477272727272851,0.9830900449444286,0.9976019184652278,0.9548924358084666,0.9599571447703226,0.0
7,0.16477272727272851,0.9830900449444286,0.9976019184652278,0.9548924358084666,0.9599571447703226,0.0
8,1.0,1.0,1.0,1.0,1.0,1.0
10,0.16477272727272851,0.9830900449444286,0.9976019184652278,0.9548924358084666,0.9599571447703226,0.0
13,0.16477272727272851,0.9830900449444286,0.9976019184652278,0.9548924358084666,0.9599571447703226,0.0
14,0.16477272727272851,0.9830900449444286,0.9976019184652278,0.9548924358084666,0.9599571447703226,0.0
15,0.16477272727272851,0.9830900449444286,0.9976019184652278,0.9548924358084666,0.9599571447703226,0.0
16,0.16477272727272851,0.9830900449444286,0.9976019184652278,0.9548924358084666,0.9599571447703226,0.0
17,0.16477272727272851,0.9830900449444286,0.9976019184652278,0.9548924358084666,0.9599571447703226,0.0
19,0.16477272727272851,0.9830900449444286,0.9976019184652278,0.9548924358084666,0.9599571447703226,0.0
20,0.0,0.7462940802597127,0.697841726618705,0.7895605529193317,0.809485138866331,0.15384615384615122
22,0.7194656488549666,0.0,0.0,0.0,0.0,0.15384615384615488
