3,0.42586206896551715,1.0,1.0,1.0,1.0,0.0
5,0.42586206896551715,1.0,1.0,1.0,1.0,0.0
6,0.42586206896551715,1.0,1.0,1.0,1.0,0.0
7,0.42586206896551715,1.0,1.0,1.0,1.0,0.0
9,0.42586206896551715,1.0,1.0,1.0,1.0,0.0
11,0.42586206896551715,1.0,1.0,1.0,1.0,0.0
12,0.42586206896551715,1.0,1.0,1.0,1.0,0.0
13,0.42586206896551715,1.0,1.0,1.0,1.0,0.0
14,0.42586206896551715,1.0,1.0,1.0,1.0,0.0
16,0.42586206896551715,1.0,1.0,1.0,1.0,0.0
18,0.5039347129116873,0.6784834240090508,0.5722543352601156,0.43096568236233035,0.6536312849162013,0.23287671232876714
19,0.5039347129116873,0.6784834240090508,0.5722543352601156,0.43096568236233035,0.6536312849162013,0.23287671232876714
20,0.5039347129116873,0.6784834240090508,0.5722543352601156,0.43096568236233035,0.6536312849162013,0.23287671232876714
21,0.5039347129116873,0.6784834240090508,0.5722543352601156,0.43096568236233035,0.6536312849162013,0.23287671232876714
22,0.5039347129116873,0.6784834240090508,0.5722543352601156,0.43096568236233035,0.6536312849162013,0.23287671232876714
24,0.3564823874755381,0.8820011005520189,0.8728323699421965,0.7216014897579144,0.8659217877094971,0.2739726027397261
26,0.5469961087032176,0.7440678275509759,0.6358381502890174,0.5156854318865493,0.7262569832402233,0.36986301369863045
27,0.5469961087032176,0.7440678275509759,0.6358381502890174,0.5156854318865493,0.7262569832402233,0.36986301369863045
30,0.42586206896551715,1.0,1.0,1.0,1.0,0.0
31,0.42586206896551715,1.0,1.0,1.0,1.0,0.0
32,0.42586206896551715,1.0,1.0,1.0,1.0,0.0
33,0.42586206896551715,1.0,1.0,1.0,1.0,0.0
34,0.42586206896551715,1.0,1.0,1.0,1.0,0.0
36,0.42586206896551715,1.0,1.0,1.0,1.0,0.0
38,0.41140079540433055,0.5424333182370081,0.44508670520231214,0.29329608938547486,0.5083798882681565,0.04109589041095855
39,0.41140079540433055,0.5424333182370081,0.44508670520231214,0.29329608938547486,0.5083798882681565,0.04109589041095855
40,0.41140079540433055,0.5424333182370081,0.44508670520231214,0.29329608938547486,0.5083798882681565,0.04109589041095855
41,0.41140079540433055,0.5424333182370081,0.44508670520231214,0.29329608938547486,0.5083798882681565,0.04109589041095855
42,0.41140079540433055,0.5424333182370081,0.44508670520231214,0.29329608938547486,0.5083798882681565,0.04109589041095855
44,0.49408755982072766,0.976655826768145,0.9421965317919077,0.957169459962756,0.9823581299617757,0.2602739726027398
46,0.4174524106030955,0.7047522913736081,0.6300578034682082,0.4615589252460761,0.6811112788766419,0.027397260273972657
47,0.4174524106030955,0.7047522913736081,0.6300578034682082,0.4615589252460761,0.6811112788766419,0.027397260273972657
50,0.42586206896551715,1.0,1.0,1.0,1.0,0.0
52,1.0,0.4397460956289156,0.21387283236994217,0.18621973929236502,0.36312849162011174,1.0
56,0.0,0.0,0.0,0.0,0.0,0.9999999999999998
58,0.42586206896551715,1.0,1.0,1.0,1.0,0.0
59,0.42586206896551715,1.0,1.0,1.0,1.0,0.0
