9,0.6250000000000001,1.0,1.0,1.0,1.0,0.0
10,0.6250000000000001,1.0,1.0,1.0,1.0,0.0
11,0.6250000000000001,1.0,1.0,1.0,1.0,0.0
12,0.6250000000000001,1.0,1.0,1.0,1.0,0.0
15,0.6250000000000001,1.0,1.0,1.0,1.0,0.0
16,0.6250000000000001,1.0,1.0,1.0,1.0,0.0
17,0.6250000000000001,1.0,1.0,1.0,1.0,0.0
18,0.6250000000000001,1.0,1.0,1.0,1.0,0.0
19,0.6250000000000001,1.0,1.0,1.0,1.0,0.0
20,0.6250000000000001,1.0,1.0,1.0,1.0,0.0
23,0.6250000000000001,1.0,1.0,1.0,1.0,0.0
25,0.6250000000000001,1.0,1.0,1.0,1.0,0.0
27,0.4807692307692305,0.6595825196823278,0.5094517958412099,0.326007326007326,0.586813186813187,1.0
28,0.5645161290322582,0.7692873015645633,0.6436672967863895,0.46291208791208793,0.7167671038638782,0.4999999999999994
30,0.5645161290322582,0.7692873015645633,0.6436672967863895,0.46291208791208793,0.7167671038638782,0.4999999999999994
31,0.5645161290322582,0.7692873015645633,0.6436672967863895,0.46291208791208793,0.7167671038638782,0.4999999999999994
32,0.5645161290322582,0.7692873015645633,0.6436672967863895,0.46291208791208793,0.7167671038638782,0.4999999999999994
33,0.5645161290322582,0.7692873015645633,0.6436672967863895,0.46291208791208793,0.7167671038638782,0.4999999999999994
35,0.5645161290322582,0.7692873015645633,0.6436672967863895,0.46291208791208793,0.7167671038638782,0.4999999999999994
36,0.5645161290322582,0.7692873015645633,0.6436672967863895,0.46291208791208793,0.7167671038638782,0.4999999999999994
37,0.5909090909090912,0.7265254711594826,0.5775047258979207,0.4025974025974027,0.6642857142857144,0.2499999999999997
38,0.5909090909090912,0.7265254711594826,0.5775047258979207,0.4025974025974027,0.6642857142857144,0.2499999999999997
40,0.5645161290322582,0.7692873015645633,0.6436672967863895,0.46291208791208793,0.7167671038638782,0.4999999999999994
41,0.5645161290322582,0.7692873015645633,0.6436672967863895,0.46291208791208793,0.7167671038638782,0.4999999999999994
42,0.5645161290322582,0.7692873015645633,0.6436672967863895,0.46291208791208793,0.7167671038638782,0.4999999999999994
48,0.75,0.544259664233905,0.334593572778828,0.20760320760320763,0.4347916234708688,0.4999999999999994
55,0.75,0.544259664233905,0.334593572778828,0.20760320760320763,0.4347916234708688,0.4999999999999994
57,0.75,0.544259664233905,0.334593572778828,0.20760320760320763,0.4347916234708688,0.4999999999999994
58,0.75,0.544259664233905,0.334593572778828,0.20760320760320763,0.4347916234708688,0.4999999999999994
59,0.75,0.544259664233905,0.334593572778828,0.20760320760320763,0.4347916234708688,0.4999999999999994
61,0.75,0.544259664233905,0.334593572778828,0.20760320760320763,0.4347916234708688,0.4999999999999994
62,0.4807692307692305,0.4235217244661924,0.24385633270321364,0.13696060037523453,0.3178519593613934,0.5
63,0.4807692307692305,0.4235217244661924,0.24385633270321364,0.13696060037523453,0.3178519593613934,0.5
64,0.75,0.544259664233905,0.334593572778828,0.20760320760320763,0.4347916234708688,0.4999999999999994
65,0.0,0.0,0.0,0.0,0.0,0.24999999999999983
66,0.0,0.0,0.0,0.0,0.0,0.24999999999999983
67,0.75,0.544259664233905,0.334593572778828,0.20760320760320763,0.4347916234708688,0.4999999999999994
68,1.0,0.16413825391848572,0.045368620037807186,0.023476523476523476,0.06593406593406592,0.24999999999999983
69,0.75,0.544259664233905,0.334593572778828,0.20760320760320763,0.4347916234708688,0.4999999999999994
70,0.7692307692307692,0.31186070862604615,0.13421550094517962,0.07326007326007325,0.18838304552590268,0.25
71,0.7692307692307692,0.31186070862604615,0.13421550094517962,0.07326007326007325,0.18838304552590268,0.25
72,0.7692307692307692,0.31186070862604615,0.13421550094517962,0.07326007326007325,0.18838304552590268,0.25
73,0.7000000000000002,0.4710134889124735,0.2674858223062382,0.1575091575091575,0.3543956043956044,0.2499999999999997
74,0.6250000000000001,0.2676441548543741,0.11153119092627602,0.059545106056733965,0.15676160574119757,0.0
75,0.6250000000000001,0.2676441548543741,0.11153119092627602,0.059545106056733965,0.15676160574119757,0.0
79,0.75,0.544259664233905,0.334593572778828,0.20760320760320763,0.4347916234708688,0.4999999999999994
81,0.75,0.544259664233905,0.334593572778828,0.20760320760320763,0.4347916234708688,0.4999999999999994
82,0.75,0.544259664233905,0.334593572778828,0.20760320760320763,0.4347916234708688,0.4999999999999994
84,0.6250000000000001,1.0,1.0,1.0,1.0,0.0
86,0.6250000000000001,1.0,1.0,1.0,1.0,0.0
88,0.6250000000000001,1.0,1.0,1.0,1.0,0.0
89,0.6250000000000001,1.0,1.0,1.0,1.0,0.0
90,0.6250000000000001,1.0,1.0,1.0,1.0,0.0
91,0.6250000000000001,1.0,1.0,1.0,1.0,0.0
92,0.5645161290322582,0.7692873015645633,0.6436672967863895,0.46291208791208793,0.7167671038638782,0.4999999999999994
93,0.5645161290322582,0.7692873015645633,0.6436672967863895,0.46291208791208793,0.7167671038638782,0.4999999999999994
96,0.75,0.544259664233905,0.334593572778828,0.20760320760320763,0.4347916234708688,0.4999999999999994
99,0.6250000000000001,1.0,1.0,1.0,1.0,0.0
