4,0.569838056680162,1.0,1.0,0.707130730050934,0.7526881720430108,0.0
9,0.569838056680162,1.0,1.0,0.707130730050934,0.7526881720430108,0.0
10,0.569838056680162,1.0,1.0,0.707130730050934,0.7526881720430108,0.0
11,0.569838056680162,1.0,1.0,0.707130730050934,0.7526881720430108,0.0
13,0.569838056680162,1.0,1.0,0.707130730050934,0.7526881720430108,0.0
14,1.0,0.9471021081006074,0.6291208791208791,1.0,1.0,0.968
16,0.0,0.02429156788304652,0.08241758241758242,0.0,0.0,0.9680000000000001
19,0.569838056680162,1.0,1.0,0.707130730050934,0.7526881720430108,0.0
21,0.569838056680162,1.0,1.0,0.707130730050934,0.7526881720430108,0.0
22,0.569838056680162,1.0,1.0,0.707130730050934,0.7526881720430108,0.0
23,0.5720350899474742,0.9330786094640534,0.901098901098901,0.6774193548387097,0.7258064516129032,0.008000000000000295
24,0.6492408226023446,0.8313446857900884,0.7087912087912089,0.6774193548387097,0.7258064516129032,0.2320000000000002
26,0.6492408226023446,0.8313446857900884,0.7087912087912089,0.6774193548387097,0.7258064516129032,0.2320000000000002
28,0.25849403122130415,0.0,0.0,0.010263929618768302,0.012903225806451599,0.33599999999999985
30,0.25849403122130415,0.0,0.0,0.010263929618768302,0.012903225806451599,0.33599999999999985
33,0.5720350899474742,0.9330786094640534,0.901098901098901,0.6774193548387097,0.7258064516129032,0.008000000000000295
34,0.7080488681279196,0.9436256904491692,0.8131868131868134,0.7903225806451614,0.826121164437451,0.4320000000000001
36,0.7080488681279196,0.9436256904491692,0.8131868131868134,0.7903225806451614,0.826121164437451,0.4320000000000001
38,0.22851859786003398,0.45401435128795686,0.4780219780219781,0.2614601018675722,0.3085553997194951,1.0
40,0.22851859786003398,0.45401435128795686,0.4780219780219781,0.2614601018675722,0.3085553997194951,1.0
43,0.5720350899474742,0.9330786094640534,0.901098901098901,0.6774193548387097,0.7258064516129032,0.008000000000000295
44,0.04517371419401423,0.04006618496981101,0.08516483516483515,0.015572858731924363,0.01955034213098732,0.8639999999999998
46,0.04517371419401423,0.04006618496981101,0.08516483516483515,0.015572858731924363,0.01955034213098732,0.8639999999999998
49,0.6128810095085755,0.8105220239695471,0.7060439560439562,0.6409989594172738,0.6923682140047207,0.12800000000000034
50,0.7041038666340039,0.7806645695836613,0.6126373626373627,0.6774193548387097,0.7258064516129032,0.344
52,0.7041038666340039,0.7806645695836613,0.6126373626373627,0.6774193548387097,0.7258064516129032,0.344
54,0.3900628495075963,0.5342838596070261,0.4917582417582418,0.36950146627565994,0.4248623131392605,0.4799999999999997
56,0.3900628495075963,0.5342838596070261,0.4917582417582418,0.36950146627565994,0.4248623131392605,0.4799999999999997
59,0.6128810095085755,0.8105220239695471,0.7060439560439562,0.6409989594172738,0.6923682140047207,0.12800000000000034
60,0.3900628495075963,0.5342838596070261,0.4917582417582418,0.36950146627565994,0.4248623131392605,0.4799999999999997
62,0.7041038666340039,0.7806645695836613,0.6126373626373627,0.6774193548387097,0.7258064516129032,0.344
67,0.569838056680162,1.0,1.0,0.707130730050934,0.7526881720430108,0.0
69,0.569838056680162,1.0,1.0,0.707130730050934,0.7526881720430108,0.0
