2,0.0,0.0,0.08035714285714285,0.0,0.0,0.0
4,0.0,0.0,0.08035714285714285,0.0,0.0,0.0
5,0.0,0.0,0.08035714285714285,0.0,0.0,0.0
7,0.0,0.0,0.08035714285714285,0.0,0.0,0.0
8,0.0,0.0,0.08035714285714285,0.0,0.0,0.0
9,0.0,0.0,0.08035714285714285,0.0,0.0,0.0
10,0.0,0.0,0.08035714285714285,0.0,0.0,0.0
11,0.0,0.0,0.08035714285714285,0.0,0.0,0.0
12,0.0,0.0,0.08035714285714285,0.0,0.0,0.0
15,0.0,0.0,0.08035714285714285,0.0,0.0,0.0
16,0.0,0.0,0.08035714285714285,0.0,0.0,0.0
17,0.0,0.0,0.08035714285714285,0.0,0.0,0.0
18,0.0,0.0,0.08035714285714285,0.0,0.0,0.0
20,0.0,0.0,0.0,0.0,0.0,0.9999999999999998
23,0.0,0.0,0.0,0.0,0.0,0.9999999999999998
24,0.0,0.0,0.08035714285714285,0.0,0.0,0.0
25,0.0,0.0,0.08035714285714285,0.0,0.0,0.0
26,0.0,0.0,0.08035714285714285,0.0,0.0,0.0
29,0.0,0.0,0.0,0.0,0.0,0.9999999999999998
30,0.85,0.8574929257125441,0.9196428571428571,0.7000000000000001,0.7352941176470588,0.0
33,0.85,0.8574929257125441,0.9196428571428571,0.7000000000000001,0.7352941176470588,0.0
34,0.85,0.8574929257125441,0.9196428571428571,0.7000000000000001,0.7352941176470588,0.0
35,0.85,0.8574929257125441,0.9196428571428571,0.7000000000000001,0.7352941176470588,0.0
36,0.85,0.8574929257125441,0.9196428571428571,0.7000000000000001,0.7352941176470588,0.0
38,0.85,0.8574929257125441,0.9196428571428571,0.7000000000000001,0.7352941176470588,0.0
39,0.85,0.8574929257125441,0.9196428571428571,0.7000000000000001,0.7352941176470588,0.0
40,1.0,1.0,1.0,1.0,1.0,1.0
41,1.0,1.0,1.0,1.0,1.0,1.0
42,1.0,1.0,1.0,1.0,1.0,1.0
44,1.0,1.0,1.0,1.0,1.0,1.0
45,1.0,1.0,1.0,1.0,1.0,1.0
48,0.0,0.0,0.0,0.0,0.0,0.9999999999999998
49,0.0,0.0,0.0,0.0,0.0,0.9999999999999998
50,0.0,0.0,0.0,0.0,0.0,0.9999999999999998
51,0.0,0.0,0.0,0.0,0.0,0.9999999999999998
53,0.0,0.0,0.0,0.0,0.0,0.9999999999999998
55,0.85,0.8574929257125441,0.9196428571428571,0.7000000000000001,0.7352941176470588,0.0
