2,0.45769230769230834,1.0,1.0,0.5090909090909094,0.5115332428765264,0.0
5,0.45769230769230834,1.0,1.0,0.5090909090909094,0.5115332428765264,0.0
6,0.45769230769230834,1.0,1.0,0.5090909090909094,0.5115332428765264,0.0
8,0.45769230769230834,1.0,1.0,0.5090909090909094,0.5115332428765264,0.0
10,0.45769230769230834,1.0,1.0,0.5090909090909094,0.5115332428765264,0.0
11,0.45769230769230834,1.0,1.0,0.5090909090909094,0.5115332428765264,0.0
13,0.0,0.0,0.0,0.0,0.0,1.0
14,0.0,0.0,0.0,0.0,0.0,1.0
22,1.0,0.34264138332497435,0.10576923076923081,1.0,1.0,0.9999999999999993
23,1.0,0.34264138332497435,0.10576923076923081,1.0,1.0,0.9999999999999993
