3,0,1.0,1.0,1.0,1.0,1.0
5,0,1.0,1.0,1.0,1.0,1.0
6,0,1.0,1.0,1.0,1.0,1.0
8,0,1.0,1.0,1.0,1.0,1.0
10,0,1.0,1.0,1.0,1.0,1.0
13,0,1.0,1.0,1.0,1.0,1.0
14,0,1.0,1.0,1.0,1.0,1.0
15,0,1.0,1.0,1.0,1.0,1.0
16,0,1.0,1.0,1.0,1.0,1.0
17,0,1.0,1.0,1.0,1.0,1.0
18,0,1.0,1.0,1.0,1.0,1.0
20,0,0.5232319967752191,0.45,0.020608203109307836,0.45000000000000007,0.45000000000000007
21,0,0.0,0.0,0.0,0.0,0.0
23,0,0.03488314020207692,0.025,0.000645841123083722,0.025,0.025
26,0,0.16555442981296245,0.125,0.0035982576857521618,0.125,0.125
27,0,1.0,1.0,1.0,1.0,1.0
