2,0.4799999999999999,0.713328179878978,0.923076923076923,0.44347826086956527,0.5151515151515152,0.0
4,0.4799999999999999,0.713328179878978,0.923076923076923,0.44347826086956527,0.5151515151515152,0.0
5,0.4799999999999999,0.713328179878978,0.923076923076923,0.44347826086956527,0.5151515151515152,0.0
6,0.4799999999999999,0.713328179878978,0.923076923076923,0.44347826086956527,0.5151515151515152,0.0
7,0.4799999999999999,0.713328179878978,0.923076923076923,0.44347826086956527,0.5151515151515152,0.0
9,0.4799999999999999,0.713328179878978,0.923076923076923,0.44347826086956527,0.5151515151515152,0.0
10,0.4799999999999999,0.713328179878978,0.923076923076923,0.44347826086956527,0.5151515151515152,0.0
11,0.4799999999999999,0.713328179878978,0.923076923076923,0.44347826086956527,0.5151515151515152,0.0
12,0.4799999999999999,0.713328179878978,0.923076923076923,0.44347826086956527,0.5151515151515152,0.0
13,0.4799999999999999,0.713328179878978,0.923076923076923,0.44347826086956527,0.5151515151515152,0.0
14,0.7111111111111107,0.6266339378210825,0.6,0.5294117647058825,0.6,0.37500000000000006
15,0.7111111111111107,0.6266339378210825,0.6,0.5294117647058825,0.6,0.37500000000000006
19,1.0,1.0,1.0,1.0,1.0,1.0
20,1.0,1.0,1.0,1.0,1.0,1.0
21,1.0,1.0,1.0,1.0,1.0,1.0
24,0.4799999999999999,0.713328179878978,0.923076923076923,0.44347826086956527,0.5151515151515152,0.0
25,0.0,0.0,0.0,0.0,0.0,0.5624999999999999
27,0.9365853658536589,0.6075780271977433,0.43846153846153835,0.6120401337792644,0.6777777777777779,0.5624999999999999
28,0.4799999999999999,0.713328179878978,0.923076923076923,0.44347826086956527,0.5151515151515152,0.0
