2,0.9285714285714286,1.0,1.0,1.0,1.0,0.0
5,0.9285714285714286,1.0,1.0,1.0,1.0,0.0
6,0.9285714285714286,1.0,1.0,1.0,1.0,0.0
8,0.8125,0.5357583756107197,0.332624867162593,0.3535353535353535,0.49206349206349204,0.8333333333333333
10,0.0,0.0,0.0,0.0,0.0,1.0
12,0.9558823529411766,0.5868938953886336,0.3368756641870351,0.40229885057471265,0.5438596491228069,0.16666666666666657
14,0.915492957746479,0.330677248507931,0.11477151965993623,0.13888888888888887,0.2222222222222222,0.0277777777777778
17,0.9774436090225563,0.48530152364370566,0.2263549415515409,0.27777777777777773,0.40522875816993464,0.19444444444444425
20,1.0,0.8515551648780068,0.671625929861849,0.8045977011494253,0.8794326241134751,0.8333333333333333
22,0.9285714285714286,1.0,1.0,1.0,1.0,0.0
