7,0.5,0.6324555320336759,0.7,0.3333333333333333,0.4,0.0
8,0.5,0.6324555320336759,0.7,0.3333333333333333,0.4,0.0
10,0.5,0.6324555320336759,0.7,0.3333333333333333,0.4,0.0
11,0.5,0.6324555320336759,0.7,0.3333333333333333,0.4,0.0
13,0.5,0.6324555320336759,0.7,0.3333333333333333,0.4,0.0
14,0.5,0.6324555320336759,0.7,0.3333333333333333,0.4,0.0
17,0.0,0.0,0.2,0.0,0.0,0.0
19,0.5,0.6324555320336759,0.7,0.3333333333333333,0.4,0.0
20,0.5,0.6324555320336759,0.7,0.3333333333333333,0.4,0.0
22,0.5,0.6324555320336759,0.7,0.3333333333333333,0.4,0.0
24,0.5,0.6324555320336759,0.7,0.3333333333333333,0.4,0.0
25,0.5,0.6324555320336759,0.7,0.3333333333333333,0.4,0.0
26,0.5,0.6324555320336759,0.7,0.3333333333333333,0.4,0.0
27,0.5,0.6324555320336759,0.7,0.3333333333333333,0.4,0.0
28,0.5,0.6324555320336759,0.7,0.3333333333333333,0.4,0.0
29,0.5,0.6324555320336759,0.7,0.3333333333333333,0.4,0.0
30,0.5,0.6324555320336759,0.7,0.3333333333333333,0.4,0.0
32,0.5,0.6324555320336759,0.7,0.3333333333333333,0.4,0.0
33,0.5,0.6324555320336759,0.7,0.3333333333333333,0.4,0.0
34,0.0,0.0,0.0,0.0,0.0,0.6666666666666666
35,0.0,0.0,0.0,0.0,0.0,0.6666666666666666
36,0.0,0.0,0.0,0.0,0.0,0.6666666666666666
37,0.0,0.0,0.0,0.0,0.0,0.6666666666666666
40,0.5,0.6324555320336759,0.7,0.3333333333333333,0.4,0.0
41,0.5,0.6324555320336759,0.7,0.3333333333333333,0.4,0.0
42,0.75,0.8164965809277261,0.9,1.0,0.6666666666666666,0.6666666666666667
43,0.75,0.8164965809277261,0.9,1.0,0.6666666666666666,0.6666666666666667
44,0.75,0.8164965809277261,0.9,1.0,0.6666666666666666,0.6666666666666667
45,0.75,0.8164965809277261,0.9,1.0,0.6666666666666666,0.6666666666666667
46,0.75,0.8164965809277261,0.9,1.0,0.6666666666666666,0.6666666666666667
49,0.5,0.6324555320336759,0.7,0.3333333333333333,0.4,0.0
50,1.0,1.0,1.0,1.0,1.0,1.0
52,0.5,0.6324555320336759,0.7,0.3333333333333333,0.4,0.0
53,0.5,0.6324555320336759,0.7,0.3333333333333333,0.4,0.0
54,0.5,0.6324555320336759,0.7,0.3333333333333333,0.4,0.0
55,0.0,0.0,0.1,0.0,0.0,0.3333333333333333
57,0.5,0.6324555320336759,0.7,0.3333333333333333,0.4,0.0
59,0.5,0.6324555320336759,0.7,0.3333333333333333,0.4,0.0
