7,0.0,0.0,0.0,0.0,0.0,0.0
9,0.0,0.0,0.0,0.0,0.0,0.0
10,0.0,0.0,0.0,0.0,0.0,0.0
12,0.0,0.0,0.0,0.0,0.0,0.0
13,0.0,0.0,0.0,0.0,0.0,0.0
15,0.8266666666666667,1.0,1.0,0.84,0.8909090909090909,0.0
16,0.8266666666666667,1.0,1.0,0.84,0.8909090909090909,0.0
17,0.8266666666666667,1.0,1.0,0.84,0.8909090909090909,0.0
18,0.8266666666666667,1.0,1.0,0.84,0.8909090909090909,0.0
19,0.8910179640718563,0.9750796439906076,0.8762886597938144,0.8999999999999999,0.9333333333333332,0.5
20,0.8910179640718563,0.9750796439906076,0.8762886597938144,0.8999999999999999,0.9333333333333332,0.5
22,1.0,0.9671474291233287,0.7525773195876289,1.0,1.0,1.0
24,1.0,0.9671474291233287,0.7525773195876289,1.0,1.0,1.0
26,0.8266666666666667,1.0,1.0,0.84,0.8909090909090909,0.0
27,0.8266666666666667,1.0,1.0,0.84,0.8909090909090909,0.0
28,0.8266666666666667,1.0,1.0,0.84,0.8909090909090909,0.0
29,0.8266666666666667,1.0,1.0,0.84,0.8909090909090909,0.0
30,0.8266666666666667,1.0,1.0,0.84,0.8909090909090909,0.0
31,0.8266666666666667,1.0,1.0,0.84,0.8909090909090909,0.0
34,0.8266666666666667,1.0,1.0,0.84,0.8909090909090909,0.0
35,0.8266666666666667,1.0,1.0,0.84,0.8909090909090909,0.0
36,0.8551724137931033,0.773717943298663,0.5773195876288659,0.6545454545454545,0.7466666666666666,0.15384615384615374
37,0.8551724137931033,0.773717943298663,0.5773195876288659,0.6545454545454545,0.7466666666666666,0.15384615384615374
38,0.8551724137931033,0.773717943298663,0.5773195876288659,0.6545454545454545,0.7466666666666666,0.15384615384615374
42,0.8551724137931033,0.773717943298663,0.5773195876288659,0.6545454545454545,0.7466666666666666,0.15384615384615374
43,0.8551724137931035,0.6700593942604899,0.4329896907216495,0.5399999999999999,0.6461538461538462,0.1153846153846152
44,0.8551724137931035,0.6700593942604899,0.4329896907216495,0.5399999999999999,0.6461538461538462,0.1153846153846152
46,0.8266666666666667,1.0,1.0,0.84,0.8909090909090909,0.0
47,0.8266666666666667,1.0,1.0,0.84,0.8909090909090909,0.0
49,0.8266666666666667,1.0,1.0,0.84,0.8909090909090909,0.0
51,0.8266666666666667,1.0,1.0,0.84,0.8909090909090909,0.0
52,0.8910179640718563,0.9750796439906076,0.8762886597938144,0.8999999999999999,0.9333333333333332,0.5
53,0.8910179640718563,0.9750796439906076,0.8762886597938144,0.8999999999999999,0.9333333333333332,0.5
54,0.8910179640718563,0.9750796439906076,0.8762886597938144,0.8999999999999999,0.9333333333333332,0.5
55,0.8065040650406504,0.7433641549577038,0.5670103092783505,0.6,0.7,0.11538461538461542
58,0.8910179640718563,0.9750796439906076,0.8762886597938144,0.8999999999999999,0.9333333333333332,0.5
59,0.8065040650406504,0.7433641549577038,0.5670103092783505,0.6,0.7,0.11538461538461542
60,0.8065040650406504,0.7433641549577038,0.5670103092783505,0.6,0.7,0.11538461538461542
61,0.8065040650406504,0.7433641549577038,0.5670103092783505,0.6,0.7,0.11538461538461542
64,0.8266666666666667,1.0,1.0,0.84,0.8909090909090909,0.0
65,0.8266666666666667,1.0,1.0,0.84,0.8909090909090909,0.0
67,0.8266666666666667,1.0,1.0,0.84,0.8909090909090909,0.0
70,0.8266666666666667,1.0,1.0,0.84,0.8909090909090909,0.0
71,0.8266666666666667,1.0,1.0,0.84,0.8909090909090909,0.0
72,0.8266666666666667,1.0,1.0,0.84,0.8909090909090909,0.0
79,0.8266666666666667,1.0,1.0,0.84,0.8909090909090909,0.0
80,0.8266666666666667,1.0,1.0,0.84,0.8909090909090909,0.0
81,0.8266666666666667,1.0,1.0,0.84,0.8909090909090909,0.0
88,0.8266666666666667,1.0,1.0,0.84,0.8909090909090909,0.0
89,0.8266666666666667,1.0,1.0,0.84,0.8909090909090909,0.0
90,0.8266666666666667,1.0,1.0,0.84,0.8909090909090909,0.0
92,0.6278481012658227,0.44670626284032655,0.25773195876288657,0.3,0.39999999999999997,0.7307692307692308
93,0.6278481012658227,0.44670626284032655,0.25773195876288657,0.3,0.39999999999999997,0.7307692307692308
94,0.6278481012658227,0.44670626284032655,0.25773195876288657,0.3,0.39999999999999997,0.7307692307692308
95,0.6278481012658227,0.44670626284032655,0.25773195876288657,0.3,0.39999999999999997,0.7307692307692308
97,0.898550724637681,0.8954045293257268,0.7319587628865979,0.8181818181818181,0.875,0.4615384615384617
98,0.898550724637681,0.8954045293257268,0.7319587628865979,0.8181818181818181,0.875,0.4615384615384617
101,0.8266666666666667,1.0,1.0,0.84,0.8909090909090909,0.0
102,0.8266666666666667,1.0,1.0,0.84,0.8909090909090909,0.0
104,0.8266666666666667,1.0,1.0,0.84,0.8909090909090909,0.0
106,0.8266666666666667,1.0,1.0,0.84,0.8909090909090909,0.0
107,0.8266666666666667,1.0,1.0,0.84,0.8909090909090909,0.0
111,0.8266666666666667,1.0,1.0,0.84,0.8909090909090909,0.0
113,0.8266666666666667,1.0,1.0,0.84,0.8909090909090909,0.0
