3,0.6785714285714286,0.6158817620514397,0.4,0.3571428571428571,0.3793103448275862,0.0
4,0.6785714285714286,0.6158817620514397,0.4,0.3571428571428571,0.3793103448275862,0.0
5,0.6785714285714286,0.6158817620514397,0.4,0.3571428571428571,0.3793103448275862,0.0
6,0.6785714285714286,0.6158817620514397,0.4,0.3571428571428571,0.3793103448275862,0.0
7,0.6785714285714286,0.6158817620514397,0.4,0.3571428571428571,0.3793103448275862,0.0
9,0.6785714285714286,0.6158817620514397,0.4,0.3571428571428571,0.3793103448275862,0.0
10,0.6785714285714286,0.6158817620514397,0.4,0.3571428571428571,0.3793103448275862,0.0
11,1.0,1.0,1.0,1.0,1.0,1.0
12,1.0,1.0,1.0,1.0,1.0,1.0
13,1.0,1.0,1.0,1.0,1.0,1.0
15,1.0,1.0,1.0,1.0,1.0,1.0
16,1.0,1.0,1.0,1.0,1.0,1.0
17,0.6785714285714286,0.6158817620514397,0.4,0.3571428571428571,0.3793103448275862,0.0
18,0.0,0.0,0.13333333333333333,0.0,0.0,0.38888888888888895
19,0.0,0.0,0.13333333333333333,0.0,0.0,0.38888888888888895
21,0.7037037037037037,0.6382847385042254,0.46666666666666673,0.38461538461538464,0.4074074074074074,0.11111111111111108
23,0.0,0.0,0.0,0.0,0.0,0.6111111111111112
24,0.0,0.0,0.33333333333333337,0.0,0.0,0.05555555555555556
25,0.0,0.0,0.0,0.0,0.0,0.6111111111111112
