3,0.3454285714285715,1.0,1.0,1.0,1.0,0.0
6,0.3454285714285715,1.0,1.0,1.0,1.0,0.0
7,0.3454285714285715,1.0,1.0,1.0,1.0,0.0
8,0.3454285714285715,1.0,1.0,1.0,1.0,0.0
9,0.3454285714285715,1.0,1.0,1.0,1.0,0.0
10,0.3454285714285715,1.0,1.0,1.0,1.0,0.0
11,0.3454285714285715,1.0,1.0,1.0,1.0,0.0
12,0.3454285714285715,1.0,1.0,1.0,1.0,0.0
14,0.3454285714285715,1.0,1.0,1.0,1.0,0.0
15,0.3454285714285715,1.0,1.0,1.0,1.0,0.0
16,0.3454285714285715,1.0,1.0,1.0,1.0,0.0
19,0.3454285714285715,1.0,1.0,1.0,1.0,0.0
21,0.3454285714285715,1.0,1.0,1.0,1.0,0.0
22,0.4502269288956124,0.9387808360764507,0.9034482758620689,0.9283018867924526,0.9527308838133064,0.1896551724137927
23,0.4502269288956124,0.9387808360764507,0.9034482758620689,0.9283018867924526,0.9527308838133064,0.1896551724137927
24,0.4502269288956124,0.9387808360764507,0.9034482758620689,0.9283018867924526,0.9527308838133064,0.1896551724137927
25,0.4502269288956124,0.9387808360764507,0.9034482758620689,0.9283018867924526,0.9527308838133064,0.1896551724137927
26,0.4502269288956124,0.9387808360764507,0.9034482758620689,0.9283018867924526,0.9527308838133064,0.1896551724137927
29,0.3454285714285715,1.0,1.0,1.0,1.0,0.0
30,1.0,0.8787724450703465,0.7172413793103447,0.9062409288824382,0.9376819407008083,1.0
31,0.3454285714285715,1.0,1.0,1.0,1.0,0.0
33,0.3454285714285715,1.0,1.0,1.0,1.0,0.0
34,0.0,0.08073156264565172,0.09655172413793106,0.05283018867924522,0.07989218328840968,0.4482758620689656
35,0.0,0.08073156264565172,0.09655172413793106,0.05283018867924522,0.07989218328840968,0.4482758620689656
36,0.0,0.08073156264565172,0.09655172413793106,0.05283018867924522,0.07989218328840968,0.4482758620689656
37,0.0,0.08073156264565172,0.09655172413793106,0.05283018867924522,0.07989218328840968,0.4482758620689656
38,0.0,0.08073156264565172,0.09655172413793106,0.05283018867924522,0.07989218328840968,0.4482758620689656
40,0.3454285714285715,1.0,1.0,1.0,1.0,0.0
42,0.12827586206896507,0.0,0.0,0.0,0.0,0.2586206896551729
43,0.3454285714285715,1.0,1.0,1.0,1.0,0.0
44,0.3454285714285715,1.0,1.0,1.0,1.0,0.0
