5,0.6382978723404256,0.7824607964359516,1.0,0.3191489361702128,0.3469387755102041,0.0
8,0.6382978723404256,0.7824607964359516,1.0,0.3191489361702128,0.3469387755102041,0.0
9,0.6382978723404256,0.7824607964359516,1.0,0.3191489361702128,0.3469387755102041,0.0
10,0.6382978723404256,0.7824607964359516,1.0,0.3191489361702128,0.3469387755102041,0.0
11,0.6451612903225806,0.6846531968814578,0.7839506172839505,0.32142857142857145,0.3493150684931507,0.03947368421052631
12,0.6382978723404256,0.7824607964359516,1.0,0.3191489361702128,0.3469387755102041,0.0
14,0.6792452830188679,0.7205766921228922,0.8055555555555555,0.35714285714285715,0.38636363636363635,0.22368421052631593
16,0.6792452830188679,0.7205766921228922,0.8055555555555555,0.35714285714285715,0.38636363636363635,0.22368421052631593
17,0.6792452830188679,0.7205766921228922,0.8055555555555555,0.35714285714285715,0.38636363636363635,0.22368421052631593
18,0.6792452830188679,0.7205766921228922,0.8055555555555555,0.35714285714285715,0.38636363636363635,0.22368421052631593
19,0.6593406593406592,0.5710402407201608,0.5679012345679012,0.32608695652173914,0.35416666666666663,0.07894736842105261
20,0.6593406593406592,0.5710402407201608,0.5679012345679012,0.32608695652173914,0.35416666666666663,0.07894736842105261
22,0.6000000000000001,0.5222329678670936,0.5401234567901234,0.2727272727272727,0.2982456140350877,0.15789473684210523
23,0.9677419354838711,0.9393364366277244,0.6574074074074073,0.8823529411764706,0.8947368421052632,0.8421052631578948
24,0.9677419354838711,0.9393364366277244,0.6574074074074073,0.8823529411764706,0.8947368421052632,0.8421052631578948
25,0.9677419354838711,0.9393364366277244,0.6574074074074073,0.8823529411764706,0.8947368421052632,0.8421052631578948
26,0.0,0.0,0.0,0.0,0.0,1.0
27,0.0,0.0,0.05246913580246915,0.0,0.0,0.5526315789473685
28,0.0,0.0,0.05246913580246915,0.0,0.0,0.5526315789473685
29,0.0,0.0,0.05246913580246915,0.0,0.0,0.5526315789473685
30,0.0,0.0,0.06481481481481483,0.0,0.0,0.44736842105263164
32,0.6382978723404256,0.7824607964359516,1.0,0.3191489361702128,0.3469387755102041,0.0
34,0.9836065573770492,0.9682458365518544,0.6604938271604938,0.9375,0.9444444444444444,0.868421052631579
35,0.9836065573770492,0.9682458365518544,0.6604938271604938,0.9375,0.9444444444444444,0.868421052631579
36,1.0,1.0,0.6635802469135802,1.0,1.0,0.8947368421052632
37,0.9836065573770492,0.9682458365518544,0.6604938271604938,0.9375,0.9444444444444444,0.868421052631579
39,0.6382978723404256,0.7824607964359516,1.0,0.3191489361702128,0.3469387755102041,0.0
