2,0,1.0,1.0,1.0,1.0,1.0
3,0,1.0,1.0,1.0,1.0,1.0
5,0,1.0,1.0,1.0,1.0,1.0
6,0,1.0,1.0,1.0,1.0,1.0
7,0,1.0,1.0,1.0,1.0,1.0
8,0,1.0,1.0,1.0,1.0,1.0
10,0,1.0,1.0,1.0,1.0,1.0
11,0,1.0,1.0,1.0,1.0,1.0
13,0,1.0,1.0,1.0,1.0,1.0
15,0,1.0,1.0,1.0,1.0,1.0
17,0,0.3550510257216821,0.3,0.04452690166975882,0.3,0.3
21,0,1.0,1.0,1.0,1.0,1.0
24,0,1.0,1.0,1.0,1.0,1.0
26,0,1.0,1.0,1.0,1.0,1.0
28,0,0.5592578594924846,0.5,0.1038961038961039,0.5,0.5
32,0,0.0,0.0,0.0,0.0,0.0
35,0,1.0,1.0,1.0,1.0,1.0
37,0,1.0,1.0,1.0,1.0,1.0
39,0,0.7456006997051093,0.7,0.2424242424242424,0.7,0.7
43,0,0.0,0.0,0.0,0.0,0.0
46,0,1.0,1.0,1.0,1.0,1.0
48,0,1.0,1.0,1.0,1.0,1.0
50,0,0.4597118361955636,0.4,0.06926406926406928,0.4,0.4
54,0,0.6543728863656877,0.6,0.15584415584415584,0.6,0.6
58,0,1.0,1.0,1.0,1.0,1.0
60,0,1.0,1.0,1.0,1.0,1.0
62,0,1.0,1.0,1.0,1.0,1.0
64,0,1.0,1.0,1.0,1.0,1.0
65,0,1.0,1.0,1.0,1.0,1.0
67,0,1.0,1.0,1.0,1.0,1.0
69,0,1.0,1.0,1.0,1.0,1.0
71,0,1.0,1.0,1.0,1.0,1.0
73,0,1.0,1.0,1.0,1.0,1.0
75,0,1.0,1.0,1.0,1.0,1.0
80,0,1.0,1.0,1.0,1.0,1.0
