3,0.0,0.4727669444734176,0.8666666666666663,0.0,0.0,0.0
4,0.0,0.4727669444734176,0.8666666666666663,0.0,0.0,0.0
5,0.0,0.4727669444734176,0.8666666666666663,0.0,0.0,0.0
6,1.0,1.0,1.0,1.0,1.0,1.0
7,1.0,1.0,1.0,1.0,1.0,1.0
8,1.0,1.0,1.0,1.0,1.0,1.0
9,1.0,1.0,1.0,1.0,1.0,1.0
10,1.0,1.0,1.0,1.0,1.0,1.0
12,0.7380952380952396,0.0,0.0,0.4182692307692311,0.42338709677419295,0.6250000000000003
13,0.7380952380952396,0.0,0.0,0.4182692307692311,0.42338709677419295,0.6250000000000003
15,1.0,1.0,1.0,1.0,1.0,1.0
18,1.0,1.0,1.0,1.0,1.0,1.0
19,1.0,1.0,1.0,1.0,1.0,1.0
20,1.0,1.0,1.0,1.0,1.0,1.0
21,1.0,1.0,1.0,1.0,1.0,1.0
