3,0.7419354838709677,1.0,1.0,0.6774193548387097,0.7058823529411765,0.0
4,0.7419354838709677,1.0,1.0,0.6774193548387097,0.7058823529411765,0.0
7,0.7419354838709677,1.0,1.0,0.6774193548387097,0.7058823529411765,0.0
8,0.7419354838709677,1.0,1.0,0.6774193548387097,0.7058823529411765,0.0
9,0.7419354838709677,1.0,1.0,0.6774193548387097,0.7058823529411765,0.0
10,0.7419354838709677,1.0,1.0,0.6774193548387097,0.7058823529411765,0.0
11,0.7419354838709677,1.0,1.0,0.6774193548387097,0.7058823529411765,0.0
14,0.7419354838709677,1.0,1.0,0.6774193548387097,0.7058823529411765,0.0
15,0.7419354838709677,1.0,1.0,0.6774193548387097,0.7058823529411765,0.0
16,0.7419354838709677,1.0,1.0,0.6774193548387097,0.7058823529411765,0.0
19,0.7419354838709677,1.0,1.0,0.6774193548387097,0.7058823529411765,0.0
21,0.7419354838709677,1.0,1.0,0.6774193548387097,0.7058823529411765,0.0
23,0.7419354838709677,1.0,1.0,0.6774193548387097,0.7058823529411765,0.0
27,0.7419354838709677,1.0,1.0,0.6774193548387097,0.7058823529411765,0.0
30,0.7419354838709677,1.0,1.0,0.6774193548387097,0.7058823529411765,0.0
31,0.7419354838709677,1.0,1.0,0.6774193548387097,0.7058823529411765,0.0
32,0.7419354838709677,1.0,1.0,0.6774193548387097,0.7058823529411765,0.0
33,0.7419354838709677,1.0,1.0,0.6774193548387097,0.7058823529411765,0.0
34,0.7419354838709677,1.0,1.0,0.6774193548387097,0.7058823529411765,0.0
35,0.7419354838709677,1.0,1.0,0.6774193548387097,0.7058823529411765,0.0
36,0.7419354838709677,1.0,1.0,0.6774193548387097,0.7058823529411765,0.0
37,0.7419354838709677,1.0,1.0,0.6774193548387097,0.7058823529411765,0.0
43,0.7419354838709677,1.0,1.0,0.6774193548387097,0.7058823529411765,0.0
44,0.7419354838709677,1.0,1.0,0.6774193548387097,0.7058823529411765,0.0
45,0.7419354838709677,1.0,1.0,0.6774193548387097,0.7058823529411765,0.0
46,0.7419354838709677,1.0,1.0,0.6774193548387097,0.7058823529411765,0.0
47,0.7419354838709677,1.0,1.0,0.6774193548387097,0.7058823529411765,0.0
48,0.7419354838709677,1.0,1.0,0.6774193548387097,0.7058823529411765,0.0
49,0.7419354838709677,1.0,1.0,0.6774193548387097,0.7058823529411765,0.0
53,0.7419354838709677,1.0,1.0,0.6774193548387097,0.7058823529411765,0.0
55,0.7419354838709677,1.0,1.0,0.6774193548387097,0.7058823529411765,0.0
56,0.7419354838709677,1.0,1.0,0.6774193548387097,0.7058823529411765,0.0
57,0.7419354838709677,1.0,1.0,0.6774193548387097,0.7058823529411765,0.0
58,0.7419354838709677,1.0,1.0,0.6774193548387097,0.7058823529411765,0.0
59,0.0,0.0,0.0,0.0,0.0,0.0
63,0.7419354838709677,1.0,1.0,0.6774193548387097,0.7058823529411765,0.0
64,0.7419354838709677,1.0,1.0,0.6774193548387097,0.7058823529411765,0.0
65,1.0,0.7934920476158723,0.3670886075949367,1.0,1.0,0.9999999999999996
67,0.6571428571428571,0.734630886692453,0.6329113924050633,0.5185185185185185,0.5517241379310345,1.0
71,0.7419354838709677,1.0,1.0,0.6774193548387097,0.7058823529411765,0.0
