3,0.21359921542987895,0.9777716113706929,1.0,0.7655553848517438,0.8044577330796414,0.0
7,0.21359921542987895,0.9777716113706929,1.0,0.7655553848517438,0.8044577330796414,0.0
8,0.21359921542987895,0.9777716113706929,1.0,0.7655553848517438,0.8044577330796414,0.0
10,0.21359921542987895,0.9777716113706929,1.0,0.7655553848517438,0.8044577330796414,0.0
12,0.21359921542987895,0.9777716113706929,1.0,0.7655553848517438,0.8044577330796414,0.0
13,0.21359921542987895,0.9777716113706929,1.0,0.7655553848517438,0.8044577330796414,0.0
14,0.21359921542987895,0.9777716113706929,1.0,0.7655553848517438,0.8044577330796414,0.0
16,0.21359921542987895,0.9777716113706929,1.0,0.7655553848517438,0.8044577330796414,0.0
19,0.376782299918055,1.0,0.9361022364217253,0.8862190812720849,0.9075179724625322,0.43069306930693046
21,0.376782299918055,1.0,0.9361022364217253,0.8862190812720849,0.9075179724625322,0.43069306930693046
22,0.376782299918055,1.0,0.9361022364217253,0.8862190812720849,0.9075179724625322,0.43069306930693046
23,0.376782299918055,1.0,0.9361022364217253,0.8862190812720849,0.9075179724625322,0.43069306930693046
24,0.376782299918055,1.0,0.9361022364217253,0.8862190812720849,0.9075179724625322,0.43069306930693046
26,0.376782299918055,1.0,0.9361022364217253,0.8862190812720849,0.9075179724625322,0.43069306930693046
27,0.376782299918055,1.0,0.9361022364217253,0.8862190812720849,0.9075179724625322,0.43069306930693046
28,0.5876613432509294,0.9797208322092812,0.8003194888178915,1.0,1.0,0.8217821782178214
30,0.0,0.0,0.0,0.0,0.0,0.17821782178217835
31,0.0,0.0,0.0,0.0,0.0,0.17821782178217835
33,0.0,0.0,0.0,0.0,0.0,0.17821782178217835
35,0.0,0.0,0.0,0.0,0.0,0.17821782178217835
38,0.0,0.0,0.0,0.0,0.0,0.17821782178217835
40,0.0,0.0,0.0,0.0,0.0,0.17821782178217835
41,0.0,0.0,0.0,0.0,0.0,0.17821782178217835
42,0.0,0.0,0.0,0.0,0.0,0.17821782178217835
43,0.0,0.0,0.0,0.0,0.0,0.17821782178217835
46,0.0,0.0,0.0,0.0,0.0,0.17821782178217835
47,0.0,0.0,0.0,0.0,0.0,0.17821782178217835
48,0.0,0.0,0.0,0.0,0.0,0.17821782178217835
49,0.0,0.0,0.0,0.0,0.0,0.17821782178217835
51,1.0,0.23951329405227195,0.011182108626198124,0.19434628975265014,0.23307964120684976,0.48019801980198
53,0.0,0.0,0.0,0.0,0.0,0.17821782178217835
57,0.9475132275132275,0.7840015618706125,0.44728434504792336,0.9134275618374559,0.9300353356890461,1.0
59,0.9475132275132275,0.7840015618706125,0.44728434504792336,0.9134275618374559,0.9300353356890461,1.0
60,0.9475132275132275,0.7840015618706125,0.44728434504792336,0.9134275618374559,0.9300353356890461,1.0
62,0.9475132275132275,0.7840015618706125,0.44728434504792336,0.9134275618374559,0.9300353356890461,1.0
65,0.21359921542987895,0.9777716113706929,1.0,0.7655553848517438,0.8044577330796414,0.0
