2,0.6354166666666665,0.9349701319895898,1.0,0.6779279279279279,0.7844594594594596,0.0
4,0.6354166666666665,0.9349701319895898,1.0,0.6779279279279279,0.7844594594594596,0.0
5,0.6354166666666665,0.9349701319895898,1.0,0.6779279279279279,0.7844594594594596,0.0
6,0.6354166666666665,0.9349701319895898,1.0,0.6779279279279279,0.7844594594594596,0.0
8,0.6354166666666665,0.9349701319895898,1.0,0.6779279279279279,0.7844594594594596,0.0
10,0.0,0.0,0.0,0.0,0.0,0.9999999999999999
11,0.0,0.0,0.0,0.0,0.0,0.9999999999999999
13,1.0,1.0,0.802547770700637,1.0,1.0,1.0
15,1.0,1.0,0.802547770700637,1.0,1.0,1.0
17,1.0,1.0,0.802547770700637,1.0,1.0,1.0
19,0.6354166666666665,0.41982953765707304,0.2515923566878981,0.24644381223328587,0.36121621621621625,0.0
21,1.0,1.0,0.802547770700637,1.0,1.0,1.0
23,0.8970588235294116,0.43661103510377014,0.18471337579617836,0.24239864864864863,0.3561776061776062,0.2941176470588235
25,1.0,1.0,0.802547770700637,1.0,1.0,1.0
27,0.6805273833671397,0.36424176002258757,0.17834394904458598,0.1996996996996997,0.30141010575793187,0.05882352941176465
30,1.0,1.0,0.802547770700637,1.0,1.0,1.0
