2,0.3750000000000001,1.0,1.0,1.0,1.0,0.0
5,0.3750000000000001,1.0,1.0,1.0,1.0,0.0
6,0.3750000000000001,1.0,1.0,1.0,1.0,0.0
7,0.3750000000000001,1.0,1.0,1.0,1.0,0.0
8,0.3750000000000001,1.0,1.0,1.0,1.0,0.0
10,2.0816681711721685e-16,0.5856406460551018,0.5384615384615384,0.2727272727272727,0.5454545454545454,1.0
11,2.0816681711721685e-16,0.5856406460551018,0.5384615384615384,0.2727272727272727,0.5454545454545454,1.0
12,2.0816681711721685e-16,0.5856406460551018,0.5384615384615384,0.2727272727272727,0.5454545454545454,1.0
13,2.0816681711721685e-16,0.5856406460551018,0.5384615384615384,0.2727272727272727,0.5454545454545454,1.0
14,2.0816681711721685e-16,0.5856406460551018,0.5384615384615384,0.2727272727272727,0.5454545454545454,1.0
15,2.0816681711721685e-16,0.5856406460551018,0.5384615384615384,0.2727272727272727,0.5454545454545454,1.0
16,0.0,0.0,0.0,0.0,0.0,0.33333333333333326
17,2.0816681711721685e-16,0.5856406460551018,0.5384615384615384,0.2727272727272727,0.5454545454545454,1.0
18,2.0816681711721685e-16,0.5856406460551018,0.5384615384615384,0.2727272727272727,0.5454545454545454,1.0
20,0.3750000000000001,0.669693845669907,0.5769230769230769,0.34545454545454546,0.6280991735537189,0.0
22,2.0816681711721685e-16,0.5856406460551018,0.5384615384615384,0.2727272727272727,0.5454545454545454,1.0
23,2.0816681711721685e-16,0.5856406460551018,0.5384615384615384,0.2727272727272727,0.5454545454545454,1.0
24,2.0816681711721685e-16,0.5856406460551018,0.5384615384615384,0.2727272727272727,0.5454545454545454,1.0
25,2.0816681711721685e-16,0.5856406460551018,0.5384615384615384,0.2727272727272727,0.5454545454545454,1.0
27,2.0816681711721685e-16,0.5856406460551018,0.5384615384615384,0.2727272727272727,0.5454545454545454,1.0
30,1.0,0.7711688096991451,0.6153846153846154,0.45454545454545453,0.7272727272727272,0.9999999999999999
32,0.3750000000000001,0.669693845669907,0.5769230769230769,0.34545454545454546,0.6280991735537189,0.0
35,2.0816681711721685e-16,0.5856406460551018,0.5384615384615384,0.2727272727272727,0.5454545454545454,1.0
43,0.3750000000000001,1.0,1.0,1.0,1.0,0.0
44,0.3750000000000001,1.0,1.0,1.0,1.0,0.0
