8,0.0,0.0,0.0,0.0,0.0,0.0
16,0.0,0.0,0.0,0.0,0.0,0.0
17,0.0,0.0,0.0,0.0,0.0,0.0
19,0.0,0.0,0.0,0.0,0.0,0.0
20,0.0,0.0,0.0,0.0,0.0,0.0
21,0.0,0.0,0.0,0.0,0.0,0.0
23,0.0,0.0,0.0,0.0,0.0,0.0
25,0.0,0.0,0.0,0.0,0.0,0.0
26,0.0,0.0,0.0,0.0,0.0,0.0
27,0.0,0.0,0.0,0.0,0.0,0.0
29,0.33333333333333354,0.29813471325596475,0.39999999999999997,0.24999999999999994,0.2666666666666666,0.3999999999999999
30,0.0,0.0,0.0,0.0,0.0,0.0
32,0.0,0.0,0.0,0.0,0.0,0.0
33,0.0,0.0,0.0,0.0,0.0,0.0
34,0.0,0.0,0.0,0.0,0.0,0.0
36,0.15789473684210512,0.13787560920825317,0.19999999999999984,0.111111111111111,0.12000000000000006,0.19999999999999996
38,0.15789473684210512,0.13787560920825317,0.19999999999999984,0.111111111111111,0.12000000000000006,0.19999999999999996
39,0.15789473684210512,0.13787560920825317,0.19999999999999984,0.111111111111111,0.12000000000000006,0.19999999999999996
41,0.15789473684210512,0.13787560920825317,0.19999999999999984,0.111111111111111,0.12000000000000006,0.19999999999999996
42,0.15789473684210512,0.13787560920825317,0.19999999999999984,0.111111111111111,0.12000000000000006,0.19999999999999996
46,0.0,0.0,0.0,0.0,0.0,0.0
47,0.0,0.0,0.0,0.0,0.0,0.0
48,1.0,1.0,1.0,1.0,1.0,1.0
49,0.0,0.0,0.0,0.0,0.0,0.0
50,0.0,0.0,0.0,0.0,0.0,0.0
