2,0.8529411764705883,1.0,1.0,1.0,1.0,0.0
4,0.8529411764705883,1.0,1.0,1.0,1.0,0.0
5,0.8529411764705883,1.0,1.0,1.0,1.0,0.0
6,0.8529411764705883,1.0,1.0,1.0,1.0,0.0
7,1.0,0.411877235523957,0.15120967741935484,0.6538461538461539,0.6785714285714286,0.2083333333333333
8,0.8353909465020578,0.9183120937074036,0.8729838709677419,0.9444444444444444,0.9500000000000001,0.2083333333333332
9,0.8285714285714287,0.689202437604511,0.5080645161290323,0.8500000000000001,0.8636363636363638,0.16666666666666669
10,0.8446601941747574,0.6070704100502845,0.38911290322580644,0.8225806451612903,0.8382352941176472,0.04166666666666652
12,0.6904761904761906,0.41943524640393054,0.25201612903225806,0.5483870967741935,0.5757575757575758,0.6666666666666667
13,0.6904761904761906,0.41943524640393054,0.25201612903225806,0.5483870967741935,0.5757575757575758,0.6666666666666667
14,0.6904761904761906,0.41943524640393054,0.25201612903225806,0.5483870967741935,0.5757575757575758,0.6666666666666667
15,0.6904761904761906,0.41943524640393054,0.25201612903225806,0.5483870967741935,0.5757575757575758,0.6666666666666667
17,0.0,0.0,0.0,0.0,0.0,1.0
18,0.0,0.0,0.0,0.0,0.0,1.0
19,0.0,0.0,0.0,0.0,0.0,1.0
21,0.6904761904761906,0.41943524640393054,0.25201612903225806,0.5483870967741935,0.5757575757575758,0.6666666666666667
23,0.8529411764705883,1.0,1.0,1.0,1.0,0.0
