5,0,1.0,1.0,1.0,1.0,1.0
6,0,1.0,1.0,1.0,1.0,1.0
8,0,1.0,1.0,1.0,1.0,1.0
9,0,1.0,1.0,1.0,1.0,1.0
10,0,1.0,1.0,1.0,1.0,1.0
11,0,1.0,1.0,1.0,1.0,1.0
13,0,1.0,1.0,1.0,1.0,1.0
14,0,1.0,1.0,1.0,1.0,1.0
16,0,1.0,1.0,1.0,1.0,1.0
17,0,1.0,1.0,1.0,1.0,1.0
18,0,0.8527607619536548,0.8,0.4067796610169491,0.8,0.8
19,0,0.8527607619536548,0.8,0.4067796610169491,0.8,0.8
20,0,0.6007829291119267,0.5,0.10169491525423728,0.5000000000000001,0.5000000000000001
22,0,0.5050403503809969,0.4,0.06779661016949153,0.4,0.4
23,0,0.0,0.0,0.0,0.0,0.0
26,0,0.4009264867016856,0.3,0.04358353510895883,0.3,0.3
27,0,0.4009264867016856,0.3,0.04358353510895883,0.3,0.3
29,0,0.8527607619536548,0.8,0.4067796610169491,0.8,0.8
31,0,1.0,1.0,1.0,1.0,1.0
32,0,1.0,1.0,1.0,1.0,1.0
34,0,1.0,1.0,1.0,1.0,1.0
