7,0.75,0.860387767736777,0.8999999999999999,0.7403846153846155,0.7692307692307692,0.0
9,0.75,0.860387767736777,0.8999999999999999,0.7403846153846155,0.7692307692307692,0.0
11,0.75,0.860387767736777,0.8999999999999999,0.7403846153846155,0.7692307692307692,0.0
15,0.75,0.860387767736777,0.8999999999999999,0.7403846153846155,0.7692307692307692,0.0
16,0.75,0.860387767736777,0.8999999999999999,0.7403846153846155,0.7692307692307692,0.0
17,0.75,0.860387767736777,0.8999999999999999,0.7403846153846155,0.7692307692307692,0.0
18,1.0,1.0,1.0,1.0,1.0,0.37499999999999994
22,0.75,0.860387767736777,0.8999999999999999,0.7403846153846155,0.7692307692307692,0.0
23,0.0,0.0,0.0,0.0,0.0,1.0
25,0.0,0.0,0.0,0.0,0.0,1.0
26,0.0,0.0,0.0,0.0,0.0,1.0
27,0.0,0.0,0.0,0.0,0.0,1.0
28,0.0,0.0,0.0,0.0,0.0,1.0
29,0.0,0.0,0.0,0.0,0.0,1.0
34,0.75,0.860387767736777,0.8999999999999999,0.7403846153846155,0.7692307692307692,0.0
35,0.75,0.860387767736777,0.8999999999999999,0.7403846153846155,0.7692307692307692,0.0
36,0.75,0.860387767736777,0.8999999999999999,0.7403846153846155,0.7692307692307692,0.0
37,0.75,0.860387767736777,0.8999999999999999,0.7403846153846155,0.7692307692307692,0.0
39,0.75,0.860387767736777,0.8999999999999999,0.7403846153846155,0.7692307692307692,0.0
41,0.75,0.860387767736777,0.8999999999999999,0.7403846153846155,0.7692307692307692,0.0
44,0.75,0.860387767736777,0.8999999999999999,0.7403846153846155,0.7692307692307692,0.0
47,0.75,0.860387767736777,0.8999999999999999,0.7403846153846155,0.7692307692307692,0.0
48,0.75,0.860387767736777,0.8999999999999999,0.7403846153846155,0.7692307692307692,0.0
49,0.75,0.860387767736777,0.8999999999999999,0.7403846153846155,0.7692307692307692,0.0
50,0.75,0.860387767736777,0.8999999999999999,0.7403846153846155,0.7692307692307692,0.0
52,0.75,0.860387767736777,0.8999999999999999,0.7403846153846155,0.7692307692307692,0.0
54,0.75,0.860387767736777,0.8999999999999999,0.7403846153846155,0.7692307692307692,0.0
56,0.75,0.860387767736777,0.8999999999999999,0.7403846153846155,0.7692307692307692,0.0
57,0.75,0.860387767736777,0.8999999999999999,0.7403846153846155,0.7692307692307692,0.0
60,0.75,0.860387767736777,0.8999999999999999,0.7403846153846155,0.7692307692307692,0.0
62,0.75,0.860387767736777,0.8999999999999999,0.7403846153846155,0.7692307692307692,0.0
63,0.75,0.860387767736777,0.8999999999999999,0.7403846153846155,0.7692307692307692,0.0
66,0.75,0.860387767736777,0.8999999999999999,0.7403846153846155,0.7692307692307692,0.0
