5,0.6333333333333333,0.5590169943749475,0.5769230769230769,0.26666666666666666,0.3125,0.0
7,0.6333333333333333,0.5590169943749475,0.5769230769230769,0.26666666666666666,0.3125,0.0
8,0.6333333333333333,0.5590169943749475,0.5769230769230769,0.26666666666666666,0.3125,0.0
9,0.6333333333333333,0.5590169943749475,0.5769230769230769,0.26666666666666666,0.3125,0.0
10,0.6333333333333333,0.5590169943749475,0.5769230769230769,0.26666666666666666,0.3125,0.0
11,0.6333333333333333,0.5590169943749475,0.5769230769230769,0.26666666666666666,0.3125,0.0
13,0.6333333333333333,0.5590169943749475,0.5769230769230769,0.26666666666666666,0.3125,0.0
14,0.6551724137931035,0.5773502691896257,0.6153846153846154,0.2857142857142857,0.3333333333333333,0.07142857142857141
15,0.6333333333333333,0.5590169943749475,0.5769230769230769,0.26666666666666666,0.3125,0.0
17,0.6333333333333333,0.5590169943749475,0.5769230769230769,0.26666666666666666,0.3125,0.0
19,0.6333333333333333,0.5590169943749475,0.5769230769230769,0.26666666666666666,0.3125,0.0
21,0.6333333333333333,0.5590169943749475,0.5769230769230769,0.26666666666666666,0.3125,0.0
22,0.6333333333333333,0.5590169943749475,0.5769230769230769,0.26666666666666666,0.3125,0.0
24,0.6551724137931035,0.5773502691896257,0.6153846153846154,0.2857142857142857,0.3333333333333333,0.07142857142857141
25,0.6551724137931035,0.5773502691896257,0.6153846153846154,0.2857142857142857,0.3333333333333333,0.07142857142857141
27,0.0,0.0,0.0,0.0,0.0,1.0
28,0.6551724137931035,0.5773502691896257,0.6153846153846154,0.2857142857142857,0.3333333333333333,0.07142857142857141
30,0.7037037037037037,0.6201736729460423,0.6923076923076923,0.3333333333333333,0.38461538461538464,0.21428571428571425
31,0.7037037037037037,0.6201736729460423,0.6923076923076923,0.3333333333333333,0.38461538461538464,0.21428571428571425
33,0.7600000000000001,0.6741998624632421,0.7692307692307693,0.4,0.45454545454545453,0.35714285714285715
34,0.7600000000000001,0.6741998624632421,0.7692307692307693,0.4,0.45454545454545453,0.35714285714285715
36,0.8260869565217391,0.7453559924999299,0.8461538461538461,0.5,0.5555555555555555,0.5
37,0.8260869565217391,0.7453559924999299,0.8461538461538461,0.5,0.5555555555555555,0.5
38,0.8260869565217391,0.7453559924999299,0.8461538461538461,0.5,0.5555555555555555,0.5
39,0.8260869565217391,0.7453559924999299,0.8461538461538461,0.5,0.5555555555555555,0.5
44,0.7037037037037037,0.6201736729460423,0.6923076923076923,0.3333333333333333,0.38461538461538464,0.21428571428571425
45,0.7037037037037037,0.6201736729460423,0.6923076923076923,0.3333333333333333,0.38461538461538464,0.21428571428571425
47,0.7600000000000001,0.6741998624632421,0.7692307692307693,0.4,0.45454545454545453,0.35714285714285715
48,0.7600000000000001,0.6741998624632421,0.7692307692307693,0.4,0.45454545454545453,0.35714285714285715
49,0.7600000000000001,0.6741998624632421,0.7692307692307693,0.4,0.45454545454545453,0.35714285714285715
50,0.7600000000000001,0.6741998624632421,0.7692307692307693,0.4,0.45454545454545453,0.35714285714285715
53,0.7037037037037037,0.6201736729460423,0.6923076923076923,0.3333333333333333,0.38461538461538464,0.21428571428571425
55,0.6551724137931035,0.5773502691896257,0.6153846153846154,0.2857142857142857,0.3333333333333333,0.07142857142857141
57,0.6333333333333333,0.5590169943749475,0.5769230769230769,0.26666666666666666,0.3125,0.0
60,0.8636363636363635,0.7905694150420948,0.8846153846153846,0.5714285714285714,0.625,0.5714285714285714
61,0.8636363636363635,0.7905694150420948,0.8846153846153846,0.5714285714285714,0.625,0.5714285714285714
62,1.0,1.0,1.0,1.0,1.0,0.7857142857142858
63,0.8636363636363635,0.7905694150420948,0.8846153846153846,0.5714285714285714,0.625,0.5714285714285714
65,0.6333333333333333,0.5590169943749475,0.5769230769230769,0.26666666666666666,0.3125,0.0
