8,0.845263157894737,0.9602694528400869,0.9924812030075189,0.9034528997653368,0.9220382165605095,0.0
9,0.845263157894737,0.9602694528400869,0.9924812030075189,0.9034528997653368,0.9220382165605095,0.0
10,0.845263157894737,0.9602694528400869,0.9924812030075189,0.9034528997653368,0.9220382165605095,0.0
12,0.845263157894737,0.9602694528400869,0.9924812030075189,0.9034528997653368,0.9220382165605095,0.0
13,1.0,1.0,1.0,1.0,1.0,1.0
14,0.947027027027027,0.9314020307086098,0.9072681704260651,0.9310603222180592,0.9446567586694977,0.61111111111111
17,0.845263157894737,0.9602694528400869,0.9924812030075189,0.9034528997653368,0.9220382165605095,0.0
18,0.845263157894737,0.9602694528400869,0.9924812030075189,0.9034528997653368,0.9220382165605095,0.0
19,0.947027027027027,0.749528039038514,0.6365914786967419,0.7961783439490445,0.8315640481245576,0.4444444444444443
20,0.947027027027027,0.749528039038514,0.6365914786967419,0.7961783439490445,0.8315640481245576,0.4444444444444443
22,0.657,0.3982923493692254,0.27067669172932335,0.4255935147654893,0.4835864772170506,0.4444444444444443
23,0.0,0.0,0.0,0.0,0.0,0.6111111111111109
24,0.0,0.0,0.0,0.0,0.0,0.6111111111111109
26,0.9470270270270279,0.3410821343888717,0.1854636591478697,0.37154989384288745,0.42766151046405826,0.1666666666666668
27,0.9470270270270279,0.3410821343888717,0.1854636591478697,0.37154989384288745,0.42766151046405826,0.1666666666666668
28,0.9470270270270279,0.3410821343888717,0.1854636591478697,0.37154989384288745,0.42766151046405826,0.1666666666666668
