4,0.5789473684210527,0.4152273992686998,0.4606741573033708,0.15789473684210525,0.17241379310344826,0.0
5,0.5789473684210527,0.4152273992686998,0.4606741573033708,0.15789473684210525,0.17241379310344826,0.0
6,0.5789473684210527,0.4152273992686998,0.4606741573033708,0.15789473684210525,0.17241379310344826,0.0
7,0.5789473684210527,0.4152273992686998,0.4606741573033708,0.15789473684210525,0.17241379310344826,0.0
8,0.5789473684210527,0.4152273992686998,0.4606741573033708,0.15789473684210525,0.17241379310344826,0.0
9,0.5789473684210527,0.4152273992686998,0.4606741573033708,0.15789473684210525,0.17241379310344826,0.0
10,0.0,0.0,0.0,0.0,0.0,0.8333333333333334
11,0.0,0.0,0.0,0.0,0.0,0.8333333333333334
13,0.8918918918918919,0.74535599249993,0.9101123595505618,0.5294117647058824,0.5555555555555555,0.8333333333333334
14,0.8918918918918919,0.74535599249993,0.9101123595505618,0.5294117647058824,0.5555555555555555,0.8333333333333334
15,0.8918918918918919,0.74535599249993,0.9101123595505618,0.5294117647058824,0.5555555555555555,0.8333333333333334
16,0.0,0.0,0.30337078651685395,0.0,0.0,0.2708333333333333
17,0.8918918918918919,0.74535599249993,0.9101123595505618,0.5294117647058824,0.5555555555555555,0.8333333333333334
18,0.0,0.0,0.31460674157303375,0.0,0.0,0.25
20,0.8918918918918919,0.74535599249993,0.9101123595505618,0.5294117647058824,0.5555555555555555,0.8333333333333334
21,1.0,1.0,1.0,1.0,1.0,1.0
24,0.0,0.0,0.3595505617977528,0.0,0.0,0.16666666666666666
26,0.8918918918918919,0.74535599249993,0.9101123595505618,0.5294117647058824,0.5555555555555555,0.8333333333333334
