2,0.9791666666666667,0.9797958971132712,0.9600000000000001,0.9583333333333333,0.9600000000000001,0.0
4,0.9791666666666667,0.9797958971132712,0.9600000000000001,0.9583333333333333,0.9600000000000001,0.0
5,0.9791666666666667,0.9797958971132712,0.9600000000000001,0.9583333333333333,0.9600000000000001,0.0
6,0.9791666666666667,0.9797958971132712,0.9600000000000001,0.9583333333333333,0.9600000000000001,0.0
8,0.0,0.0,0.88,0.0,0.0,0.043478260869565216
9,0.0,0.0,0.88,0.0,0.0,0.043478260869565216
11,1.0,1.0,1.0,1.0,1.0,0.043478260869565175
12,0.0,0.0,0.0,0.0,0.0,1.0
13,1.0,1.0,1.0,1.0,1.0,0.043478260869565175
14,1.0,1.0,1.0,1.0,1.0,0.043478260869565175
