4,0.7712765957446809,0.9246621004453465,1.0,0.5744680851063829,0.6,0.0
5,0.7712765957446809,0.9246621004453465,1.0,0.5744680851063829,0.6,0.0
7,0.7712765957446809,0.9246621004453465,1.0,0.5744680851063829,0.6,0.0
8,0.7712765957446809,0.9246621004453465,1.0,0.5744680851063829,0.6,0.0
9,0.7712765957446809,0.9246621004453465,1.0,0.5744680851063829,0.6,0.0
11,0.0,0.0,0.1452991452991453,0.0,0.0,0.15
13,0.7712765957446809,0.9246621004453465,1.0,0.5744680851063829,0.6,0.0
15,0.625,0.4448782605013047,0.38461538461538464,0.36000000000000004,0.38461538461538464,0.3666666666666667
16,0.625,0.4448782605013047,0.38461538461538464,0.36000000000000004,0.38461538461538464,0.3666666666666667
18,0.625,0.4448782605013047,0.38461538461538464,0.36000000000000004,0.38461538461538464,0.3666666666666667
20,0.0,0.0,0.0,0.0,0.0,1.0
24,0.7178217821782178,0.5,0.4273504273504274,0.45000000000000007,0.47619047619047616,0.11666666666666671
27,0.625,0.4448782605013047,0.38461538461538464,0.36000000000000004,0.38461538461538464,0.3666666666666667
31,0.8734939759036146,0.8548504142651102,0.7863247863247863,0.7200000000000001,0.7407407407407407,0.3666666666666667
32,0.8734939759036146,0.8548504142651102,0.7863247863247863,0.7200000000000001,0.7407407407407407,0.3666666666666667
34,0.9235668789808917,0.9088932591463857,0.811965811965812,0.8181818181818182,0.8333333333333333,0.5166666666666666
36,0.9602649006622518,0.9511897312113416,0.8290598290598291,0.9000000000000001,0.9090909090909091,0.6166666666666666
40,1.0,1.0,0.8461538461538461,1.0,1.0,0.7166666666666666
43,0.8734939759036146,0.8548504142651102,0.7863247863247863,0.7200000000000001,0.7407407407407407,0.3666666666666667
48,0.7712765957446809,0.9246621004453465,1.0,0.5744680851063829,0.6,0.0
