3,0,1.0,1.0,1.0,1.0,1.0
5,0,1.0,1.0,1.0,1.0,1.0
7,0,1.0,1.0,1.0,1.0,1.0
8,0,1.0,1.0,1.0,1.0,1.0
9,0,1.0,1.0,1.0,1.0,1.0
10,0,1.0,1.0,1.0,1.0,1.0
11,0,1.0,1.0,1.0,1.0,1.0
12,0,0.9321376312131633,0.9166666666666666,0.9457013574660633,0.9166666666666667,0.9166666666666667
14,0,0.9321376312131633,0.9166666666666666,0.9457013574660633,0.9166666666666667,0.9166666666666667
15,0,0.9321376312131633,0.9166666666666666,0.9457013574660633,0.9166666666666667,0.9166666666666667
16,0,0.9321376312131633,0.9166666666666666,0.9457013574660633,0.9166666666666667,0.9166666666666667
17,0,0.9321376312131633,0.9166666666666666,0.9457013574660633,0.9166666666666667,0.9166666666666667
18,0,0.5602552554166975,0.5,0.085972850678733,0.5000000000000001,0.5000000000000001
19,0,0.0,0.0,0.0,0.0,0.0
20,0,0.0,0.0,0.0,0.0,0.0
22,0,0.30150720189668195,0.25,0.02865761689291101,0.25,0.25
25,0,0.9321376312131633,0.9166666666666666,0.9457013574660633,0.9166666666666667,0.9166666666666667
28,0,1.0,1.0,1.0,1.0,1.0
29,0,1.0,1.0,1.0,1.0,1.0
