3,0.234065934065934,1.0,1.0,1.0,1.0,0.0
6,0.234065934065934,1.0,1.0,1.0,1.0,0.0
8,0.234065934065934,1.0,1.0,1.0,1.0,0.0
9,0.5530671859785784,0.5913801494330019,0.35294117647058826,0.4478114478114479,0.5858585858585857,0.9268292682926831
10,1.0,0.39657670420655283,0.10588235294117646,0.16498316498316498,0.2563131313131313,1.0
12,0.18832891246684366,0.05501025494307064,0.0058823529411764506,0.014141414141414154,0.024410774410774407,0.07317073170731696
15,0.04169113329418662,0.4551668063103873,0.40588235294117647,0.32026143790849676,0.4511111111111111,0.9268292682926831
16,0.0682692307692307,0.22625189882420876,0.16470588235294115,0.1414141414141414,0.22318422318422315,0.4878048780487805
18,0.0,0.0,0.0,0.0,0.0,0.4390243902439023
22,0.234065934065934,1.0,1.0,1.0,1.0,0.0
