7,0,1.0,1.0,1.0,1.0,1.0
9,0,1.0,1.0,1.0,1.0,1.0
11,0,1.0,1.0,1.0,1.0,1.0
12,0,1.0,1.0,1.0,1.0,1.0
14,0,1.0,1.0,1.0,1.0,1.0
15,0,1.0,1.0,1.0,1.0,1.0
17,0,1.0,1.0,1.0,1.0,1.0
18,0,1.0,1.0,1.0,1.0,1.0
19,0,0.9128709291752769,0.8333333333333334,0.1388888888888889,0.8333333333333334,0.8333333333333334
20,0,0.9128709291752769,0.8333333333333334,0.1388888888888889,0.8333333333333334,0.8333333333333334
24,0,1.0,1.0,1.0,1.0,1.0
25,0,0.408248290463863,0.16666666666666666,0.005555555555555556,0.16666666666666666,0.16666666666666666
26,0,0.408248290463863,0.16666666666666666,0.005555555555555556,0.16666666666666666,0.16666666666666666
28,0,0.408248290463863,0.16666666666666666,0.005555555555555556,0.16666666666666666,0.16666666666666666
30,0,0.408248290463863,0.16666666666666666,0.005555555555555556,0.16666666666666666,0.16666666666666666
31,0,0.0,0.0,0.0,0.0,0.0
34,0,1.0,1.0,1.0,1.0,1.0
35,0,0.408248290463863,0.16666666666666666,0.005555555555555556,0.16666666666666666,0.16666666666666666
36,0,0.408248290463863,0.16666666666666666,0.005555555555555556,0.16666666666666666,0.16666666666666666
37,0,0.0,0.0,0.0,0.0,0.0
39,0,1.0,1.0,1.0,1.0,1.0
