5,0.0,0.0,0.0,0.0,0.0,0.5000000000000003
6,0.0,0.0,0.0,0.0,0.0,0.5000000000000003
7,1.0,1.0,0.5,1.0,1.0,1.0
9,0.0,0.0,0.0,0.0,0.0,0.5000000000000003
12,0.25757575757575774,0.931078901179385,1.0,0.3636363636363635,0.4,0.0
13,0.25757575757575774,0.931078901179385,1.0,0.3636363636363635,0.4,0.0
14,0.25757575757575774,0.931078901179385,1.0,0.3636363636363635,0.4,0.0
15,0.25757575757575774,0.931078901179385,1.0,0.3636363636363635,0.4,0.0
16,0.25757575757575774,0.931078901179385,1.0,0.3636363636363635,0.4,0.0
19,0.25757575757575774,0.931078901179385,1.0,0.3636363636363635,0.4,0.0
20,0.0,0.0,0.0,0.0,0.0,0.5000000000000003
21,0.0,0.0,0.0,0.0,0.0,0.5000000000000003
24,0.7351351351351353,0.7162761478396419,0.39999999999999986,0.6666666666666665,0.7000000000000001,0.7000000000000001
26,0.0,0.0,0.0,0.0,0.0,0.5000000000000003
28,0.25757575757575774,0.931078901179385,1.0,0.3636363636363635,0.4,0.0
29,0.25757575757575774,0.931078901179385,1.0,0.3636363636363635,0.4,0.0
