4,0.6071428571428571,0.6236095644623236,0.8307692307692307,0.21428571428571427,0.3888888888888889,0.0
5,0.6071428571428571,0.6236095644623236,0.8307692307692307,0.21428571428571427,0.3888888888888889,0.0
6,0.6071428571428571,0.6236095644623236,0.8307692307692307,0.21428571428571427,0.3888888888888889,0.0
8,0.6071428571428571,0.6236095644623236,0.8307692307692307,0.21428571428571427,0.3888888888888889,0.0
9,0.6071428571428571,0.6236095644623236,0.8307692307692307,0.21428571428571427,0.3888888888888889,0.0
10,0.6071428571428571,0.6236095644623236,0.8307692307692307,0.21428571428571427,0.3888888888888889,0.0
11,0.6071428571428571,0.6236095644623236,0.8307692307692307,0.21428571428571427,0.3888888888888889,0.0
13,0.0,0.0,0.06153846153846154,0.0,0.0,0.36363636363636365
14,0.0,0.0,0.06153846153846154,0.0,0.0,0.36363636363636365
16,0.6071428571428571,0.6236095644623236,0.8307692307692307,0.21428571428571427,0.3888888888888889,0.0
18,1.0,1.0,1.0,1.0,1.0,1.0
19,1.0,1.0,1.0,1.0,1.0,1.0
21,0.6071428571428571,0.6236095644623236,0.8307692307692307,0.21428571428571427,0.3888888888888889,0.0
23,0.0,0.0,0.09230769230769231,0.0,0.0,0.18181818181818182
24,0.0,0.0,0.09230769230769231,0.0,0.0,0.18181818181818182
26,0.6071428571428571,0.6236095644623236,0.8307692307692307,0.21428571428571427,0.3888888888888889,0.0
28,0.6071428571428571,0.44095855184409843,0.4769230769230769,0.16666666666666666,0.31818181818181823,0.0
29,0.6071428571428571,0.44095855184409843,0.4769230769230769,0.16666666666666666,0.31818181818181823,0.0
31,0.6071428571428571,0.6236095644623236,0.8307692307692307,0.21428571428571427,0.3888888888888889,0.0
33,0.6071428571428571,0.6236095644623236,0.8307692307692307,0.21428571428571427,0.3888888888888889,0.0
35,0.8095238095238094,0.7977240352174657,0.9384615384615385,0.42857142857142855,0.6363636363636365,0.6363636363636364
36,0.8095238095238094,0.7977240352174657,0.9384615384615385,0.42857142857142855,0.6363636363636365,0.6363636363636364
38,0.6071428571428571,0.6236095644623236,0.8307692307692307,0.21428571428571427,0.3888888888888889,0.0
40,0.4047619047619047,0.23385358667337133,0.24615384615384617,0.07500000000000001,0.15909090909090912,0.3181818181818182
41,0.4047619047619047,0.23385358667337133,0.24615384615384617,0.07500000000000001,0.15909090909090912,0.3181818181818182
44,0.6071428571428571,0.6236095644623236,0.8307692307692307,0.21428571428571427,0.3888888888888889,0.0
46,0.8499999999999999,0.8366600265340757,0.953846153846154,0.5,0.7000000000000001,0.7272727272727273
50,0.0,0.0,0.0,0.0,0.0,0.7272727272727273
52,0.6071428571428571,0.6236095644623236,0.8307692307692307,0.21428571428571427,0.3888888888888889,0.0
