3,0,1.0,1.0,1.0,1.0,1.0
5,0,1.0,1.0,1.0,1.0,1.0
6,0,0.4053913064428262,0.3148148148148148,0.008541072510454686,0.31481481481481477,0.31481481481481477
8,0,1.0,1.0,1.0,1.0,1.0
11,0,1.0,1.0,1.0,1.0,1.0
14,0,1.0,1.0,1.0,1.0,1.0
15,0,1.0,1.0,1.0,1.0,1.0
17,0,1.0,1.0,1.0,1.0,1.0
19,0,1.0,1.0,1.0,1.0,1.0
20,0,1.0,1.0,1.0,1.0,1.0
22,0,1.0,1.0,1.0,1.0,1.0
23,0,1.0,1.0,1.0,1.0,1.0
25,0,1.0,1.0,1.0,1.0,1.0
26,0,1.0,1.0,1.0,1.0,1.0
27,0,1.0,1.0,1.0,1.0,1.0
28,0,1.0,1.0,1.0,1.0,1.0
29,0,1.0,1.0,1.0,1.0,1.0
30,0,0.9032175908100069,0.8703703703703703,0.1248144966023588,0.8703703703703702,0.8703703703703702
32,0,1.0,1.0,1.0,1.0,1.0
34,0,1.0,1.0,1.0,1.0,1.0
35,0,1.0,1.0,1.0,1.0,1.0
36,0,1.0,1.0,1.0,1.0,1.0
37,0,0.0,0.0,0.0,0.0,0.0
39,0,1.0,1.0,1.0,1.0,1.0
41,0,0.800703454793046,0.7407407407407407,0.053112551745684605,0.7407407407407406,0.7407407407407406
42,0,0.800703454793046,0.7407407407407407,0.053112551745684605,0.7407407407407406,0.7407407407407406
44,0,0.800703454793046,0.7407407407407407,0.053112551745684605,0.7407407407407406,0.7407407407407406
45,0,0.800703454793046,0.7407407407407407,0.053112551745684605,0.7407407407407406,0.7407407407407406
46,0,0.800703454793046,0.7407407407407407,0.053112551745684605,0.7407407407407406,0.7407407407407406
47,0,0.800703454793046,0.7407407407407407,0.053112551745684605,0.7407407407407406,0.7407407407407406
48,0,0.4638182983124748,0.37037037037037035,0.010934937124111534,0.37037037037037035,0.37037037037037035
51,0,1.0,1.0,1.0,1.0,1.0
52,0,1.0,1.0,1.0,1.0,1.0
