3,0.0,0.744103382076398,1.0,0.0,0.0,0.0
6,0.0,0.744103382076398,1.0,0.0,0.0,0.0
7,0.0,0.744103382076398,1.0,0.0,0.0,0.0
8,0.0,0.744103382076398,1.0,0.0,0.0,0.0
10,0.0,0.744103382076398,1.0,0.0,0.0,0.0
11,0.0,0.744103382076398,1.0,0.0,0.0,0.0
12,0.0,0.744103382076398,1.0,0.0,0.0,0.0
14,1.0,1.0,0.5777777777777783,1.0,1.0,1.0
16,1.0,1.0,0.5777777777777783,1.0,1.0,1.0
17,1.0,1.0,0.5777777777777783,1.0,1.0,1.0
20,0.47368421052631504,0.0,0.0,0.0,0.0,0.4444444444444447
22,0.0,0.744103382076398,1.0,0.0,0.0,0.0
23,1.0,1.0,0.5777777777777783,1.0,1.0,1.0
25,0.0,0.744103382076398,1.0,0.0,0.0,0.0
26,0.0,0.744103382076398,1.0,0.0,0.0,0.0
