4,0,1.0,1.0,1.0,1.0,1.0
5,0,1.0,1.0,1.0,1.0,1.0
7,0,1.0,1.0,1.0,1.0,1.0
8,0,1.0,1.0,1.0,1.0,1.0
9,0,1.0,1.0,1.0,1.0,1.0
10,0,1.0,1.0,1.0,1.0,1.0
12,0,1.0,1.0,1.0,1.0,1.0
14,0,1.0,1.0,1.0,1.0,1.0
16,0,0.34282522071471305,0.3333333333333333,0.061310782241014786,0.3333333333333333,0.3333333333333333
18,0,1.0,1.0,1.0,1.0,1.0
20,0,0.0,0.0,0.0,0.0,0.0
22,0,1.0,1.0,1.0,1.0,1.0
24,0,0.34282522071471305,0.3333333333333333,0.061310782241014786,0.3333333333333333,0.3333333333333333
26,0,1.0,1.0,1.0,1.0,1.0
27,0,1.0,1.0,1.0,1.0,1.0
