8,1.0,1.0,1.0,1.0,1.0,0.0
10,1.0,1.0,1.0,1.0,1.0,0.0
11,1.0,1.0,1.0,1.0,1.0,0.0
12,1.0,1.0,1.0,1.0,1.0,0.0
13,1.0,1.0,1.0,1.0,1.0,0.0
16,1.0,1.0,1.0,1.0,1.0,0.0
17,1.0,1.0,1.0,1.0,1.0,0.0
19,1.0,1.0,1.0,1.0,1.0,0.0
20,1.0,0.8944271909999157,0.8,0.7272727272727272,0.8695652173913043,0.0
21,1.0,0.8944271909999157,0.8,0.7272727272727272,0.8695652173913043,0.0
22,1.0,0.8944271909999157,0.8,0.7272727272727272,0.8695652173913043,0.0
23,0.0,0.0,0.0,0.0,0.0,0.0
25,1.0,0.8944271909999157,0.8,0.7272727272727272,0.8695652173913043,0.0
26,0.0,0.0,0.0,0.0,0.0,0.0
28,1.0,1.0,1.0,1.0,1.0,0.0
29,0.846153846153846,0.8001322641986387,0.7161290322580646,0.5238095238095238,0.7333333333333334,1.0
31,1.0,1.0,1.0,1.0,1.0,0.0
32,0.0,0.0,0.0,0.0,0.0,0.0
35,1.0,1.0,1.0,1.0,1.0,0.0
36,1.0,1.0,1.0,1.0,1.0,0.0
