5,0.2031249999999997,0.622350507834471,0.8421052631578945,0.35714285714285715,0.4489795918367347,0.0
9,0.2031249999999997,0.622350507834471,0.8421052631578945,0.35714285714285715,0.4489795918367347,0.0
11,0.2031249999999997,0.622350507834471,0.8421052631578945,0.35714285714285715,0.4489795918367347,0.0
12,1.0,1.0,1.0,1.0,1.0,1.0
14,0.0,0.0,0.0,0.0,0.0,0.22222222222222232
16,0.2031249999999997,0.622350507834471,0.8421052631578945,0.35714285714285715,0.4489795918367347,0.0
17,0.2031249999999997,0.622350507834471,0.8421052631578945,0.35714285714285715,0.4489795918367347,0.0
19,0.2031249999999997,0.622350507834471,0.8421052631578945,0.35714285714285715,0.4489795918367347,0.0
23,0.2031249999999997,0.622350507834471,0.8421052631578945,0.35714285714285715,0.4489795918367347,0.0
24,0.2031249999999997,0.622350507834471,0.8421052631578945,0.35714285714285715,0.4489795918367347,0.0
25,0.2031249999999997,0.622350507834471,0.8421052631578945,0.35714285714285715,0.4489795918367347,0.0
26,0.2031249999999997,0.622350507834471,0.8421052631578945,0.35714285714285715,0.4489795918367347,0.0
28,0.2031249999999997,0.622350507834471,0.8421052631578945,0.35714285714285715,0.4489795918367347,0.0
29,0.2031249999999997,0.622350507834471,0.8421052631578945,0.35714285714285715,0.4489795918367347,0.0
30,0.2031249999999997,0.622350507834471,0.8421052631578945,0.35714285714285715,0.4489795918367347,0.0
32,0.2031249999999997,0.622350507834471,0.8421052631578945,0.35714285714285715,0.4489795918367347,0.0
