4,0.9959576138147564,1.0,1.0,1.0,1.0,0.0
9,0.9959576138147564,1.0,1.0,1.0,1.0,0.0
11,0.9959576138147564,1.0,1.0,1.0,1.0,0.0
12,0.9959576138147564,1.0,1.0,1.0,1.0,0.0
14,0.9959576138147564,1.0,1.0,1.0,1.0,0.0
15,0.9959576138147564,1.0,1.0,1.0,1.0,0.0
17,0.9959576138147564,1.0,1.0,1.0,1.0,0.0
18,0.9959576138147564,1.0,1.0,1.0,1.0,0.0
19,1.0,0.9324765110241273,0.892156862745098,0.9581320450885668,0.9649758454106282,0.010101010101010065
22,0.713358070500927,0.6136882100373752,0.5522875816993464,0.5917874396135265,0.6357487922705315,0.565656565656566
23,0.713358070500927,0.6136882100373752,0.5522875816993464,0.5917874396135265,0.6357487922705315,0.565656565656566
24,0.713358070500927,0.6136882100373752,0.5522875816993464,0.5917874396135265,0.6357487922705315,0.565656565656566
25,0.713358070500927,0.6136882100373752,0.5522875816993464,0.5917874396135265,0.6357487922705315,0.565656565656566
26,0.713358070500927,0.6136882100373752,0.5522875816993464,0.5917874396135265,0.6357487922705315,0.565656565656566
27,0.0,0.0,0.0,0.0,0.0,1.0
30,0.6822461941727997,0.5248589552930328,0.4444444444444444,0.5185185185185185,0.5645645645645646,0.5555555555555555
34,0.9959576138147564,1.0,1.0,1.0,1.0,0.0
35,0.9959576138147564,1.0,1.0,1.0,1.0,0.0
37,0.9959576138147564,1.0,1.0,1.0,1.0,0.0
