3,0.4434782608695652,1.0,1.0,1.0,1.0,0.0
5,0.4434782608695652,1.0,1.0,1.0,1.0,0.0
7,0.4434782608695652,1.0,1.0,1.0,1.0,0.0
8,0.4434782608695652,1.0,1.0,1.0,1.0,0.0
9,0.4434782608695652,1.0,1.0,1.0,1.0,0.0
10,0.4434782608695652,1.0,1.0,1.0,1.0,0.0
11,0.4434782608695652,1.0,1.0,1.0,1.0,0.0
12,0.47755102040816333,0.21793685078546987,0.06,0.031100478468899524,0.07894736842105263,0.029411764705882335
13,0.4434782608695652,1.0,1.0,1.0,1.0,0.0
15,0.28888888888888886,0.3865020869659802,0.22999999999999998,0.1292191075514874,0.2838021778584392,0.5882352941176472
16,0.28888888888888886,0.3865020869659802,0.22999999999999998,0.1292191075514874,0.2838021778584392,0.5882352941176472
18,0.28888888888888886,0.3865020869659802,0.22999999999999998,0.1292191075514874,0.2838021778584392,0.5882352941176472
19,0.28888888888888886,0.3865020869659802,0.22999999999999998,0.1292191075514874,0.2838021778584392,0.5882352941176472
20,0.28888888888888886,0.3865020869659802,0.22999999999999998,0.1292191075514874,0.2838021778584392,0.5882352941176472
21,0.28888888888888886,0.3865020869659802,0.22999999999999998,0.1292191075514874,0.2838021778584392,0.5882352941176472
23,0.24334975369458128,0.32095799627327665,0.18333333333333332,0.09888980263157895,0.22663339382940115,0.715686274509804
24,0.24334975369458128,0.32095799627327665,0.18333333333333332,0.09888980263157895,0.22663339382940115,0.715686274509804
25,0.24334975369458128,0.32095799627327665,0.18333333333333332,0.09888980263157895,0.22663339382940115,0.715686274509804
26,0.24334975369458128,0.32095799627327665,0.18333333333333332,0.09888980263157895,0.22663339382940115,0.715686274509804
30,0.28888888888888886,0.3865020869659802,0.22999999999999998,0.1292191075514874,0.2838021778584392,0.5882352941176472
32,0.28888888888888886,0.3865020869659802,0.22999999999999998,0.1292191075514874,0.2838021778584392,0.5882352941176472
33,0.28888888888888886,0.3865020869659802,0.22999999999999998,0.1292191075514874,0.2838021778584392,0.5882352941176472
34,0.0,0.0,0.0,0.0,0.0,1.0
36,0.709090909090909,0.47677448630220337,0.2,0.13054016620498615,0.2861842105263158,0.4117647058823529
38,0.4434782608695652,1.0,1.0,1.0,1.0,0.0
40,0.5387387387387388,0.8364814383340871,0.6499999999999999,0.5971569548872181,0.7983212341197824,0.5588235294117647
41,0.5387387387387388,0.8364814383340871,0.6499999999999999,0.5971569548872181,0.7983212341197824,0.5588235294117647
43,0.5387387387387388,0.8364814383340871,0.6499999999999999,0.5971569548872181,0.7983212341197824,0.5588235294117647
44,0.5387387387387388,0.8364814383340871,0.6499999999999999,0.5971569548872181,0.7983212341197824,0.5588235294117647
45,0.5387387387387388,0.8364814383340871,0.6499999999999999,0.5971569548872181,0.7983212341197824,0.5588235294117647
47,0.52,0.7947968718917404,0.6033333333333333,0.5174342105263159,0.7411524500907442,0.43137254901960786
48,0.52,0.7947968718917404,0.6033333333333333,0.5174342105263159,0.7411524500907442,0.43137254901960786
50,0.5387387387387388,0.8364814383340871,0.6499999999999999,0.5971569548872181,0.7983212341197824,0.5588235294117647
52,0.5387387387387388,0.8364814383340871,0.6499999999999999,0.5971569548872181,0.7983212341197824,0.5588235294117647
53,0.5387387387387388,0.8364814383340871,0.6499999999999999,0.5971569548872181,0.7983212341197824,0.5588235294117647
54,0.5387387387387388,0.8364814383340871,0.6499999999999999,0.5971569548872181,0.7983212341197824,0.5588235294117647
56,0.47755102040816333,0.46473348533343206,0.23999999999999996,0.1518092105263158,0.3233805668016195,0.088235294117647
60,0.5870967741935483,0.6393499412367458,0.38,0.28424922600619196,0.5146761133603239,0.47058823529411764
61,0.5870967741935483,0.6393499412367458,0.38,0.28424922600619196,0.5146761133603239,0.47058823529411764
62,0.5870967741935483,0.6393499412367458,0.38,0.28424922600619196,0.5146761133603239,0.47058823529411764
64,0.5870967741935483,0.6393499412367458,0.38,0.28424922600619196,0.5146761133603239,0.47058823529411764
65,0.5870967741935483,0.6393499412367458,0.38,0.28424922600619196,0.5146761133603239,0.47058823529411764
67,0.5870967741935483,0.6393499412367458,0.38,0.28424922600619196,0.5146761133603239,0.47058823529411764
68,0.5870967741935483,0.6393499412367458,0.38,0.28424922600619196,0.5146761133603239,0.47058823529411764
70,0.5560693641618496,0.5850489669825731,0.33333333333333326,0.23519736842105263,0.45091093117408915,0.34313725490196073
71,0.5560693641618496,0.5850489669825731,0.33333333333333326,0.23519736842105263,0.45091093117408915,0.34313725490196073
72,0.5560693641618496,0.5850489669825731,0.33333333333333326,0.23519736842105263,0.45091093117408915,0.34313725490196073
75,0.5870967741935483,0.6393499412367458,0.38,0.28424922600619196,0.5146761133603239,0.47058823529411764
77,0.5870967741935483,0.6393499412367458,0.38,0.28424922600619196,0.5146761133603239,0.47058823529411764
78,0.52,0.5270952542952095,0.2866666666666666,0.19130886426592797,0.38714574898785425,0.21568627450980393
80,1.0,0.29370519543843315,0.06333333333333332,0.03359962406015037,0.08495423340961099,0.2549019607843137
83,0.4434782608695652,1.0,1.0,1.0,1.0,0.0
