4,0.9965277777777776,1.0,1.0,1.0,1.0,0.0
6,0.9965277777777776,1.0,1.0,1.0,1.0,0.0
7,0.9965277777777776,1.0,1.0,1.0,1.0,0.0
9,0.9965277777777776,1.0,1.0,1.0,1.0,0.0
11,0.9965277777777776,1.0,1.0,1.0,1.0,0.0
13,0.9965277777777776,1.0,1.0,1.0,1.0,0.0
14,0.9965277777777776,1.0,1.0,1.0,1.0,0.0
16,0.9965277777777776,1.0,1.0,1.0,1.0,0.0
17,0.0,0.0,0.0,0.0,0.0,0.0
18,0.9965277777777776,1.0,1.0,1.0,1.0,0.0
19,0.9923928077455046,0.6722817935340472,0.4541832669322709,0.6417112299465241,0.7231404958677686,0.0333333333333333
21,0.9148451730418942,0.7529556087581328,0.6254980079681276,0.6942148760330579,0.768025078369906,1.0
27,0.9965277777777776,1.0,1.0,1.0,1.0,0.0
28,0.0,0.0,0.0,0.0,0.0,0.0
29,0.9965277777777776,1.0,1.0,1.0,1.0,0.0
30,0.9923928077455046,0.6722817935340472,0.4541832669322709,0.6417112299465241,0.7231404958677686,0.0333333333333333
32,1.0,0.7403137009508685,0.5458167330677292,0.7272727272727273,0.7954545454545455,0.0333333333333333
34,0.9965277777777776,1.0,1.0,1.0,1.0,0.0
