3,0,1.0,1.0,1.0,1.0,1.0
11,0,1.0,1.0,1.0,1.0,1.0
12,0,1.0,1.0,1.0,1.0,1.0
13,0,1.0,1.0,1.0,1.0,1.0
14,0,1.0,1.0,1.0,1.0,1.0
15,0,1.0,1.0,1.0,1.0,1.0
16,0,1.0,1.0,1.0,1.0,1.0
17,0,1.0,1.0,1.0,1.0,1.0
18,0,0.0,0.0,0.0,0.0,0.0
19,0,0.0,0.0,0.0,0.0,0.0
21,0,1.0,1.0,1.0,1.0,1.0
22,0,1.0,1.0,1.0,1.0,1.0
23,0,0.0,0.0,0.0,0.0,0.0
24,0,0.0,0.0,0.0,0.0,0.0
26,0,1.0,1.0,1.0,1.0,1.0
27,0,1.0,1.0,1.0,1.0,1.0
28,0,1.0,1.0,1.0,1.0,1.0
29,0,1.0,1.0,1.0,1.0,1.0
30,0,1.0,1.0,1.0,1.0,1.0
31,0,0.5674505137833075,0.5333333333333333,0.07920792079207922,0.5333333333333334,0.5333333333333334
32,0,1.0,1.0,1.0,1.0,1.0
33,0,0.6323160460724445,0.6,0.10396039603960397,0.6000000000000002,0.6000000000000002
34,0,1.0,1.0,1.0,1.0,1.0
