2,0.7666666666666658,1.0,1.0,1.0,1.0,0.0
3,0.7666666666666658,1.0,1.0,1.0,1.0,0.0
4,0.7666666666666658,1.0,1.0,1.0,1.0,0.0
5,0.7666666666666658,1.0,1.0,1.0,1.0,0.0
6,0.7666666666666658,1.0,1.0,1.0,1.0,0.0
7,0.7666666666666658,1.0,1.0,1.0,1.0,0.0
8,0.7666666666666658,1.0,1.0,1.0,1.0,0.0
9,0.7666666666666658,1.0,1.0,1.0,1.0,0.0
10,0.7666666666666658,1.0,1.0,1.0,1.0,0.0
11,0.7666666666666658,1.0,1.0,1.0,1.0,0.0
14,0.7666666666666658,1.0,1.0,1.0,1.0,0.0
15,1.0,0.8729340511723351,0.7735849056603774,1.0,1.0,1.0
16,1.0,0.8729340511723351,0.7735849056603774,1.0,1.0,1.0
17,1.0,0.8729340511723351,0.7735849056603774,1.0,1.0,1.0
19,1.0,0.8729340511723351,0.7735849056603774,1.0,1.0,1.0
20,1.0,0.8729340511723351,0.7735849056603774,1.0,1.0,1.0
21,1.0,0.8729340511723351,0.7735849056603774,1.0,1.0,1.0
23,1.0,0.8729340511723351,0.7735849056603774,1.0,1.0,1.0
24,1.0,0.8729340511723351,0.7735849056603774,1.0,1.0,1.0
25,1.0,0.8729340511723351,0.7735849056603774,1.0,1.0,1.0
29,1.0,0.8729340511723351,0.7735849056603774,1.0,1.0,1.0
30,1.0,0.8729340511723351,0.7735849056603774,1.0,1.0,1.0
31,1.0,0.8729340511723351,0.7735849056603774,1.0,1.0,1.0
32,1.0,0.8729340511723351,0.7735849056603774,1.0,1.0,1.0
33,1.0,0.8729340511723351,0.7735849056603774,1.0,1.0,1.0
34,1.0,0.8729340511723351,0.7735849056603774,1.0,1.0,1.0
37,0.0,0.0,0.0,0.0,0.0,0.9999999999999983
38,0.0,0.0,0.0,0.0,0.0,0.9999999999999983
39,0.0,0.0,0.0,0.0,0.0,0.9999999999999983
40,0.0,0.0,0.0,0.0,0.0,0.9999999999999983
41,0.0,0.0,0.0,0.0,0.0,0.9999999999999983
42,0.0,0.0,0.0,0.0,0.0,0.9999999999999983
43,0.0,0.0,0.0,0.0,0.0,0.9999999999999983
45,0.0,0.0,0.0,0.0,0.0,0.9999999999999983
46,0.0,0.0,0.0,0.0,0.0,0.9999999999999983
47,0.0,0.0,0.0,0.0,0.0,0.9999999999999983
50,0.0,0.0,0.0,0.0,0.0,0.9999999999999983
51,0.0,0.0,0.0,0.0,0.0,0.9999999999999983
52,0.0,0.0,0.0,0.0,0.0,0.9999999999999983
54,0.0,0.0,0.0,0.0,0.0,0.9999999999999983
55,0.0,0.0,0.0,0.0,0.0,0.9999999999999983
56,0.0,0.0,0.0,0.0,0.0,0.9999999999999983
59,0.0,0.0,0.0,0.0,0.0,0.9999999999999983
60,0.0,0.0,0.0,0.0,0.0,0.9999999999999983
61,0.0,0.0,0.0,0.0,0.0,0.9999999999999983
62,0.0,0.0,0.0,0.0,0.0,0.9999999999999983
63,0.0,0.0,0.0,0.0,0.0,0.9999999999999983
64,0.0,0.0,0.0,0.0,0.0,0.9999999999999983
66,0.7666666666666658,1.0,1.0,1.0,1.0,0.0
