7,0.625,0.7559289460184545,0.823529411764706,0.25,0.5714285714285714,0.0
10,0.625,0.7559289460184545,0.823529411764706,0.25,0.5714285714285714,0.0
12,0.625,0.7559289460184545,0.823529411764706,0.25,0.5714285714285714,0.0
14,0.625,0.7559289460184545,0.823529411764706,0.25,0.5714285714285714,0.0
16,0.625,0.7559289460184545,0.823529411764706,0.25,0.5714285714285714,0.0
17,0.625,0.7559289460184545,0.823529411764706,0.25,0.5714285714285714,0.0
19,0.625,0.7559289460184545,0.823529411764706,0.25,0.5714285714285714,0.0
20,0.625,0.7559289460184545,0.823529411764706,0.25,0.5714285714285714,0.0
21,0.625,0.7559289460184545,0.823529411764706,0.25,0.5714285714285714,0.0
23,0.625,0.7559289460184545,0.823529411764706,0.25,0.5714285714285714,0.0
24,0.625,0.7559289460184545,0.823529411764706,0.25,0.5714285714285714,0.0
25,0.625,0.7559289460184545,0.823529411764706,0.25,0.5714285714285714,0.0
26,1.0,1.0,1.0,1.0,1.0,1.0
27,1.0,1.0,1.0,1.0,1.0,1.0
29,0.625,0.7559289460184545,0.823529411764706,0.25,0.5714285714285714,0.0
31,0.5,0.5443310539518174,0.5294117647058824,0.13333333333333333,0.38095238095238093,0.4444444444444445
32,0.5,0.5443310539518174,0.5294117647058824,0.13333333333333333,0.38095238095238093,0.4444444444444445
33,0.5,0.5443310539518174,0.5294117647058824,0.13333333333333333,0.38095238095238093,0.4444444444444445
34,0.5,0.5443310539518174,0.5294117647058824,0.13333333333333333,0.38095238095238093,0.4444444444444445
36,0.7142857142857143,0.6666666666666667,0.6470588235294118,0.2222222222222222,0.5333333333333333,0.22222222222222218
39,0.625,0.7559289460184545,0.823529411764706,0.25,0.5714285714285714,0.0
40,0.0,0.0,0.0,0.0,0.0,1.0
45,0.625,0.7559289460184545,0.823529411764706,0.25,0.5714285714285714,0.0
46,0.625,0.7559289460184545,0.823529411764706,0.25,0.5714285714285714,0.0
48,0.625,0.7559289460184545,0.823529411764706,0.25,0.5714285714285714,0.0
51,0.625,0.7559289460184545,0.823529411764706,0.25,0.5714285714285714,0.0
53,0.625,0.7559289460184545,0.823529411764706,0.25,0.5714285714285714,0.0
54,0.625,0.7559289460184545,0.823529411764706,0.25,0.5714285714285714,0.0
55,0.625,0.7559289460184545,0.823529411764706,0.25,0.5714285714285714,0.0
56,0.625,0.7559289460184545,0.823529411764706,0.25,0.5714285714285714,0.0
58,0.625,0.7559289460184545,0.823529411764706,0.25,0.5714285714285714,0.0
