3,0.6850828729281768,0.7177405625652735,0.6857142857142858,0.5,0.5294117647058824,0.11627906976744211
5,0.6850828729281768,0.7177405625652735,0.6857142857142858,0.5,0.5294117647058824,0.11627906976744211
6,0.6850828729281768,0.7177405625652735,0.6857142857142858,0.5,0.5294117647058824,0.11627906976744211
7,0.6850828729281768,0.7177405625652735,0.6857142857142858,0.5,0.5294117647058824,0.11627906976744211
9,0.8051948051948052,0.8416254115301733,0.7714285714285715,0.6956521739130435,0.7200000000000001,0.5116279069767441
11,0.8051948051948052,0.8416254115301733,0.7714285714285715,0.6956521739130435,0.7200000000000001,0.5116279069767441
12,0.775,0.5717718748968657,0.4380952380952381,0.5714285714285714,0.6,0.186046511627907
13,0.9323308270676691,1.0,0.8380952380952382,1.0,1.0,1.0
15,0.7607361963190183,0.7934920476158722,0.742857142857143,0.6153846153846154,0.6428571428571429,0.3023255813953486
17,0.7607361963190183,0.7934920476158722,0.742857142857143,0.6153846153846154,0.6428571428571429,0.3023255813953486
18,0.7607361963190183,0.7934920476158722,0.742857142857143,0.6153846153846154,0.6428571428571429,0.3023255813953486
19,0.0,0.0,0.0,0.0,0.0,0.9069767441860466
21,0.7045454545454545,0.9021251505384621,0.9904761904761905,0.5454545454545454,0.5744680851063829,0.0
23,0.7045454545454545,0.9021251505384621,0.9904761904761905,0.5454545454545454,0.5744680851063829,0.0
24,0.0,0.0,0.09523809523809525,0.0,0.0,0.20930232558139533
25,0.7126436781609196,0.9118781383114933,1.0,0.5581395348837209,0.5869565217391305,0.06976744186046506
26,0.8378378378378378,0.6215815605080611,0.4571428571428572,0.6666666666666666,0.6923076923076924,0.3255813953488372
27,0.6631016042780749,0.6969320524371697,0.6666666666666666,0.47058823529411764,0.5,0.2558139534883722
28,0.0,0.0,0.10476190476190476,0.0,0.0,0.13953488372093023
29,0.6850828729281768,0.7177405625652735,0.6857142857142858,0.5,0.5294117647058824,0.11627906976744211
30,0.6850828729281768,0.7177405625652735,0.6857142857142858,0.5,0.5294117647058824,0.11627906976744211
31,0.6138613861386139,0.4609772228646444,0.37142857142857144,0.38095238095238093,0.4090909090909091,0.30232558139534893
32,0.7469879518072288,0.7791937224739797,0.7333333333333335,0.5925925925925926,0.6206896551724138,0.23255813953488352
33,0.7469879518072288,0.7791937224739797,0.7333333333333335,0.5925925925925926,0.6206896551724138,0.23255813953488352
34,0.7469879518072288,0.5509731650193398,0.4285714285714286,0.5333333333333333,0.5625,0.11627906976744176
35,0.8051948051948052,0.8416254115301733,0.7714285714285715,0.6956521739130435,0.7200000000000001,0.5116279069767441
36,0.8051948051948052,0.8416254115301733,0.7714285714285715,0.6956521739130435,0.7200000000000001,0.5116279069767441
38,0.7045454545454545,0.9021251505384621,0.9904761904761905,0.5454545454545454,0.5744680851063829,0.0
40,0.7045454545454545,0.9021251505384621,0.9904761904761905,0.5454545454545454,0.5744680851063829,0.0
41,0.7045454545454545,0.9021251505384621,0.9904761904761905,0.5454545454545454,0.5744680851063829,0.0
42,0.7045454545454545,0.9021251505384621,0.9904761904761905,0.5454545454545454,0.5744680851063829,0.0
43,0.7045454545454545,0.9021251505384621,0.9904761904761905,0.5454545454545454,0.5744680851063829,0.0
45,0.696629213483146,0.5153882032022077,0.4095238095238096,0.47058823529411764,0.5,0.02325581395348835
47,0.7045454545454545,0.9021251505384621,0.9904761904761905,0.5454545454545454,0.5744680851063829,0.0
48,0.7045454545454545,0.9021251505384621,0.9904761904761905,0.5454545454545454,0.5744680851063829,0.0
50,1.0,0.7791937224739797,0.49523809523809526,1.0,1.0,0.6046511627906976
52,0.7045454545454545,0.9021251505384621,0.9904761904761905,0.5454545454545454,0.5744680851063829,0.0
53,0.7045454545454545,0.9021251505384621,0.9904761904761905,0.5454545454545454,0.5744680851063829,0.0
55,0.0,0.0,0.038095238095238085,0.0,0.0,0.6279069767441862
57,0.7045454545454545,0.9021251505384621,0.9904761904761905,0.5454545454545454,0.5744680851063829,0.0
58,0.7045454545454545,0.9021251505384621,0.9904761904761905,0.5454545454545454,0.5744680851063829,0.0
60,0.6326530612244897,0.4729526514634587,0.380952380952381,0.4,0.42857142857142855,0.23255813953488386
62,0.7045454545454545,0.9021251505384621,0.9904761904761905,0.5454545454545454,0.5744680851063829,0.0
63,0.7607361963190183,0.7934920476158722,0.742857142857143,0.6153846153846154,0.6428571428571429,0.3023255813953486
65,0.6138613861386139,0.4609772228646444,0.37142857142857144,0.38095238095238093,0.4090909090909091,0.30232558139534893
66,0.7045454545454545,0.9021251505384621,0.9904761904761905,0.5454545454545454,0.5744680851063829,0.0
