4,0.7093023255813954,0.7824607964359516,0.9246031746031744,0.5581395348837209,0.6122448979591836,0.0
8,0.7093023255813954,0.7824607964359516,0.9246031746031744,0.5581395348837209,0.6122448979591836,0.0
9,0.7093023255813954,0.7824607964359516,0.9246031746031744,0.5581395348837209,0.6122448979591836,0.0
10,0.7093023255813954,0.7824607964359516,0.9246031746031744,0.5581395348837209,0.6122448979591836,0.0
11,0.7721518987341771,0.5976143046671969,0.49999999999999994,0.5714285714285714,0.625,0.1842105263157894
14,0.6559139784946235,0.5175491695067657,0.47222222222222215,0.42857142857142855,0.48387096774193544,0.18421052631578955
16,0.7093023255813954,0.7824607964359516,0.9246031746031744,0.5581395348837209,0.6122448979591836,0.0
17,0.5126050420168067,0.42769946138415077,0.42063492063492064,0.2926829268292683,0.3409090909090909,0.868421052631579
18,0.5126050420168067,0.42769946138415077,0.42063492063492064,0.2926829268292683,0.3409090909090909,0.868421052631579
19,0.5700934579439252,0.46291004988627577,0.44444444444444436,0.34285714285714286,0.3947368421052631,0.5526315789473684
21,0.5126050420168067,0.42769946138415077,0.42063492063492064,0.2926829268292683,0.3409090909090909,0.868421052631579
22,0.0,0.0,0.0,0.0,0.0,0.631578947368421
23,0.0,0.0,0.0,0.0,0.0,0.631578947368421
26,0.5398230088495575,0.44426165831931924,0.43253968253968256,0.3157894736842105,0.3658536585365853,0.7105263157894737
27,0.5398230088495575,0.44426165831931924,0.43253968253968256,0.3157894736842105,0.3658536585365853,0.7105263157894737
28,0.5398230088495575,0.44426165831931924,0.43253968253968256,0.3157894736842105,0.3658536585365853,0.7105263157894737
29,0.5398230088495575,0.44426165831931924,0.43253968253968256,0.3157894736842105,0.3658536585365853,0.7105263157894737
30,0.5398230088495575,0.44426165831931924,0.43253968253968256,0.3157894736842105,0.3658536585365853,0.7105263157894737
33,0.5398230088495575,0.44426165831931924,0.43253968253968256,0.3157894736842105,0.3658536585365853,0.7105263157894737
36,0.8243243243243245,0.9004503377814964,0.9722222222222221,0.7741935483870968,0.8108108108108109,0.6315789473684211
37,0.0,0.0,0.019841269841269837,0.0,0.0,0.368421052631579
38,0.9104477611940298,1.0,1.0,1.0,1.0,1.0
39,1.0,0.7905694150420949,0.5357142857142857,1.0,1.0,0.6578947368421052
41,0.8356164383561644,0.6454972243679028,0.5119047619047619,0.6666666666666666,0.7142857142857142,0.3421052631578947
42,0.8243243243243245,0.9004503377814964,0.9722222222222221,0.7741935483870968,0.8108108108108109,0.6315789473684211
