4,0,0.0,0.0,0.0,0.0,0.0
5,0,0.0,0.0,0.0,0.0,0.0
7,0,0.0,0.0,0.0,0.0,0.0
8,0,0.0,0.0,0.0,0.0,0.0
11,0,0.0,0.0,0.0,0.0,0.0
14,0,0.0,0.0,0.0,0.0,0.0
15,0,0.0,0.0,0.0,0.0,0.0
16,0,0.0,0.0,0.0,0.0,0.0
17,0,0.0,0.0,0.0,0.0,0.0
20,0,0.0,0.0,0.0,0.0,0.0
21,0,0.0,0.0,0.0,0.0,0.0
22,0,0.0,0.0,0.0,0.0,0.0
23,0,0.0,0.0,0.0,0.0,0.0
25,0,0.0,0.0,0.0,0.0,0.0
27,0,0.0,0.0,0.0,0.0,0.0
28,0,0.0,0.0,0.0,0.0,0.0
32,0,0.0,0.0,0.0,0.0,0.0
33,0,0.0,0.0,0.0,0.0,0.0
35,0,0.0,0.0,0.0,0.0,0.0
39,0,0.0,0.0,0.0,0.0,0.0
41,0,0.0,0.0,0.0,0.0,0.0
42,0,0.0,0.0,0.0,0.0,0.0
43,0,0.0,0.0,0.0,0.0,0.0
47,0,0.0,0.0,0.0,0.0,0.0
49,0,0.0,0.0,0.0,0.0,0.0
50,0,0.0,0.0,0.0,0.0,0.0
51,0,0.0,0.0,0.0,0.0,0.0
53,0,0.0,0.0,0.0,0.0,0.0
57,0,0.0,0.0,0.0,0.0,0.0
59,0,0.0,0.0,0.0,0.0,0.0
61,0,0.0,0.0,0.0,0.0,0.0
62,0,0.0,0.0,0.0,0.0,0.0
63,0,0.0,0.0,0.0,0.0,0.0
64,0,0.0,0.0,0.0,0.0,0.0
66,0,0.0,0.0,0.0,0.0,0.0
70,0,1.0,1.0,1.0,1.0,1.0
72,0,1.0,1.0,1.0,1.0,1.0
74,0,1.0,1.0,1.0,1.0,1.0
75,0,1.0,1.0,1.0,1.0,1.0
77,0,1.0,1.0,1.0,1.0,1.0
78,0,1.0,1.0,1.0,1.0,1.0
79,0,0.5345224838248488,0.2857142857142857,0.0071428571428571435,0.2857142857142857,0.2857142857142857
80,0,1.0,1.0,1.0,1.0,1.0
81,0,0.8964214570007952,0.8035714285714286,0.07305194805194805,0.8035714285714286,0.8035714285714286
82,0,1.0,1.0,1.0,1.0,1.0
83,0,0.5509731650193398,0.30357142857142855,0.007783882783882784,0.30357142857142855,0.30357142857142855
84,0,1.0,1.0,1.0,1.0,1.0
85,0,0.8762745818846641,0.7678571428571429,0.059065934065934064,0.7678571428571429,0.7678571428571429
87,0,1.0,1.0,1.0,1.0,1.0
88,0,1.0,1.0,1.0,1.0,1.0
89,0,1.0,1.0,1.0,1.0,1.0
90,0,1.0,1.0,1.0,1.0,1.0
91,0,1.0,1.0,1.0,1.0,1.0
93,0,1.0,1.0,1.0,1.0,1.0
94,0,1.0,1.0,1.0,1.0,1.0
95,0,1.0,1.0,1.0,1.0,1.0
97,0,1.0,1.0,1.0,1.0,1.0
100,0,1.0,1.0,1.0,1.0,1.0
