2,0.6833333333333333,0.9907864796839504,1.0,0.7857142857142856,0.8530612244897959,0.0
5,0.6833333333333333,0.9907864796839504,1.0,0.7857142857142856,0.8530612244897959,0.0
6,0.6833333333333333,0.9907864796839504,1.0,0.7857142857142856,0.8530612244897959,0.0
7,0.7488584474885844,0.7120777160685062,0.46428571428571436,0.5714285714285714,0.6785714285714286,0.26249999999999996
9,0.6368932038834951,0.6976908246297113,0.5396825396825398,0.5142857142857142,0.6263736263736265,0.2625000000000001
10,0.6833333333333333,0.9907864796839504,1.0,0.7857142857142856,0.8530612244897959,0.0
11,0.6833333333333333,0.9907864796839504,1.0,0.7857142857142856,0.8530612244897959,0.0
12,0.44625850340136053,0.3213328024360983,0.1666666666666667,0.19047619047619047,0.27142857142857146,0.6375
13,0.7748031496062993,0.9789450103725609,0.8373015873015874,0.907563025210084,0.9395604395604396,0.6375000000000002
14,0.0,0.0,0.0,0.0,0.0,0.13749999999999998
15,0.7978378378378379,1.0,0.8412698412698413,0.9642857142857142,0.9771428571428572,0.775
16,0.7130434782608696,0.3076527356636324,0.09523809523809526,0.14285714285714285,0.20879120879120883,0.025000000000000022
17,0.8098765432098766,0.9532271373123208,0.7500000000000001,0.9142857142857143,0.9440993788819876,0.75
18,0.48235294117647065,0.2383067843280802,0.08730158730158731,0.12244897959183672,0.18095238095238095,0.24999999999999994
19,0.896875,0.9631054025707182,0.6666666666666667,1.0,1.0,1.0
20,0.7130434782608696,0.43508667127669365,0.18650793650793654,0.26373626373626374,0.3619047619047619,0.050000000000000044
21,1.0,0.8881169487616147,0.4841269841269842,0.8571428571428571,0.9047619047619048,0.9499999999999998
22,1.0,0.8881169487616147,0.4841269841269842,0.8571428571428571,0.9047619047619048,0.9499999999999998
23,0.6833333333333333,0.9907864796839504,1.0,0.7857142857142856,0.8530612244897959,0.0
