3,0.0,0.6939767736514966,0.9647887323943664,0.46317657497781717,0.5260770975056687,0.0
6,0.0,0.6939767736514966,0.9647887323943664,0.46317657497781717,0.5260770975056687,0.0
7,0.0,0.6939767736514966,0.9647887323943664,0.46317657497781717,0.5260770975056687,0.0
8,0.0,0.6939767736514966,0.9647887323943664,0.46317657497781717,0.5260770975056687,0.0
9,0.0,0.6939767736514966,0.9647887323943664,0.46317657497781717,0.5260770975056687,0.0
11,0.0,0.6939767736514966,0.9647887323943664,0.46317657497781717,0.5260770975056687,0.0
12,0.0,0.6939767736514966,0.9647887323943664,0.46317657497781717,0.5260770975056687,0.0
14,0.0,0.6939767736514966,0.9647887323943664,0.46317657497781717,0.5260770975056687,0.0
15,0.0,0.6939767736514966,0.9647887323943664,0.46317657497781717,0.5260770975056687,0.0
16,0.0,0.6939767736514966,0.9647887323943664,0.46317657497781717,0.5260770975056687,0.0
18,0.0,0.6939767736514966,0.9647887323943664,0.46317657497781717,0.5260770975056687,0.0
19,0.0,0.6939767736514966,0.9647887323943664,0.46317657497781717,0.5260770975056687,0.0
20,0.18222222222222142,0.0,0.0,0.0,0.0,0.14545454545454567
21,0.0,0.6939767736514966,0.9647887323943664,0.46317657497781717,0.5260770975056687,0.0
22,1.0,1.0,1.0,1.0,1.0,1.0
24,0.0,0.6939767736514966,0.9647887323943664,0.46317657497781717,0.5260770975056687,0.0
25,0.0,0.6939767736514966,0.9647887323943664,0.46317657497781717,0.5260770975056687,0.0
