4,0.0,1.0,1.0,0.0,0.0,0.0
6,0.0,1.0,1.0,0.0,0.0,0.0
8,0.0,1.0,1.0,0.0,0.0,0.0
9,0.0,1.0,1.0,0.0,0.0,0.0
10,0.0,1.0,1.0,0.0,0.0,0.0
11,0.0,1.0,1.0,0.0,0.0,0.0
12,0.0,1.0,1.0,0.0,0.0,0.0
14,0.0,1.0,1.0,0.0,0.0,0.0
16,0.3142857142857146,0.49690520414330763,0.55,0.5555555555555554,0.5681818181818182,0.7999999999999999
17,0.3142857142857146,0.49690520414330763,0.55,0.5555555555555554,0.5681818181818182,0.7999999999999999
18,0.3142857142857146,0.49690520414330763,0.55,0.5555555555555554,0.5681818181818182,0.7999999999999999
19,1.0,0.0,0.0,1.0,1.0,1.0
20,0.3142857142857146,0.49690520414330763,0.55,0.5555555555555554,0.5681818181818182,0.7999999999999999
21,0.3142857142857146,0.49690520414330763,0.55,0.5555555555555554,0.5681818181818182,0.7999999999999999
23,0.0,1.0,1.0,0.0,0.0,0.0
25,0.0,1.0,1.0,0.0,0.0,0.0
26,0.0,1.0,1.0,0.0,0.0,0.0
27,0.0,1.0,1.0,0.0,0.0,0.0
28,0.0,1.0,1.0,0.0,0.0,0.0
