3,0.5275862068965519,1.0,1.0,1.0,1.0,0.0
5,0.5275862068965519,1.0,1.0,1.0,1.0,0.0
6,0.5275862068965519,1.0,1.0,1.0,1.0,0.0
8,0.5275862068965519,1.0,1.0,1.0,1.0,0.0
9,0.5275862068965519,1.0,1.0,1.0,1.0,0.0
14,0.5275862068965519,1.0,1.0,1.0,1.0,0.0
15,0.5275862068965519,1.0,1.0,1.0,1.0,0.0
17,0.08736200989722114,0.0732259796587355,0.06956521739130439,0.008009219245174302,0.06452016946030582,0.864864864864865
19,0.0,0.0,0.01739130434782612,0.0011510002740476853,0.009747651501197274,1.0
20,0.0,0.0,0.01739130434782612,0.0011510002740476853,0.009747651501197274,1.0
23,0.08736200989722114,0.0732259796587355,0.06956521739130439,0.008009219245174302,0.06452016946030582,0.864864864864865
25,1.0,0.02494110805858709,0.0,0.0,0.0,0.5
26,1.0,0.02494110805858709,0.0,0.0,0.0,0.5
30,0.9499634769905044,0.5322504449629168,0.4391304347826087,0.09213483146067415,0.46435955056179773,0.864864864864865
38,0.5275862068965519,1.0,1.0,1.0,1.0,0.0
