5,0,1.0,1.0,1.0,1.0,1.0
7,0,1.0,1.0,1.0,1.0,1.0
8,0,1.0,1.0,1.0,1.0,1.0
11,0,1.0,1.0,1.0,1.0,1.0
13,0,1.0,1.0,1.0,1.0,1.0
15,0,1.0,1.0,1.0,1.0,1.0
16,0,1.0,1.0,1.0,1.0,1.0
18,0,0.4845204664740822,0.4375,0.024665257223396762,0.4374999999999999,0.4374999999999999
19,0,0.4845204664740822,0.4375,0.024665257223396762,0.4374999999999999,0.4374999999999999
21,0,0.4845204664740822,0.4375,0.024665257223396762,0.4374999999999999,0.4374999999999999
22,0,0.4845204664740822,0.4375,0.024665257223396762,0.4374999999999999,0.4374999999999999
24,0,0.28865665073205293,0.25,0.010570824524312896,0.24999999999999994,0.24999999999999994
25,0,0.28865665073205293,0.25,0.010570824524312896,0.24999999999999994,0.24999999999999994
27,0,0.38847395967717246,0.34375,0.016611295681063124,0.34375000000000006,0.34375000000000006
28,0,0.38847395967717246,0.34375,0.016611295681063124,0.34375000000000006,0.34375000000000006
32,0,1.0,1.0,1.0,1.0,1.0
33,0,1.0,1.0,1.0,1.0,1.0
34,0,1.0,1.0,1.0,1.0,1.0
35,0,1.0,1.0,1.0,1.0,1.0
36,0,1.0,1.0,1.0,1.0,1.0
39,0,1.0,1.0,1.0,1.0,1.0
42,0,0.0,0.0,0.0,0.0,0.0
44,0,0.0,0.0,0.0,0.0,0.0
48,0,0.1488518947114505,0.125,0.004530353367562669,0.12499999999999997,0.12499999999999997
50,0,0.1488518947114505,0.125,0.004530353367562669,0.12499999999999997,0.12499999999999997
