9,0,1.0,1.0,1.0,1.0,1.0
12,0,1.0,1.0,1.0,1.0,1.0
13,0,1.0,1.0,1.0,1.0,1.0
14,0,1.0,1.0,1.0,1.0,1.0
15,0,1.0,1.0,1.0,1.0,1.0
17,0,1.0,1.0,1.0,1.0,1.0
19,0,1.0,1.0,1.0,1.0,1.0
21,0,0.40034167266652504,0.2962962962962963,0.015685313399914223,0.2962962962962963,0.2962962962962963
22,0,0.40034167266652504,0.2962962962962963,0.015685313399914223,0.2962962962962963,0.2962962962962963
24,0,0.9474890682556187,0.9259259259259259,0.4656577415599535,0.9259259259259259,0.9259259259259259
25,0,0.9474890682556187,0.9259259259259259,0.4656577415599535,0.9259259259259259,0.9259259259259259
27,0,0.06238968129367277,0.037037037037037035,0.0014327930509537036,0.037037037037037035,0.037037037037037035
28,0,0.06238968129367277,0.037037037037037035,0.0014327930509537036,0.037037037037037035,0.037037037037037035
30,0,0.9205769022805337,0.8888888888888888,0.2980209545983702,0.8888888888888888,0.8888888888888888
34,0,0.9205769022805337,0.8888888888888888,0.2980209545983702,0.8888888888888888,0.8888888888888888
36,0,0.17316461776530528,0.1111111111111111,0.004656577415599534,0.1111111111111111,0.1111111111111111
37,0,0.17316461776530528,0.1111111111111111,0.004656577415599534,0.1111111111111111,0.1111111111111111
39,0,0.8653228263461803,0.8148148148148148,0.16391152502910364,0.8148148148148148,0.8148148148148148
40,0,0.8653228263461803,0.8148148148148148,0.16391152502910364,0.8148148148148148,0.8148148148148148
42,0,0.0,0.0,0.0,0.0,0.0
43,0,0.0,0.0,0.0,0.0,0.0
45,0,0.8079814997884196,0.7407407407407407,0.10643605521370365,0.7407407407407407,0.7407407407407407
47,0,0.9205769022805337,0.8888888888888888,0.2980209545983702,0.8888888888888888,0.8888888888888888
49,0,1.0,1.0,1.0,1.0,1.0
50,0,1.0,1.0,1.0,1.0,1.0
