12,0.6052631578947368,0.5345224838248487,0.6808510638297872,0.21052631578947367,0.2857142857142857,0.0
17,0.6052631578947368,0.5345224838248487,0.6808510638297872,0.21052631578947367,0.2857142857142857,0.0
18,0.6052631578947368,0.5345224838248487,0.6808510638297872,0.21052631578947367,0.2857142857142857,0.0
19,0.0,0.0,0.1914893617021277,0.0,0.0,0.13333333333333333
20,0.0,0.0,0.1914893617021277,0.0,0.0,0.13333333333333333
21,0.0,0.0,0.1914893617021277,0.0,0.0,0.13333333333333333
22,0.0,0.0,0.1914893617021277,0.0,0.0,0.13333333333333333
23,0.0,0.0,0.1914893617021277,0.0,0.0,0.13333333333333333
25,0.638888888888889,0.5619514869490163,0.7234042553191489,0.23529411764705882,0.3157894736842105,0.13333333333333333
26,0.638888888888889,0.5619514869490163,0.7234042553191489,0.23529411764705882,0.3157894736842105,0.13333333333333333
27,0.9199999999999998,0.8660254037844385,0.9574468085106382,0.6666666666666666,0.75,0.8666666666666667
29,0.0,0.0,0.0,0.0,0.0,0.7333333333333334
30,0.638888888888889,0.5619514869490163,0.7234042553191489,0.23529411764705882,0.3157894736842105,0.13333333333333333
31,0.638888888888889,0.5619514869490163,0.7234042553191489,0.23529411764705882,0.3157894736842105,0.13333333333333333
32,0.6764705882352942,0.5940885257860045,0.7659574468085106,0.26666666666666666,0.35294117647058826,0.26666666666666666
33,1.0,1.0,1.0,1.0,1.0,1.0
34,1.0,1.0,1.0,1.0,1.0,1.0
36,0.638888888888889,0.5619514869490163,0.7234042553191489,0.23529411764705882,0.3157894736842105,0.13333333333333333
37,0.638888888888889,0.5619514869490163,0.7234042553191489,0.23529411764705882,0.3157894736842105,0.13333333333333333
40,0.6052631578947368,0.5345224838248487,0.6808510638297872,0.21052631578947367,0.2857142857142857,0.0
43,0.6764705882352942,0.5940885257860045,0.7659574468085106,0.26666666666666666,0.35294117647058826,0.26666666666666666
47,0.6764705882352942,0.5940885257860045,0.7659574468085106,0.26666666666666666,0.35294117647058826,0.26666666666666666
48,0.6764705882352942,0.5940885257860045,0.7659574468085106,0.26666666666666666,0.35294117647058826,0.26666666666666666
49,0.6764705882352942,0.5940885257860045,0.7659574468085106,0.26666666666666666,0.35294117647058826,0.26666666666666666
50,0.6764705882352942,0.5940885257860045,0.7659574468085106,0.26666666666666666,0.35294117647058826,0.26666666666666666
51,0.6764705882352942,0.5940885257860045,0.7659574468085106,0.26666666666666666,0.35294117647058826,0.26666666666666666
52,0.6764705882352942,0.5940885257860045,0.7659574468085106,0.26666666666666666,0.35294117647058826,0.26666666666666666
54,0.6764705882352942,0.5940885257860045,0.7659574468085106,0.26666666666666666,0.35294117647058826,0.26666666666666666
58,0.638888888888889,0.5619514869490163,0.7234042553191489,0.23529411764705882,0.3157894736842105,0.13333333333333333
62,0.638888888888889,0.5619514869490163,0.7234042553191489,0.23529411764705882,0.3157894736842105,0.13333333333333333
63,0.638888888888889,0.5619514869490163,0.7234042553191489,0.23529411764705882,0.3157894736842105,0.13333333333333333
64,0.638888888888889,0.5619514869490163,0.7234042553191489,0.23529411764705882,0.3157894736842105,0.13333333333333333
65,0.6764705882352942,0.5940885257860045,0.7659574468085106,0.26666666666666666,0.35294117647058826,0.26666666666666666
66,0.638888888888889,0.5619514869490163,0.7234042553191489,0.23529411764705882,0.3157894736842105,0.13333333333333333
67,0.8846153846153846,0.816496580927726,0.9361702127659575,0.5714285714285714,0.6666666666666666,0.7999999999999999
68,0.8846153846153846,0.816496580927726,0.9361702127659575,0.5714285714285714,0.6666666666666666,0.7999999999999999
70,0.638888888888889,0.5619514869490163,0.7234042553191489,0.23529411764705882,0.3157894736842105,0.13333333333333333
71,0.638888888888889,0.5619514869490163,0.7234042553191489,0.23529411764705882,0.3157894736842105,0.13333333333333333
72,0.638888888888889,0.5619514869490163,0.7234042553191489,0.23529411764705882,0.3157894736842105,0.13333333333333333
73,1.0,1.0,1.0,1.0,1.0,1.0
74,1.0,1.0,1.0,1.0,1.0,1.0
75,1.0,1.0,1.0,1.0,1.0,1.0
76,1.0,0.7071067811865476,0.6170212765957447,0.6666666666666666,0.75,0.5
77,1.0,0.7071067811865476,0.6170212765957447,0.6666666666666666,0.75,0.5
79,1.0,1.0,1.0,1.0,1.0,1.0
81,0.638888888888889,0.5619514869490163,0.7234042553191489,0.23529411764705882,0.3157894736842105,0.13333333333333333
82,0.6764705882352942,0.5940885257860045,0.7659574468085106,0.26666666666666666,0.35294117647058826,0.26666666666666666
83,0.638888888888889,0.5619514869490163,0.7234042553191489,0.23529411764705882,0.3157894736842105,0.13333333333333333
84,0.0,0.0,0.23404255319148937,0.0,0.0,0.0
85,0.0,0.0,0.23404255319148937,0.0,0.0,0.0
87,0.638888888888889,0.5619514869490163,0.7234042553191489,0.23529411764705882,0.3157894736842105,0.13333333333333333
89,0.638888888888889,0.5619514869490163,0.7234042553191489,0.23529411764705882,0.3157894736842105,0.13333333333333333
