4,1.0,1.0,1.0,1.0,1.0,0.0
9,1.0,1.0,1.0,1.0,1.0,0.0
11,1.0,1.0,1.0,1.0,1.0,0.0
13,1.0,1.0,1.0,1.0,1.0,0.0
14,0.7073880162885428,0.6786799097914108,0.6666666666666666,0.6666666666666669,0.6862745098039215,0.3333333333333321
15,0.0,0.0,0.0,0.0,0.0,1.0
16,0.0,0.0,0.0,0.0,0.0,1.0
19,0.7073880162885428,0.6786799097914108,0.6666666666666666,0.6666666666666669,0.6862745098039215,0.3333333333333321
20,0.7073880162885428,0.6786799097914108,0.6666666666666666,0.6666666666666669,0.6862745098039215,0.3333333333333321
21,0.7073880162885428,0.6786799097914108,0.6666666666666666,0.6666666666666669,0.6862745098039215,0.3333333333333321
24,1.0,1.0,1.0,1.0,1.0,0.0
25,1.0,1.0,1.0,1.0,1.0,0.0
27,1.0,1.0,1.0,1.0,1.0,0.0
