7,0.9444444444444444,0.9486832980505139,0.5,0.8888888888888888,0.9000000000000001,0.0
10,0.9444444444444444,0.9486832980505139,0.5,0.8888888888888888,0.9000000000000001,0.0
11,0.9444444444444444,0.9486832980505139,0.5,0.8888888888888888,0.9000000000000001,0.0
12,0.9444444444444444,0.9486832980505139,0.5,0.8888888888888888,0.9000000000000001,0.0
13,0.9444444444444444,0.9486832980505139,0.5,0.8888888888888888,0.9000000000000001,0.0
14,0.9444444444444444,0.9486832980505139,0.5,0.8888888888888888,0.9000000000000001,0.0
16,0.9444444444444444,0.9486832980505139,0.5,0.8888888888888888,0.9000000000000001,0.0
17,0.9444444444444444,0.9486832980505139,0.5,0.8888888888888888,0.9000000000000001,0.0
18,0.9444444444444444,0.9486832980505139,0.5,0.8888888888888888,0.9000000000000001,0.0
19,0.9444444444444444,0.9486832980505139,0.5,0.8888888888888888,0.9000000000000001,0.0
21,0.9444444444444444,0.9486832980505139,0.5,0.8888888888888888,0.9000000000000001,0.0
23,0.9444444444444444,0.9486832980505139,0.5,0.8888888888888888,0.9000000000000001,0.0
25,0.9444444444444444,0.9486832980505139,0.5,0.8888888888888888,0.9000000000000001,0.0
27,0.9444444444444444,0.9486832980505139,0.5,0.8888888888888888,0.9000000000000001,0.0
28,0.9444444444444444,0.9486832980505139,0.5,0.8888888888888888,0.9000000000000001,0.0
29,0.9444444444444444,0.9486832980505139,0.5,0.8888888888888888,0.9000000000000001,0.0
30,0.9444444444444444,0.9486832980505139,0.5,0.8888888888888888,0.9000000000000001,0.0
31,0.9444444444444444,0.9486832980505139,0.5,0.8888888888888888,0.9000000000000001,0.0
33,0.9444444444444444,0.9486832980505139,0.5,0.8888888888888888,0.9000000000000001,0.0
34,1.0,1.0,1.0,1.0,1.0,1.0
36,0.9444444444444444,0.9486832980505139,0.5,0.8888888888888888,0.9000000000000001,0.0
37,0.9444444444444444,0.9486832980505139,0.5,0.8888888888888888,0.9000000000000001,0.0
38,0.0,0.0,0.0,0.0,0.0,0.0
40,0.9444444444444444,0.9486832980505139,0.5,0.8888888888888888,0.9000000000000001,0.0
41,0.9444444444444444,0.9486832980505139,0.5,0.8888888888888888,0.9000000000000001,0.0
42,0.0,0.0,0.0,0.0,0.0,0.0
44,0.9444444444444444,0.9486832980505139,0.5,0.8888888888888888,0.9000000000000001,0.0
46,0.9444444444444444,0.9486832980505139,0.5,0.8888888888888888,0.9000000000000001,0.0
48,0.9444444444444444,0.9486832980505139,0.5,0.8888888888888888,0.9000000000000001,0.0
49,0.9444444444444444,0.9486832980505139,0.5,0.8888888888888888,0.9000000000000001,0.0
50,0.9444444444444444,0.9486832980505139,0.5,0.8888888888888888,0.9000000000000001,0.0
