3,0,1.0,1.0,1.0,1.0,1.0
5,0,1.0,1.0,1.0,1.0,1.0
6,0,1.0,1.0,1.0,1.0,1.0
7,0,1.0,1.0,1.0,1.0,1.0
8,0,1.0,1.0,1.0,1.0,1.0
9,0,1.0,1.0,1.0,1.0,1.0
11,0,1.0,1.0,1.0,1.0,1.0
13,0,1.0,1.0,1.0,1.0,1.0
15,0,1.0,1.0,1.0,1.0,1.0
16,0,0.9783622362367081,0.9622641509433962,0.4813002446696959,0.9622641509433961,0.9622641509433961
17,0,0.9783622362367081,0.9622641509433962,0.4813002446696959,0.9622641509433961,0.9622641509433961
18,0,0.9783622362367081,0.9622641509433962,0.4813002446696959,0.9622641509433961,0.9622641509433961
22,0,1.0,1.0,1.0,1.0,1.0
23,0,0.7195064193478878,0.5660377358490566,0.024618938346276004,0.5660377358490566,0.5660377358490566
26,0,0.5979128805353846,0.41509433962264153,0.01339482021851146,0.41509433962264153,0.41509433962264153
27,0,0.5979128805353846,0.41509433962264153,0.01339482021851146,0.41509433962264153,0.41509433962264153
28,0,0.5979128805353846,0.41509433962264153,0.01339482021851146,0.41509433962264153,0.41509433962264153
29,0,0.6141605708908834,0.4339622641509434,0.01447046487242223,0.4339622641509434,0.4339622641509434
32,0,0.7195064193478878,0.5660377358490566,0.024618938346276004,0.5660377358490566,0.5660377358490566
34,0,0.7195064193478878,0.5660377358490566,0.024618938346276004,0.5660377358490566,0.5660377358490566
36,0,0.7195064193478878,0.5660377358490566,0.024618938346276004,0.5660377358490566,0.5660377358490566
37,0,0.7195064193478878,0.5660377358490566,0.024618938346276004,0.5660377358490566,0.5660377358490566
38,0,0.7195064193478878,0.5660377358490566,0.024618938346276004,0.5660377358490566,0.5660377358490566
39,0,0.7195064193478878,0.5660377358490566,0.024618938346276004,0.5660377358490566,0.5660377358490566
43,0,0.7195064193478878,0.5660377358490566,0.024618938346276004,0.5660377358490566,0.5660377358490566
45,0,0.705244904560346,0.5471698113207547,0.02280671094023069,0.5471698113207547,0.5471698113207547
48,0,0.0,0.0,0.0,0.0,0.0
49,0,0.0,0.0,0.0,0.0,0.0
51,0,0.705244904560346,0.5471698113207547,0.02280671094023069,0.5471698113207547,0.5471698113207547
52,0,0.705244904560346,0.5471698113207547,0.02280671094023069,0.5471698113207547,0.5471698113207547
53,0,0.5813079700132465,0.39622641509433965,0.012386403355470116,0.39622641509433953,0.39622641509433953
55,0,0.2880107091928903,0.1320754716981132,0.0028722094737322007,0.1320754716981132,0.1320754716981132
