2,0.6074766355140186,0.42008402520840293,0.391304347826087,0.16,0.17647058823529413,0.1428571428571429
3,0.6074766355140186,0.42008402520840293,0.391304347826087,0.16,0.17647058823529413,0.1428571428571429
6,0.6074766355140186,0.42008402520840293,0.391304347826087,0.16,0.17647058823529413,0.1428571428571429
8,0.6074766355140186,0.42008402520840293,0.391304347826087,0.16,0.17647058823529413,0.1428571428571429
9,0.6250000000000001,0.4330127018922194,0.43478260869565216,0.1702127659574468,0.1875,0.2040816326530612
11,0.6074766355140186,0.42008402520840293,0.391304347826087,0.16,0.17647058823529413,0.1428571428571429
12,1.0,1.0,1.0,1.0,1.0,1.0
13,0.6250000000000001,0.4330127018922194,0.43478260869565216,0.1702127659574468,0.1875,0.2040816326530612
15,0.6250000000000001,0.4330127018922194,0.43478260869565216,0.1702127659574468,0.1875,0.2040816326530612
16,0.6372549019607844,0.4423258684646914,0.46376811594202894,0.17777777777777778,0.1956521739130435,0.24489795918367346
18,0.6250000000000001,0.4330127018922194,0.43478260869565216,0.1702127659574468,0.1875,0.2040816326530612
19,0.0,0.0,0.17391304347826084,0.0,0.0,0.14285714285714285
20,0.6372549019607844,0.4423258684646914,0.46376811594202894,0.17777777777777778,0.1956521739130435,0.24489795918367346
22,0.5701754385964912,0.39391929857916763,0.2898550724637681,0.14035087719298245,0.15517241379310345,0.0
25,0.5701754385964912,0.39391929857916763,0.2898550724637681,0.14035087719298245,0.15517241379310345,0.0
26,0.5701754385964912,0.39391929857916763,0.2898550724637681,0.14035087719298245,0.15517241379310345,0.0
27,0.5701754385964912,0.39391929857916763,0.2898550724637681,0.14035087719298245,0.15517241379310345,0.0
28,0.5701754385964912,0.39391929857916763,0.2898550724637681,0.14035087719298245,0.15517241379310345,0.0
29,0.0,0.0,0.24637681159420285,0.0,0.0,0.04081632653061224
30,0.5803571428571429,0.4008918628686366,0.3188405797101449,0.14545454545454545,0.16071428571428573,0.04081632653061224
31,0.5803571428571429,0.4008918628686366,0.3188405797101449,0.14545454545454545,0.16071428571428573,0.04081632653061224
32,0.0,0.0,0.0,0.0,0.0,0.3877551020408163
33,0.5803571428571429,0.4008918628686366,0.3188405797101449,0.14545454545454545,0.16071428571428573,0.04081632653061224
34,0.0,0.0,0.24637681159420285,0.0,0.0,0.04081632653061224
35,0.5909090909090909,0.408248290463863,0.3478260869565217,0.1509433962264151,0.16666666666666666,0.08163265306122448
37,0.0,0.0,0.23188405797101447,0.0,0.0,0.061224489795918366
38,0.0,0.0,0.23188405797101447,0.0,0.0,0.061224489795918366
40,0.6074766355140186,0.42008402520840293,0.391304347826087,0.16,0.17647058823529413,0.1428571428571429
42,0.6074766355140186,0.42008402520840293,0.391304347826087,0.16,0.17647058823529413,0.1428571428571429
43,0.9558823529411765,0.8660254037844388,0.9565217391304346,0.7272727272727273,0.75,0.9387755102040817
45,0.6074766355140186,0.42008402520840293,0.391304347826087,0.16,0.17647058823529413,0.1428571428571429
46,0.6074766355140186,0.42008402520840293,0.391304347826087,0.16,0.17647058823529413,0.1428571428571429
47,0.6372549019607844,0.4423258684646914,0.46376811594202894,0.17777777777777778,0.1956521739130435,0.24489795918367346
48,0.9027777777777779,0.75,0.8985507246376813,0.5333333333333333,0.5625,0.8571428571428572
51,0.0,0.0,0.20289855072463767,0.0,0.0,0.1020408163265306
52,0.0,0.0,0.20289855072463767,0.0,0.0,0.1020408163265306
