3,0.6988636363636364,0.8665782448262421,0.9542483660130718,0.5833333333333334,0.6839080459770115,0.0
5,0.6988636363636364,0.8665782448262421,0.9542483660130718,0.5833333333333334,0.6839080459770115,0.0
6,0.6988636363636364,0.8665782448262421,0.9542483660130718,0.5833333333333334,0.6839080459770115,0.0
7,0.6988636363636364,0.8665782448262421,0.9542483660130718,0.5833333333333334,0.6839080459770115,0.0
9,0.0,0.0,0.0,0.0,0.0,0.7903225806451614
12,0.8310810810810811,0.994936676326182,1.0,0.8555555555555556,0.9015151515151515,0.7903225806451615
14,0.5394736842105263,0.2721655269759087,0.1633986928104575,0.16666666666666669,0.23611111111111108,0.20967741935483872
16,0.9133663366336634,1.0,0.8823529411764706,1.0,1.0,1.0
18,0.7784810126582278,0.5039526306789696,0.3137254901960784,0.3666666666666667,0.47222222222222215,0.14516129032258063
20,1.0,0.8888888888888887,0.6143790849673203,0.9166666666666667,0.9444444444444443,0.8548387096774193
22,1.0,0.8888888888888887,0.6143790849673203,0.9166666666666667,0.9444444444444443,0.8548387096774193
24,0.6988636363636364,0.8665782448262421,0.9542483660130718,0.5833333333333334,0.6839080459770115,0.0
