3,0.5440860215053763,0.8351288403949213,1.0,0.4126031507876969,0.4445964432284542,0.0
7,0.5440860215053763,0.8351288403949213,1.0,0.4126031507876969,0.4445964432284542,0.0
8,0.5440860215053763,0.8351288403949213,1.0,0.4126031507876969,0.4445964432284542,0.0
9,0.5440860215053763,0.8351288403949213,1.0,0.4126031507876969,0.4445964432284542,0.0
10,0.5440860215053763,0.8351288403949213,1.0,0.4126031507876969,0.4445964432284542,0.0
12,0.5440860215053763,0.8351288403949213,1.0,0.4126031507876969,0.4445964432284542,0.0
13,0.5440860215053763,0.8351288403949213,1.0,0.4126031507876969,0.4445964432284542,0.0
14,0.5440860215053763,0.8351288403949213,1.0,0.4126031507876969,0.4445964432284542,0.0
15,1.0,1.0,0.8103448275862069,1.0,1.0,0.7272727272727273
16,1.0,1.0,0.8103448275862069,1.0,1.0,0.7272727272727273
19,0.3465753424657534,0.4433816949589262,0.5,0.22052927024859661,0.24381095273818454,0.5000000000000001
20,0.3465753424657534,0.4433816949589262,0.5,0.22052927024859661,0.24381095273818454,0.5000000000000001
23,0.0,0.0,0.0,0.0,0.0,1.0
29,0.5440860215053763,0.8351288403949213,1.0,0.4126031507876969,0.4445964432284542,0.0
30,0.5440860215053763,0.8351288403949213,1.0,0.4126031507876969,0.4445964432284542,0.0
