3,0.0,0.9182984470890736,1.0,0.45833333333333337,0.4791666666666671,0.0
5,0.0,0.9182984470890736,1.0,0.45833333333333337,0.4791666666666671,0.0
6,0.0,0.9182984470890736,1.0,0.45833333333333337,0.4791666666666671,0.0
7,0.0,0.9182984470890736,1.0,0.45833333333333337,0.4791666666666671,0.0
8,0.0,0.9182984470890736,1.0,0.45833333333333337,0.4791666666666671,0.0
9,0.0,0.9182984470890736,1.0,0.45833333333333337,0.4791666666666671,0.0
11,0.0,0.0,0.0,0.0,0.0,0.0
13,0.0,0.0,0.0,0.0,0.0,0.0
15,0.0,0.0,0.0,0.0,0.0,0.0
16,1.0,1.0,0.15384615384615516,1.0,1.0,1.0
20,0.0,0.9182984470890736,1.0,0.45833333333333337,0.4791666666666671,0.0
21,0.0,0.9182984470890736,1.0,0.45833333333333337,0.4791666666666671,0.0
