3,0.6530612244897963,0.31422188018456654,0.11111111111111119,0.2307692307692307,0.30769230769230776,0.49999999999999983
5,0.6530612244897963,0.31422188018456654,0.11111111111111119,0.2307692307692307,0.30769230769230776,0.49999999999999983
7,0.19047619047619022,1.0,1.0,0.8076923076923076,0.8615384615384615,0.0
10,0.19047619047619022,1.0,1.0,0.8076923076923076,0.8615384615384615,0.0
11,0.19047619047619022,1.0,1.0,0.8076923076923076,0.8615384615384615,0.0
14,0.19047619047619022,1.0,1.0,0.8076923076923076,0.8615384615384615,0.0
15,0.19047619047619022,1.0,1.0,0.8076923076923076,0.8615384615384615,0.0
17,0.19047619047619022,1.0,1.0,0.8076923076923076,0.8615384615384615,0.0
18,0.19047619047619022,1.0,1.0,0.8076923076923076,0.8615384615384615,0.0
19,0.19047619047619022,1.0,1.0,0.8076923076923076,0.8615384615384615,0.0
20,0.0,0.0,0.0,0.0,0.0,0.25000000000000006
21,0.0,0.0,0.0,0.0,0.0,0.25000000000000006
22,0.0,0.0,0.0,0.0,0.0,0.25000000000000006
24,0.19047619047619022,1.0,1.0,0.8076923076923076,0.8615384615384615,0.0
25,0.19047619047619022,1.0,1.0,0.8076923076923076,0.8615384615384615,0.0
26,1.0,0.98043045208744,0.6666666666666664,1.0,1.0,1.0
28,0.19047619047619022,1.0,1.0,0.8076923076923076,0.8615384615384615,0.0
29,0.19047619047619022,1.0,1.0,0.8076923076923076,0.8615384615384615,0.0
30,0.19047619047619022,1.0,1.0,0.8076923076923076,0.8615384615384615,0.0
