6,0,1.0,1.0,1.0,1.0,1.0
8,0,1.0,1.0,1.0,1.0,1.0
9,0,1.0,1.0,1.0,1.0,1.0
11,0,1.0,1.0,1.0,1.0,1.0
13,0,1.0,1.0,1.0,1.0,1.0
16,0,1.0,1.0,1.0,1.0,1.0
17,0,1.0,1.0,1.0,1.0,1.0
18,0,0.8729833462074166,0.8571428571428571,0.9320388349514563,0.8571428571428571,0.8571428571428571
19,0,0.6055512754639896,0.5714285714285714,0.20711974110032363,0.5714285714285714,0.5714285714285714
20,0,0.8729833462074166,0.8571428571428571,0.9320388349514563,0.8571428571428571,0.8571428571428571
21,0,0.6055512754639896,0.5714285714285714,0.20711974110032363,0.5714285714285714,0.5714285714285714
22,0,0.6055512754639896,0.5714285714285714,0.20711974110032363,0.5714285714285714,0.5714285714285714
23,0,0.46410161513775483,0.42857142857142855,0.11650485436893204,0.42857142857142855,0.42857142857142855
25,0,0.16227766016837908,0.14285714285714285,0.025889967637540454,0.14285714285714285,0.14285714285714285
29,0,1.0,1.0,1.0,1.0,1.0
31,0,1.0,1.0,1.0,1.0,1.0
32,0,1.0,1.0,1.0,1.0,1.0
34,0,1.0,1.0,1.0,1.0,1.0
35,0,1.0,1.0,1.0,1.0,1.0
36,0,1.0,1.0,1.0,1.0,1.0
37,0,1.0,1.0,1.0,1.0,1.0
39,0,1.0,1.0,1.0,1.0,1.0
40,0,0.3166247903553998,0.2857142857142857,0.0621359223300971,0.2857142857142857,0.2857142857142857
43,0,1.0,1.0,1.0,1.0,1.0
44,0,1.0,1.0,1.0,1.0,1.0
45,0,1.0,1.0,1.0,1.0,1.0
47,0,1.0,1.0,1.0,1.0,1.0
48,0,0.46410161513775483,0.42857142857142855,0.11650485436893204,0.42857142857142855,0.42857142857142855
51,0,1.0,1.0,1.0,1.0,1.0
52,0,1.0,1.0,1.0,1.0,1.0
53,0,1.0,1.0,1.0,1.0,1.0
55,0,0.3166247903553998,0.2857142857142857,0.0621359223300971,0.2857142857142857,0.2857142857142857
56,0,0.0,0.0,0.0,0.0,0.0
60,0,1.0,1.0,1.0,1.0,1.0
62,0,1.0,1.0,1.0,1.0,1.0
65,0,1.0,1.0,1.0,1.0,1.0
66,0,1.0,1.0,1.0,1.0,1.0
67,0,1.0,1.0,1.0,1.0,1.0
72,0,1.0,1.0,1.0,1.0,1.0
