2,1.0,1.0,1.0,1.0,1.0,0.0
7,1.0,1.0,1.0,1.0,1.0,0.0
10,1.0,1.0,1.0,1.0,1.0,0.0
11,1.0,1.0,1.0,1.0,1.0,0.0
12,1.0,1.0,1.0,1.0,1.0,0.0
13,1.0,1.0,1.0,1.0,1.0,0.0
15,1.0,1.0,1.0,1.0,1.0,0.0
16,0.1764705882352942,0.562215933334912,0.5670103092783507,0.4693877551020408,0.5054945054945056,1.0
17,0.1764705882352942,0.562215933334912,0.5670103092783507,0.4693877551020408,0.5054945054945056,1.0
19,0.1764705882352942,0.562215933334912,0.5670103092783507,0.4693877551020408,0.5054945054945056,1.0
20,0.0,0.0,0.0,0.0,0.0,0.5
21,0.0,0.0,0.0,0.0,0.0,0.5
23,0.0,0.0,0.0,0.0,0.0,0.5
26,0.5625000000000009,0.6279481651656162,0.5876288659793817,0.6090225563909774,0.6428571428571429,0.5
27,0.5625000000000009,0.6279481651656162,0.5876288659793817,0.6090225563909774,0.6428571428571429,0.5
28,0.5625000000000009,0.6279481651656162,0.5876288659793817,0.6090225563909774,0.6428571428571429,0.5
34,1.0,1.0,1.0,1.0,1.0,0.0
36,1.0,1.0,1.0,1.0,1.0,0.0
