5,0,1.0,1.0,1.0,1.0,1.0
11,0,1.0,1.0,1.0,1.0,1.0
12,0,1.0,1.0,1.0,1.0,1.0
13,0,1.0,1.0,1.0,1.0,1.0
15,0,1.0,1.0,1.0,1.0,1.0
16,0,1.0,1.0,1.0,1.0,1.0
17,0,1.0,1.0,1.0,1.0,1.0
18,0,1.0,1.0,1.0,1.0,1.0
20,0,1.0,1.0,1.0,1.0,1.0
21,0,0.23249527748763857,0.05405405405405406,0.0015444015444015444,0.05405405405405406,0.05405405405405406
22,0,0.23249527748763857,0.05405405405405406,0.0015444015444015444,0.05405405405405406,0.05405405405405406
25,0,0.9725975251592748,0.9459459459459459,0.47297297297297297,0.9459459459459459,0.9459459459459459
27,0,0.1643989873053573,0.02702702702702703,0.0007507507507507507,0.02702702702702703,0.02702702702702703
28,0,0.1643989873053573,0.02702702702702703,0.0007507507507507507,0.02702702702702703,0.02702702702702703
31,0,0.9586025865388216,0.918918918918919,0.30630630630630634,0.918918918918919,0.918918918918919
33,0,0.0,0.0,0.0,0.0,0.0
34,0,0.0,0.0,0.0,0.0,0.0
38,0,0.9586025865388216,0.918918918918919,0.30630630630630634,0.918918918918919,0.918918918918919
40,0,0.9586025865388216,0.918918918918919,0.30630630630630634,0.918918918918919,0.918918918918919
41,0,0.9586025865388216,0.918918918918919,0.30630630630630634,0.918918918918919,0.918918918918919
42,0,0.9586025865388216,0.918918918918919,0.30630630630630634,0.918918918918919,0.918918918918919
43,0,0.9586025865388216,0.918918918918919,0.30630630630630634,0.918918918918919,0.918918918918919
44,0,0.9586025865388216,0.918918918918919,0.30630630630630634,0.918918918918919,0.918918918918919
49,0,0.9586025865388216,0.918918918918919,0.30630630630630634,0.918918918918919,0.918918918918919
51,0,0.9586025865388216,0.918918918918919,0.30630630630630634,0.918918918918919,0.918918918918919
54,0,0.9586025865388216,0.918918918918919,0.30630630630630634,0.918918918918919,0.918918918918919
55,0,0.9586025865388216,0.918918918918919,0.30630630630630634,0.918918918918919,0.918918918918919
59,0,0.9586025865388216,0.918918918918919,0.30630630630630634,0.918918918918919,0.918918918918919
61,0,0.9586025865388216,0.918918918918919,0.30630630630630634,0.918918918918919,0.918918918918919
62,0,0.6575959492214292,0.43243243243243246,0.02059202059202059,0.43243243243243246,0.43243243243243246
64,0,0.6974858324629157,0.4864864864864865,0.025604551920341393,0.4864864864864865,0.4864864864864865
66,0,0.9586025865388216,0.918918918918919,0.30630630630630634,0.918918918918919,0.918918918918919
69,0,1.0,1.0,1.0,1.0,1.0
73,0,1.0,1.0,1.0,1.0,1.0
74,0,1.0,1.0,1.0,1.0,1.0
75,0,1.0,1.0,1.0,1.0,1.0
76,0,1.0,1.0,1.0,1.0,1.0
77,0,0.9725975251592748,0.9459459459459459,0.47297297297297297,0.9459459459459459,0.9459459459459459
78,0,0.9725975251592748,0.9459459459459459,0.47297297297297297,0.9459459459459459,0.9459459459459459
79,0,0.9725975251592748,0.9459459459459459,0.47297297297297297,0.9459459459459459,0.9459459459459459
80,0,0.8853156407653623,0.7837837837837838,0.09797297297297297,0.7837837837837838,0.7837837837837838
81,0,0.8853156407653623,0.7837837837837838,0.09797297297297297,0.7837837837837838,0.7837837837837838
82,0,0.8853156407653623,0.7837837837837838,0.09797297297297297,0.7837837837837838,0.7837837837837838
83,0,0.8853156407653623,0.7837837837837838,0.09797297297297297,0.7837837837837838,0.7837837837837838
86,0,0.9725975251592748,0.9459459459459459,0.47297297297297297,0.9459459459459459,0.9459459459459459
87,0,0.9725975251592748,0.9459459459459459,0.47297297297297297,0.9459459459459459,0.9459459459459459
88,0,0.9586025865388216,0.918918918918919,0.30630630630630634,0.918918918918919,0.918918918918919
89,0,0.86991767240168,0.7567567567567568,0.08408408408408409,0.7567567567567568,0.7567567567567568
90,0,0.86991767240168,0.7567567567567568,0.08408408408408409,0.7567567567567568,0.7567567567567568
91,0,0.86991767240168,0.7567567567567568,0.08408408408408409,0.7567567567567568,0.7567567567567568
92,0,0.86991767240168,0.7567567567567568,0.08408408408408409,0.7567567567567568,0.7567567567567568
95,0,0.9725975251592748,0.9459459459459459,0.47297297297297297,0.9459459459459459,0.9459459459459459
97,0,1.0,1.0,1.0,1.0,1.0
