3,0.7794117647058824,1.0,1.0,0.6470588235294119,0.6756756756756758,0.0
6,0.7794117647058824,1.0,1.0,0.6470588235294119,0.6756756756756758,0.0
7,0.7794117647058824,1.0,1.0,0.6470588235294119,0.6756756756756758,0.0
8,0.7794117647058824,1.0,1.0,0.6470588235294119,0.6756756756756758,0.0
10,0.8907563025210086,0.9303209532324808,0.7078651685393259,0.8148148148148149,0.8333333333333334,0.7555555555555554
11,1.0,0.9170109546287278,0.5561797752808989,1.0,1.0,1.0
13,0.6708860759493671,0.35843021946010944,0.1797752808988764,0.3666666666666667,0.3968253968253968,0.24444444444444446
17,0.623529411764706,0.47790695928014587,0.3202247191011236,0.3859649122807018,0.4166666666666667,0.7555555555555556
19,0.5463917525773195,0.30567031820957596,0.16292134831460675,0.2820512820512821,0.30864197530864196,0.6444444444444446
20,0.791044776119403,0.4138795673819817,0.19101123595505617,0.45833333333333337,0.4901960784313726,0.022222222222222143
22,0.0,0.0,0.0,0.0,0.0,0.6666666666666667
24,0.7260273972602741,0.38317802236740667,0.1853932584269663,0.40740740740740744,0.43859649122807015,0.11111111111111109
26,0.7260273972602741,0.38317802236740667,0.1853932584269663,0.40740740740740744,0.43859649122807015,0.11111111111111109
27,0.8688524590163934,0.45338235029118135,0.19662921348314608,0.5238095238095238,0.5555555555555556,0.1555555555555555
29,0.0,0.0,0.016853932584269662,0.0,0.0,0.26666666666666666
32,0.7794117647058824,1.0,1.0,0.6470588235294119,0.6756756756756758,0.0
33,0.7794117647058824,1.0,1.0,0.6470588235294119,0.6756756756756758,0.0
