27,0,1.0,1.0,1.0,1.0,1.0
30,0,1.0,1.0,1.0,1.0,1.0
31,0,1.0,1.0,1.0,1.0,1.0
32,0,1.0,1.0,1.0,1.0,1.0
33,0,1.0,1.0,1.0,1.0,1.0
34,0,1.0,1.0,1.0,1.0,1.0
35,0,1.0,1.0,1.0,1.0,1.0
37,0,0.7343571385214599,0.6530612244897959,0.03854870653572086,0.6530612244897959,0.6530612244897959
38,0,0.7343571385214599,0.6530612244897959,0.03854870653572086,0.6530612244897959,0.6530612244897959
40,0,1.0,1.0,1.0,1.0,1.0
42,0,0.3843223107408365,0.2857142857142857,0.00819160013884068,0.28571428571428575,0.28571428571428575
44,0,1.0,1.0,1.0,1.0,1.0
46,0,0.26480553540151824,0.1836734693877551,0.004607775078097883,0.18367346938775508,0.18367346938775508
48,0,1.0,1.0,1.0,1.0,1.0
50,0,0.1282134630534045,0.08163265306122448,0.00182035558640904,0.08163265306122451,0.08163265306122451
52,0,1.0,1.0,1.0,1.0,1.0
54,0,0.18538322508501465,0.12244897959183673,0.002857534932153726,0.12244897959183675,0.12244897959183675
56,0,1.0,1.0,1.0,1.0,1.0
58,0,0.0,0.0,0.0,0.0,0.0
62,0,1.0,1.0,1.0,1.0,1.0
