4,0,0.15616969942943476,0.14285714285714285,0.02631578947368421,0.142857142857143,0.142857142857143
5,0,0.15616969942943476,0.14285714285714285,0.02631578947368421,0.142857142857143,0.142857142857143
6,0,0.15616969942943476,0.14285714285714285,0.02631578947368421,0.142857142857143,0.142857142857143
7,0,0.0,0.0,0.0,0.0,0.0
10,0,1.0,1.0,1.0,1.0,1.0
13,0,1.0,1.0,1.0,1.0,1.0
15,0,1.0,1.0,1.0,1.0,1.0
16,0,1.0,1.0,1.0,1.0,1.0
19,0,1.0,1.0,1.0,1.0,1.0
20,0,1.0,1.0,1.0,1.0,1.0
21,0,1.0,1.0,1.0,1.0,1.0
22,0,0.15616969942943476,0.14285714285714285,0.02631578947368421,0.142857142857143,0.142857142857143
24,0,1.0,1.0,1.0,1.0,1.0
25,0,0.15616969942943476,0.14285714285714285,0.02631578947368421,0.142857142857143,0.142857142857143
26,0,0.15616969942943476,0.14285714285714285,0.02631578947368421,0.142857142857143,0.142857142857143
28,0,1.0,1.0,1.0,1.0,1.0
29,0,0.15616969942943476,0.14285714285714285,0.02631578947368421,0.142857142857143,0.142857142857143
31,0,1.0,1.0,1.0,1.0,1.0
32,0,1.0,1.0,1.0,1.0,1.0
33,0,1.0,1.0,1.0,1.0,1.0
34,0,1.0,1.0,1.0,1.0,1.0
36,0,1.0,1.0,1.0,1.0,1.0
37,0,1.0,1.0,1.0,1.0,1.0
