3,0.7243589743589745,0.7744750971353841,0.9650145772594753,0.47115384615384615,0.5338983050847458,0.0
5,0.7243589743589745,0.7744750971353841,0.9650145772594753,0.47115384615384615,0.5338983050847458,0.0
7,0.7243589743589745,0.7744750971353841,0.9650145772594753,0.47115384615384615,0.5338983050847458,0.0
9,0.7243589743589745,0.7744750971353841,0.9650145772594753,0.47115384615384615,0.5338983050847458,0.0
11,0.7243589743589745,0.7744750971353841,0.9650145772594753,0.47115384615384615,0.5338983050847458,0.0
12,0.7243589743589745,0.7744750971353841,0.9650145772594753,0.47115384615384615,0.5338983050847458,0.0
14,0.7243589743589745,0.7744750971353841,0.9650145772594753,0.47115384615384615,0.5338983050847458,0.0
17,0.7243589743589745,0.7744750971353841,0.9650145772594753,0.47115384615384615,0.5338983050847458,0.0
18,0.7243589743589745,0.7744750971353841,0.9650145772594753,0.47115384615384615,0.5338983050847458,0.0
19,0.7243589743589745,0.7744750971353841,0.9650145772594753,0.47115384615384615,0.5338983050847458,0.0
21,0.7243589743589745,0.7744750971353841,0.9650145772594753,0.47115384615384615,0.5338983050847458,0.0
22,0.7243589743589745,0.7744750971353841,0.9650145772594753,0.47115384615384615,0.5338983050847458,0.0
24,0.7243589743589745,0.7744750971353841,0.9650145772594753,0.47115384615384615,0.5338983050847458,0.0
27,0.7243589743589745,0.7744750971353841,0.9650145772594753,0.47115384615384615,0.5338983050847458,0.0
28,0.7243589743589745,0.7744750971353841,0.9650145772594753,0.47115384615384615,0.5338983050847458,0.0
32,0.7243589743589745,0.7744750971353841,0.9650145772594753,0.47115384615384615,0.5338983050847458,0.0
33,0.7243589743589745,0.7744750971353841,0.9650145772594753,0.47115384615384615,0.5338983050847458,0.0
34,0.7243589743589745,0.7744750971353841,0.9650145772594753,0.47115384615384615,0.5338983050847458,0.0
35,0.7243589743589745,0.7744750971353841,0.9650145772594753,0.47115384615384615,0.5338983050847458,0.0
36,0.7243589743589745,0.7744750971353841,0.9650145772594753,0.47115384615384615,0.5338983050847458,0.0
38,0.7243589743589745,0.7744750971353841,0.9650145772594753,0.47115384615384615,0.5338983050847458,0.0
40,0.7243589743589745,0.7744750971353841,0.9650145772594753,0.47115384615384615,0.5338983050847458,0.0
41,0.7243589743589745,0.7744750971353841,0.9650145772594753,0.47115384615384615,0.5338983050847458,0.0
43,0.7243589743589745,0.7744750971353841,0.9650145772594753,0.47115384615384615,0.5338983050847458,0.0
45,0.7243589743589745,0.7744750971353841,0.9650145772594753,0.47115384615384615,0.5338983050847458,0.0
48,0.7243589743589745,0.7744750971353841,0.9650145772594753,0.47115384615384615,0.5338983050847458,0.0
49,0.7243589743589745,0.7744750971353841,0.9650145772594753,0.47115384615384615,0.5338983050847458,0.0
52,0.7243589743589745,0.7744750971353841,0.9650145772594753,0.47115384615384615,0.5338983050847458,0.0
57,0.7243589743589745,0.7744750971353841,0.9650145772594753,0.47115384615384615,0.5338983050847458,0.0
58,0.7243589743589745,0.7744750971353841,0.9650145772594753,0.47115384615384615,0.5338983050847458,0.0
59,0.2729468599033817,0.1479375607664324,0.09620991253644316,0.09210526315789473,0.11538461538461539,1.0
60,0.2729468599033817,0.1479375607664324,0.09620991253644316,0.09210526315789473,0.11538461538461539,1.0
64,0.7243589743589745,0.7744750971353841,0.9650145772594753,0.47115384615384615,0.5338983050847458,0.0
65,0.0,0.0,0.0,0.0,0.0,0.4883720930232558
66,0.8188405797101451,0.8677298443307784,1.0,0.6125,0.6702127659574468,0.4883720930232557
67,0.3923611111111111,0.18544954675472894,0.13119533527696794,0.13461538461538464,0.16666666666666666,0.5116279069767442
69,1.0,1.0,0.9037900874635568,1.0,1.0,0.9999999999999998
72,0.7243589743589745,0.7744750971353841,0.9650145772594753,0.47115384615384615,0.5338983050847458,0.0
