2,0,1.0,1.0,1.0,1.0,1.0
4,0,1.0,1.0,1.0,1.0,1.0
5,0,1.0,1.0,1.0,1.0,1.0
6,0,1.0,1.0,1.0,1.0,1.0
7,0,1.0,1.0,1.0,1.0,1.0
8,0,1.0,1.0,1.0,1.0,1.0
10,0,1.0,1.0,1.0,1.0,1.0
11,0,0.0,0.0,0.0,0.0,0.0
13,0,0.9076662068585115,0.8666666666666667,0.21751968503937005,0.8666666666666666,0.8666666666666666
14,0,0.8591866231883596,0.8,0.13385826771653542,0.7999999999999999,0.7999999999999999
15,0,0.21624576540908075,0.13333333333333333,0.00514839491217444,0.13333333333333333,0.13333333333333333
16,0,0.21624576540908075,0.13333333333333333,0.00514839491217444,0.13333333333333333,0.13333333333333333
19,0,0.9076662068585115,0.8666666666666667,0.21751968503937005,0.8666666666666666,0.8666666666666666
20,0,0.7022838797436982,0.6,0.05019685039370079,0.6,0.6
21,0,0.7022838797436982,0.6,0.05019685039370079,0.6,0.6
24,0,1.0,1.0,1.0,1.0,1.0
