3,0.5714285714285714,0.3910769444375214,0.3571428571428571,0.14285714285714285,0.15294117647058822,0.0
9,0.5714285714285714,0.3910769444375214,0.3571428571428571,0.14285714285714285,0.15294117647058822,0.0
10,0.5748502994011976,0.39339789623472154,0.3660714285714286,0.14457831325301207,0.15476190476190474,0.013888888888888838
11,0.5748502994011976,0.39339789623472154,0.3660714285714286,0.14457831325301207,0.15476190476190474,0.013888888888888838
12,0.5748502994011976,0.39339789623472154,0.3660714285714286,0.14457831325301207,0.15476190476190474,0.013888888888888838
13,0.5748502994011976,0.39339789623472154,0.3660714285714286,0.14457831325301207,0.15476190476190474,0.013888888888888838
15,0.5748502994011976,0.39339789623472154,0.3660714285714286,0.14457831325301207,0.15476190476190474,0.013888888888888838
16,0.5748502994011976,0.39339789623472154,0.3660714285714286,0.14457831325301207,0.15476190476190474,0.013888888888888838
17,0.5748502994011976,0.39339789623472154,0.3660714285714286,0.14457831325301207,0.15476190476190474,0.013888888888888838
18,0.5748502994011976,0.39339789623472154,0.3660714285714286,0.14457831325301207,0.15476190476190474,0.013888888888888838
19,0.0,0.0,0.062499999999999986,0.0,0.0,0.44444444444444436
20,0.0,0.0,0.062499999999999986,0.0,0.0,0.44444444444444436
22,0.6037735849056604,0.4135850959342555,0.43749999999999994,0.16000000000000003,0.17105263157894735,0.12499999999999993
23,0.0,0.0,0.0,0.0,0.0,0.5416666666666666
24,0.0,0.0,0.0,0.0,0.0,0.5416666666666666
29,1.0,1.0,1.0,1.0,1.0,1.0
32,0.5714285714285714,0.3910769444375214,0.3571428571428571,0.14285714285714285,0.15294117647058822,0.0
