4,0.611340206185567,0.5670567855675941,0.9588785046728973,0.2350515463917526,0.2796116504854369,0.0
7,0.611340206185567,0.5670567855675941,0.9588785046728973,0.2350515463917526,0.2796116504854369,0.0
8,0.611340206185567,0.5670567855675941,0.9588785046728973,0.2350515463917526,0.2796116504854369,0.0
9,0.611340206185567,0.5670567855675941,0.9588785046728973,0.2350515463917526,0.2796116504854369,0.0
11,0.611340206185567,0.5670567855675941,0.9588785046728973,0.2350515463917526,0.2796116504854369,0.0
13,0.611340206185567,0.5670567855675941,0.9588785046728973,0.2350515463917526,0.2796116504854369,0.0
14,0.6895348837209303,0.5221040055320324,0.680373831775701,0.2923076923076923,0.3428571428571428,0.23342175066312998
15,0.611340206185567,0.5670567855675941,0.9588785046728973,0.2350515463917526,0.2796116504854369,0.0
16,0.0,0.0,0.0,0.0,0.0,0.35013262599469497
18,0.6895348837209302,0.6394442031083626,1.0,0.30400000000000005,0.3555555555555555,0.3501326259946949
19,1.0,1.0,0.9233644859813084,1.0,1.0,1.0
21,0.27015945330296126,0.12594470598448052,0.11775700934579442,0.061290322580645165,0.07619047619047618,0.6498673740053051
22,0.0,0.0,0.013084112149532711,0.0,0.0,0.23872679045092837
24,0.33982808022922634,0.14627149017224547,0.14579439252336449,0.08085106382978724,0.09999999999999999,0.4111405835543767
