2,0.6323529411764707,0.7352146220938078,0.8316831683168316,0.4411764705882353,0.4864864864864865,0.0
5,0.6323529411764707,0.7352146220938078,0.8316831683168316,0.4411764705882353,0.4864864864864865,0.0
6,0.6323529411764707,0.7352146220938078,0.8316831683168316,0.4411764705882353,0.4864864864864865,0.0
7,0.6323529411764707,0.7352146220938078,0.8316831683168316,0.4411764705882353,0.4864864864864865,0.0
9,0.0,0.0,0.08910891089108912,0.0,0.0,0.23529411764705882
11,0.671875,0.778498944161523,0.8712871287128713,0.5,0.5454545454545455,0.23529411764705888
13,0.0,0.0,0.0,0.0,0.0,0.7647058823529411
15,0.0,0.0,0.08910891089108912,0.0,0.0,0.23529411764705882
16,0.0,0.0,0.08910891089108912,0.0,0.0,0.23529411764705882
21,0.0,0.0,0.03960396039603962,0.0,0.0,0.5294117647058824
22,0.0,0.0,0.03960396039603962,0.0,0.0,0.5294117647058824
28,0.8431372549019608,1.0,1.0,0.8823529411764706,0.9,1.0
30,0.826923076923077,0.563436169819011,0.4158415841584158,0.625,0.6666666666666666,0.31372549019607837
31,0.826923076923077,0.563436169819011,0.4158415841584158,0.625,0.6666666666666666,0.31372549019607837
33,0.8514851485148515,0.826898230594723,0.7128712871287128,0.8333333333333333,0.8571428571428571,0.6862745098039215
35,1.0,0.74535599249993,0.4455445544554455,1.0,1.0,0.4901960784313725
36,1.0,0.74535599249993,0.4455445544554455,1.0,1.0,0.4901960784313725
40,0.7413793103448275,0.49690399499995325,0.396039603960396,0.5,0.5454545454545455,0.196078431372549
41,0.7413793103448275,0.49690399499995325,0.396039603960396,0.5,0.5454545454545455,0.196078431372549
49,0.6323529411764707,0.7352146220938078,0.8316831683168316,0.4411764705882353,0.4864864864864865,0.0
