17,1.0,1.0,1.0,1.0,1.0,0.0
20,1.0,1.0,1.0,1.0,1.0,0.0
21,1.0,1.0,1.0,1.0,1.0,0.0
24,1.0,1.0,1.0,1.0,1.0,0.0
25,1.0,1.0,1.0,1.0,1.0,0.0
26,1.0,1.0,1.0,1.0,1.0,0.0
27,1.0,1.0,1.0,1.0,1.0,0.0
29,0.0,0.0,0.0,0.0,0.0,0.0
31,0.0,0.0,0.0,0.0,0.0,0.0
33,0.0,0.0,0.0,0.0,0.0,0.0
34,0.0,0.0,0.0,0.0,0.0,0.0
36,0.0,0.0,0.0,0.0,0.0,0.0
37,0.0,0.0,0.0,0.0,0.0,0.0
39,1.0,1.0,1.0,1.0,1.0,0.0
41,1.0,1.0,1.0,1.0,1.0,0.0
43,1.0,1.0,1.0,1.0,1.0,0.0
44,1.0,1.0,1.0,1.0,1.0,0.0
46,1.0,1.0,1.0,1.0,1.0,0.0
48,1.0,1.0,1.0,1.0,1.0,0.0
50,1.0,1.0,1.0,1.0,1.0,0.0
51,1.0,1.0,1.0,1.0,1.0,0.0
53,1.0,1.0,1.0,1.0,1.0,0.0
56,1.0,1.0,1.0,1.0,1.0,0.0
57,1.0,1.0,1.0,1.0,1.0,0.0
59,1.0,1.0,1.0,1.0,1.0,0.0
61,1.0,1.0,1.0,1.0,1.0,0.0
63,0.8,0.693888666488711,0.5217391304347826,0.6060606060606061,0.6666666666666666,1.0
64,0.8,0.693888666488711,0.5217391304347826,0.6060606060606061,0.6666666666666666,1.0
65,0.8,0.693888666488711,0.5217391304347826,0.6060606060606061,0.6666666666666666,1.0
66,0.8,0.693888666488711,0.5217391304347826,0.6060606060606061,0.6666666666666666,1.0
68,1.0,1.0,1.0,1.0,1.0,0.0
70,1.0,1.0,1.0,1.0,1.0,0.0
73,1.0,1.0,1.0,1.0,1.0,0.0
78,1.0,1.0,1.0,1.0,1.0,0.0
80,1.0,1.0,1.0,1.0,1.0,0.0
81,1.0,1.0,1.0,1.0,1.0,0.0
82,1.0,1.0,1.0,1.0,1.0,0.0
83,1.0,1.0,1.0,1.0,1.0,0.0
84,1.0,1.0,1.0,1.0,1.0,0.0
87,1.0,1.0,1.0,1.0,1.0,0.0
89,1.0,1.0,1.0,1.0,1.0,0.0
90,1.0,1.0,1.0,1.0,1.0,0.0
91,1.0,1.0,1.0,1.0,1.0,0.0
93,1.0,1.0,1.0,1.0,1.0,0.0
94,1.0,1.0,1.0,1.0,1.0,0.0
95,1.0,1.0,1.0,1.0,1.0,0.0
97,1.0,1.0,1.0,1.0,1.0,0.0
98,1.0,1.0,1.0,1.0,1.0,0.0
99,1.0,1.0,1.0,1.0,1.0,0.0
104,1.0,1.0,1.0,1.0,1.0,0.0
106,1.0,1.0,1.0,1.0,1.0,0.0
107,1.0,1.0,1.0,1.0,1.0,0.0
108,1.0,1.0,1.0,1.0,1.0,0.0
109,1.0,1.0,1.0,1.0,1.0,0.0
112,1.0,1.0,1.0,1.0,1.0,0.0
114,1.0,1.0,1.0,1.0,1.0,0.0
118,1.0,1.0,1.0,1.0,1.0,0.0
120,1.0,1.0,1.0,1.0,1.0,0.0
122,1.0,1.0,1.0,1.0,1.0,0.0
123,1.0,1.0,1.0,1.0,1.0,0.0
126,1.0,1.0,1.0,1.0,1.0,0.0
128,1.0,1.0,1.0,1.0,1.0,0.0
130,1.0,1.0,1.0,1.0,1.0,0.0
133,1.0,1.0,1.0,1.0,1.0,0.0
