5,0.0,0.6938854854876211,0.9333333333333333,0.4999999999999998,0.5526315789473681,0.0
7,0.0,0.6938854854876211,0.9333333333333333,0.4999999999999998,0.5526315789473681,0.0
8,0.0,0.6938854854876211,0.9333333333333333,0.4999999999999998,0.5526315789473681,0.0
9,0.0,0.6938854854876211,0.9333333333333333,0.4999999999999998,0.5526315789473681,0.0
10,0.0,0.6938854854876211,0.9333333333333333,0.4999999999999998,0.5526315789473681,0.0
11,0.0,0.6938854854876211,0.9333333333333333,0.4999999999999998,0.5526315789473681,0.0
12,0.0,0.6938854854876211,0.9333333333333333,0.4999999999999998,0.5526315789473681,0.0
14,1.0,1.0,1.0,1.0,1.0,1.0
15,1.0,1.0,1.0,1.0,1.0,1.0
16,1.0,1.0,1.0,1.0,1.0,1.0
18,0.4362416107382561,0.3485781361036139,0.4666666666666667,0.2499999999999999,0.29166666666666724,0.41666666666666663
19,0.4362416107382561,0.3485781361036139,0.4666666666666667,0.2499999999999999,0.29166666666666724,0.41666666666666663
20,0.4362416107382561,0.3485781361036139,0.4666666666666667,0.2499999999999999,0.29166666666666724,0.41666666666666663
23,1.0,0.0,0.0,0.0,0.0,0.8333333333333333
24,1.0,1.0,1.0,1.0,1.0,1.0
26,0.0,0.6938854854876211,0.9333333333333333,0.4999999999999998,0.5526315789473681,0.0
28,0.0,0.6938854854876211,0.9333333333333333,0.4999999999999998,0.5526315789473681,0.0
