5,1.0,1.0,1.0,1.0,1.0,0.0
7,1.0,1.0,1.0,1.0,1.0,0.0
8,0.0,0.0,0.0,0.0,0.0,1.0
10,1.0,1.0,1.0,1.0,1.0,0.0
11,1.0,1.0,1.0,1.0,1.0,0.0
12,1.0,1.0,1.0,1.0,1.0,0.0
13,0.7792207792207791,0.7590837599896868,0.7380952380952381,0.6643356643356643,0.7307692307692307,0.35714285714285704
15,0.7792207792207791,0.7590837599896868,0.7380952380952381,0.6643356643356643,0.7307692307692307,0.35714285714285704
16,0.7792207792207791,0.7590837599896868,0.7380952380952381,0.6643356643356643,0.7307692307692307,0.35714285714285704
17,0.7792207792207791,0.7590837599896868,0.7380952380952381,0.6643356643356643,0.7307692307692307,0.35714285714285704
20,1.0,1.0,1.0,1.0,1.0,0.0
23,1.0,1.0,1.0,1.0,1.0,0.0
24,1.0,1.0,1.0,1.0,1.0,0.0
25,1.0,1.0,1.0,1.0,1.0,0.0
27,0.0,0.0,0.0,0.0,0.0,1.0
28,0.0,0.0,0.0,0.0,0.0,1.0
29,0.0,0.0,0.0,0.0,0.0,1.0
30,0.0,0.0,0.0,0.0,0.0,1.0
31,0.0,0.0,0.0,0.0,0.0,1.0
35,1.0,1.0,1.0,1.0,1.0,0.0
