24,0.48571428571428565,0.4006168083848877,0.1851851851851852,0.25,0.31818181818181823,1.0
25,0.48571428571428565,0.4006168083848877,0.1851851851851852,0.25,0.31818181818181823,1.0
26,0.48571428571428565,0.4006168083848877,0.1851851851851852,0.25,0.31818181818181823,1.0
27,0.0,0.0,0.0,0.0,0.0,0.23076923076923075
29,0.48571428571428565,0.4006168083848877,0.1851851851851852,0.25,0.31818181818181823,1.0
33,1.0,0.9813067629253165,0.7777777777777778,1.0,1.0,0.769230769230769
34,1.0,0.9813067629253165,0.7777777777777778,1.0,1.0,0.769230769230769
37,0.7727272727272727,0.9636241116594315,0.9629629629629631,0.6818181818181818,0.75,0.0
39,0.7727272727272727,0.9636241116594315,0.9629629629629631,0.6818181818181818,0.75,0.0
40,0.7727272727272727,0.9636241116594315,0.9629629629629631,0.6818181818181818,0.75,0.0
41,0.7727272727272727,0.9636241116594315,0.9629629629629631,0.6818181818181818,0.75,0.0
42,0.7727272727272727,0.9636241116594315,0.9629629629629631,0.6818181818181818,0.75,0.0
43,0.7727272727272727,0.9636241116594315,0.9629629629629631,0.6818181818181818,0.75,0.0
45,0.7727272727272727,0.9636241116594315,0.9629629629629631,0.6818181818181818,0.75,0.0
46,0.7727272727272727,0.9636241116594315,0.9629629629629631,0.6818181818181818,0.75,0.0
47,0.8095238095238095,1.0,1.0,0.7499999999999999,0.8076923076923078,0.2307692307692308
48,0.8095238095238095,1.0,1.0,0.7499999999999999,0.8076923076923078,0.2307692307692308
50,0.7727272727272727,0.9636241116594315,0.9629629629629631,0.6818181818181818,0.75,0.0
51,0.7727272727272727,0.9636241116594315,0.9629629629629631,0.6818181818181818,0.75,0.0
52,0.7727272727272727,0.9636241116594315,0.9629629629629631,0.6818181818181818,0.75,0.0
53,0.8095238095238095,1.0,1.0,0.7499999999999999,0.8076923076923078,0.2307692307692308
54,0.8095238095238095,1.0,1.0,0.7499999999999999,0.8076923076923078,0.2307692307692308
55,0.6538461538461539,0.693888666488711,0.5555555555555555,0.45454545454545453,0.5384615384615385,0.6153846153846153
56,0.6538461538461539,0.693888666488711,0.5555555555555555,0.45454545454545453,0.5384615384615385,0.6153846153846153
57,0.6538461538461539,0.693888666488711,0.5555555555555555,0.45454545454545453,0.5384615384615385,0.6153846153846153
60,0.8095238095238095,1.0,1.0,0.7499999999999999,0.8076923076923078,0.2307692307692308
61,0.6538461538461539,0.693888666488711,0.5555555555555555,0.45454545454545453,0.5384615384615385,0.6153846153846153
62,0.6538461538461539,0.693888666488711,0.5555555555555555,0.45454545454545453,0.5384615384615385,0.6153846153846153
63,0.6538461538461539,0.693888666488711,0.5555555555555555,0.45454545454545453,0.5384615384615385,0.6153846153846153
64,0.6538461538461539,0.693888666488711,0.5555555555555555,0.45454545454545453,0.5384615384615385,0.6153846153846153
65,0.6538461538461539,0.693888666488711,0.5555555555555555,0.45454545454545453,0.5384615384615385,0.6153846153846153
68,0.7727272727272727,0.9636241116594315,0.9629629629629631,0.6818181818181818,0.75,0.0
69,0.7727272727272727,0.9636241116594315,0.9629629629629631,0.6818181818181818,0.75,0.0
70,0.6538461538461539,0.693888666488711,0.5555555555555555,0.45454545454545453,0.5384615384615385,0.6153846153846153
72,0.7727272727272727,0.9636241116594315,0.9629629629629631,0.6818181818181818,0.75,0.0
