3,0.757142857142857,0.7264831572567789,0.6304347826086957,0.5142857142857143,0.5277777777777778,0.0
6,0.757142857142857,0.7264831572567789,0.6304347826086957,0.5142857142857143,0.5277777777777778,0.0
7,0.757142857142857,0.7264831572567789,0.6304347826086957,0.5142857142857143,0.5277777777777778,0.0
8,0.757142857142857,0.7264831572567789,0.6304347826086957,0.5142857142857143,0.5277777777777778,0.0
9,0.757142857142857,0.7264831572567789,0.6304347826086957,0.5142857142857143,0.5277777777777778,0.0
10,0.757142857142857,0.7264831572567789,0.6304347826086957,0.5142857142857143,0.5277777777777778,0.0
11,0.757142857142857,0.7264831572567789,0.6304347826086957,0.5142857142857143,0.5277777777777778,0.0
12,0.757142857142857,0.7264831572567789,0.6304347826086957,0.5142857142857143,0.5277777777777778,0.0
13,0.757142857142857,0.7264831572567789,0.6304347826086957,0.5142857142857143,0.5277777777777778,0.0
15,0.7681159420289853,0.7367883976130073,0.6521739130434784,0.5294117647058824,0.5428571428571428,0.035714285714285726
16,0.791044776119403,0.7587869106393282,0.6956521739130436,0.5625,0.5757575757575758,0.10714285714285718
17,0.8281249999999999,0.7958224257542215,0.7608695652173914,0.6206896551724138,0.6333333333333334,0.21428571428571422
18,0.0,0.0,0.0,0.0,0.0,1.0
20,0.757142857142857,0.7264831572567789,0.6304347826086957,0.5142857142857143,0.5277777777777778,0.0
21,0.0,0.0,0.5434782608695652,0.0,0.0,0.10714285714285714
22,0.757142857142857,0.7264831572567789,0.6304347826086957,0.5142857142857143,0.5277777777777778,0.0
23,0.757142857142857,0.7264831572567789,0.6304347826086957,0.5142857142857143,0.5277777777777778,0.0
24,0.0,0.0,0.5434782608695652,0.0,0.0,0.10714285714285714
26,0.791044776119403,0.7587869106393282,0.6956521739130436,0.5625,0.5757575757575758,0.10714285714285718
27,0.791044776119403,0.7587869106393282,0.6956521739130436,0.5625,0.5757575757575758,0.10714285714285718
28,0.9137931034482759,0.8897565210026095,0.891304347826087,0.782608695652174,0.7916666666666666,0.42857142857142855
29,0.791044776119403,0.7587869106393282,0.6956521739130436,0.5625,0.5757575757575758,0.10714285714285718
30,0.8548387096774194,0.823754471047914,0.8043478260869565,0.6666666666666666,0.6785714285714286,0.28571428571428564
31,0.0,0.0,0.1956521739130435,0.0,0.0,0.6785714285714285
33,1.0,1.0,1.0,1.0,1.0,0.6071428571428572
35,0.0,0.0,0.1086956521739131,0.0,0.0,0.8214285714285714
36,0.0,0.0,0.1086956521739131,0.0,0.0,0.8214285714285714
38,0.791044776119403,0.7587869106393282,0.6956521739130436,0.5625,0.5757575757575758,0.10714285714285718
39,0.8983050847457625,0.8717797887081349,0.8695652173913044,0.75,0.76,0.39285714285714285
40,0.8983050847457625,0.8717797887081349,0.8695652173913044,0.75,0.76,0.39285714285714285
41,0.8983050847457625,0.8717797887081349,0.8695652173913044,0.75,0.76,0.39285714285714285
45,0.791044776119403,0.7587869106393282,0.6956521739130436,0.5625,0.5757575757575758,0.10714285714285718
46,0.0,0.0,0.4347826086956522,0.0,0.0,0.2857142857142857
47,0.0,0.0,0.4347826086956522,0.0,0.0,0.2857142857142857
48,0.0,0.0,0.4347826086956522,0.0,0.0,0.2857142857142857
49,0.0,0.0,0.47826086956521746,0.0,0.0,0.21428571428571427
51,0.0,0.0,0.4347826086956522,0.0,0.0,0.2857142857142857
54,0.757142857142857,0.7264831572567789,0.6304347826086957,0.5142857142857143,0.5277777777777778,0.0
