2,0.5997899159663865,0.8125768231801246,1.0,0.39915966386554624,0.61455525606469,0.0
7,0.5997899159663865,0.8125768231801246,1.0,0.39915966386554624,0.61455525606469,0.0
10,0.5997899159663865,0.8125768231801246,1.0,0.39915966386554624,0.61455525606469,0.0
11,0.5997899159663865,0.8125768231801246,1.0,0.39915966386554624,0.61455525606469,0.0
12,0.5997899159663865,0.8125768231801246,1.0,0.39915966386554624,0.61455525606469,0.0
13,0.5997899159663865,0.8125768231801246,1.0,0.39915966386554624,0.61455525606469,0.0
14,0.5997899159663865,0.8125768231801246,1.0,0.39915966386554624,0.61455525606469,0.0
15,0.5997899159663865,0.8125768231801246,1.0,0.39915966386554624,0.61455525606469,0.0
16,0.5997899159663865,0.8125768231801246,1.0,0.39915966386554624,0.61455525606469,0.0
17,0.5997899159663865,0.8125768231801246,1.0,0.39915966386554624,0.61455525606469,0.0
18,0.5997899159663865,0.8125768231801246,1.0,0.39915966386554624,0.61455525606469,0.0
20,0.5880199096058127,0.7809399771237363,0.94663030775224,0.3726708074534162,0.5877551020408163,0.0643044619422574
21,0.5880199096058127,0.7809399771237363,0.94663030775224,0.3726708074534162,0.5877551020408163,0.0643044619422574
22,0.5880199096058127,0.7809399771237363,0.94663030775224,0.3726708074534162,0.5877551020408163,0.0643044619422574
24,0.5997899159663865,0.8125768231801246,1.0,0.39915966386554624,0.61455525606469,0.0
25,0.5997899159663865,0.8125768231801246,1.0,0.39915966386554624,0.61455525606469,0.0
27,0.5997899159663865,0.8125768231801246,1.0,0.39915966386554624,0.61455525606469,0.0
29,0.6017564402810305,0.7925675146674398,0.9477989871445268,0.38961038961038963,0.6050420168067226,0.010498687664041929
30,0.6017564402810305,0.7925675146674398,0.9477989871445268,0.38961038961038963,0.6050420168067226,0.010498687664041929
32,0.5997899159663865,0.8125768231801246,1.0,0.39915966386554624,0.61455525606469,0.0
34,0.40358390154664897,0.4265179623693411,0.4386443319049474,0.14991181657848324,0.29737609329446063,0.7375328083989502
36,0.5997899159663865,0.8125768231801246,1.0,0.39915966386554624,0.61455525606469,0.0
38,0.40582800284292825,0.4151332327181594,0.4133229450720685,0.14652014652014653,0.2917933130699088,0.6824146981627297
41,0.5997899159663865,0.8125768231801246,1.0,0.39915966386554624,0.61455525606469,0.0
43,0.5997899159663865,0.8125768231801246,1.0,0.39915966386554624,0.61455525606469,0.0
45,0.6017564402810305,0.7925675146674398,0.9477989871445268,0.38961038961038963,0.6050420168067226,0.010498687664041929
47,0.6017564402810305,0.7925675146674398,0.9477989871445268,0.38961038961038963,0.6050420168067226,0.010498687664041929
49,0.3413030484160191,0.296860505212012,0.2563303467082197,0.09784735812133072,0.20654044750430292,0.6758530183727035
50,0.28284129185654844,0.2669803577130007,0.2512660693416439,0.08305647840531562,0.17857142857142858,1.0
53,0.8517498565691337,0.8532982560817757,0.6965329178028827,0.599078341013825,0.7819548872180451,0.6863517060367456
55,0.8517498565691337,0.8532982560817757,0.6965329178028827,0.599078341013825,0.7819548872180451,0.6863517060367456
57,0.0,0.0,0.0,0.0,0.0,0.3241469816272966
58,0.0,0.0,0.0,0.0,0.0,0.3241469816272966
63,1.0,1.0,0.7537982080249318,1.0,1.0,1.0
64,1.0,1.0,0.7537982080249318,1.0,1.0,1.0
68,1.0,1.0,0.7537982080249318,1.0,1.0,1.0
69,1.0,1.0,0.7537982080249318,1.0,1.0,1.0
71,1.0,1.0,0.7537982080249318,1.0,1.0,1.0
