3,0.6764705882352942,0.6488856845230502,0.7105263157894737,0.35294117647058826,0.42105263157894735,0.0
9,0.6764705882352942,0.6488856845230502,0.7105263157894737,0.35294117647058826,0.42105263157894735,0.0
10,0.6764705882352942,0.6488856845230502,0.7105263157894737,0.35294117647058826,0.42105263157894735,0.0
11,0.6764705882352942,0.6488856845230502,0.7105263157894737,0.35294117647058826,0.42105263157894735,0.0
12,0.6764705882352942,0.6488856845230502,0.7105263157894737,0.35294117647058826,0.42105263157894735,0.0
13,0.6764705882352942,0.6488856845230502,0.7105263157894737,0.35294117647058826,0.42105263157894735,0.0
14,0.6764705882352942,0.6488856845230502,0.7105263157894737,0.35294117647058826,0.42105263157894735,0.0
15,0.6764705882352942,0.6488856845230502,0.7105263157894737,0.35294117647058826,0.42105263157894735,0.0
18,0.6764705882352942,0.6488856845230502,0.7105263157894737,0.35294117647058826,0.42105263157894735,0.0
19,0.0,0.0,0.13157894736842105,0.0,0.0,0.27272727272727276
22,0.7419354838709677,0.7071067811865475,0.7894736842105263,0.42857142857142855,0.5,0.2727272727272728
23,0.0,0.0,0.0,0.0,0.0,0.7272727272727274
24,0.0,0.0,0.0,0.0,0.0,0.7272727272727274
25,0.0,0.0,0.0,0.0,0.0,0.7272727272727274
26,0.0,0.0,0.0,0.0,0.0,0.7272727272727274
34,1.0,1.0,1.0,1.0,1.0,1.0
35,0.7931034482758621,0.5345224838248488,0.5263157894736842,0.42857142857142855,0.5,0.22727272727272727
36,0.0,0.0,0.05263157894736842,0.0,0.0,0.5454545454545455
37,0.0,0.0,0.05263157894736842,0.0,0.0,0.5454545454545455
41,1.0,1.0,1.0,1.0,1.0,1.0
42,1.0,1.0,1.0,1.0,1.0,1.0
43,1.0,1.0,1.0,1.0,1.0,1.0
44,1.0,1.0,1.0,1.0,1.0,1.0
46,1.0,1.0,1.0,1.0,1.0,1.0
47,1.0,1.0,1.0,1.0,1.0,1.0
48,1.0,1.0,1.0,1.0,1.0,1.0
53,0.6764705882352942,0.6488856845230502,0.7105263157894737,0.35294117647058826,0.42105263157894735,0.0
