4,0.75,1.0,1.0,0.6428571428571429,0.6666666666666666,0.0
7,0.75,1.0,1.0,0.6428571428571429,0.6666666666666666,0.0
8,0.75,1.0,1.0,0.6428571428571429,0.6666666666666666,0.0
9,0.75,1.0,1.0,0.6428571428571429,0.6666666666666666,0.0
10,0.75,1.0,1.0,0.6428571428571429,0.6666666666666666,0.0
11,0.75,1.0,1.0,0.6428571428571429,0.6666666666666666,0.0
13,0.65625,0.512989176042577,0.28735632183908044,0.45000000000000007,0.47619047619047616,0.5
14,0.65625,0.512989176042577,0.28735632183908044,0.45000000000000007,0.47619047619047616,0.5
16,0.8076923076923077,0.877058019307029,0.7126436781609194,0.7200000000000001,0.7407407407407407,0.5
17,0.8076923076923077,0.877058019307029,0.7126436781609194,0.7200000000000001,0.7407407407407407,0.5
18,0.8076923076923077,0.877058019307029,0.7126436781609194,0.7200000000000001,0.7407407407407407,0.5
19,0.8076923076923077,0.877058019307029,0.7126436781609194,0.7200000000000001,0.7407407407407407,0.5
21,0.8076923076923077,0.877058019307029,0.7126436781609194,0.7200000000000001,0.7407407407407407,0.5
24,0.8076923076923077,0.877058019307029,0.7126436781609194,0.7200000000000001,0.7407407407407407,0.5
25,0.8076923076923077,0.877058019307029,0.7126436781609194,0.7200000000000001,0.7407407407407407,0.5
26,0.8076923076923077,0.877058019307029,0.7126436781609194,0.7200000000000001,0.7407407407407407,0.5
28,0.8076923076923077,0.877058019307029,0.7126436781609194,0.7200000000000001,0.7407407407407407,0.5
30,0.8076923076923077,0.877058019307029,0.7126436781609194,0.7200000000000001,0.7407407407407407,0.5
31,0.8076923076923077,0.877058019307029,0.7126436781609194,0.7200000000000001,0.7407407407407407,0.5
32,0.8750000000000001,0.9534625892455921,0.7586206896551724,0.8571428571428571,0.8695652173913043,1.0
35,0.8076923076923077,0.877058019307029,0.7126436781609194,0.7200000000000001,0.7407407407407407,0.5
37,0.0,0.0,0.0,0.0,0.0,0.0
38,0.0,0.0,0.0,0.0,0.0,0.0
40,0.8076923076923077,0.877058019307029,0.7126436781609194,0.7200000000000001,0.7407407407407407,0.5
41,1.0,0.7905694150420949,0.4137931034482758,1.0,1.0,0.875
43,0.6774193548387096,0.5270462766947298,0.29885057471264365,0.47368421052631576,0.5,0.37500000000000017
44,0.8076923076923077,0.877058019307029,0.7126436781609194,0.7200000000000001,0.7407407407407407,0.5
