3,0,1.0,1.0,1.0,1.0,1.0
5,0,1.0,1.0,1.0,1.0,1.0
7,0,1.0,1.0,1.0,1.0,1.0
8,0,1.0,1.0,1.0,1.0,1.0
9,0,1.0,1.0,1.0,1.0,1.0
11,0,1.0,1.0,1.0,1.0,1.0
12,0,1.0,1.0,1.0,1.0,1.0
15,0,1.0,1.0,1.0,1.0,1.0
16,0,1.0,1.0,1.0,1.0,1.0
17,0,1.0,1.0,1.0,1.0,1.0
18,0,1.0,1.0,1.0,1.0,1.0
19,0,1.0,1.0,1.0,1.0,1.0
20,0,1.0,1.0,1.0,1.0,1.0
21,0,1.0,1.0,1.0,1.0,1.0
22,0,1.0,1.0,1.0,1.0,1.0
23,0,1.0,1.0,1.0,1.0,1.0
24,0,1.0,1.0,1.0,1.0,1.0
25,0,1.0,1.0,1.0,1.0,1.0
26,0,1.0,1.0,1.0,1.0,1.0
27,0,1.0,1.0,1.0,1.0,1.0
28,0,1.0,1.0,1.0,1.0,1.0
29,0,1.0,1.0,1.0,1.0,1.0
30,0,1.0,1.0,1.0,1.0,1.0
31,0,1.0,1.0,1.0,1.0,1.0
32,0,1.0,1.0,1.0,1.0,1.0
33,0,1.0,1.0,1.0,1.0,1.0
34,0,1.0,1.0,1.0,1.0,1.0
35,0,1.0,1.0,1.0,1.0,1.0
37,0,0.6324555320336759,0.4,0.016666666666666666,0.4,0.4
38,0,0.6324555320336759,0.4,0.016666666666666666,0.4,0.4
39,0,0.6324555320336759,0.4,0.016666666666666666,0.4,0.4
40,0,0.6324555320336759,0.4,0.016666666666666666,0.4,0.4
41,0,0.6324555320336759,0.4,0.016666666666666666,0.4,0.4
42,0,0.6324555320336759,0.4,0.016666666666666666,0.4,0.4
43,0,0.6324555320336759,0.4,0.016666666666666666,0.4,0.4
44,0,0.6324555320336759,0.4,0.016666666666666666,0.4,0.4
45,0,0.6324555320336759,0.4,0.016666666666666666,0.4,0.4
47,0,1.0,1.0,1.0,1.0,1.0
49,0,0.4743416490252569,0.225,0.007258064516129033,0.225,0.225
51,0,0.27386127875258304,0.075,0.002027027027027027,0.075,0.075
52,0,0.27386127875258304,0.075,0.002027027027027027,0.075,0.075
53,0,0.27386127875258304,0.075,0.002027027027027027,0.075,0.075
54,0,0.27386127875258304,0.075,0.002027027027027027,0.075,0.075
55,0,0.27386127875258304,0.075,0.002027027027027027,0.075,0.075
56,0,0.27386127875258304,0.075,0.002027027027027027,0.075,0.075
58,0,0.4743416490252569,0.225,0.007258064516129033,0.225,0.225
60,0,0.35355339059327373,0.125,0.0035714285714285713,0.125,0.125
62,0,0.0,0.0,0.0,0.0,0.0
63,0,0.0,0.0,0.0,0.0,0.0
64,0,0.0,0.0,0.0,0.0,0.0
68,0,1.0,1.0,1.0,1.0,1.0
70,0,0.8803408430829505,0.775,0.08611111111111111,0.775,0.775
72,0,0.85146931829632,0.725,0.0659090909090909,0.725,0.725
74,0,0.85146931829632,0.725,0.0659090909090909,0.725,0.725
75,0,0.8366600265340756,0.7,0.058333333333333334,0.7,0.7
77,0,0.85146931829632,0.725,0.0659090909090909,0.725,0.725
80,0,0.8803408430829505,0.775,0.08611111111111111,0.775,0.775
81,0,0.8803408430829505,0.775,0.08611111111111111,0.775,0.775
82,0,0.0,0.0,0.0,0.0,0.0
83,0,0.8803408430829505,0.775,0.08611111111111111,0.775,0.775
84,0,0.8803408430829505,0.775,0.08611111111111111,0.775,0.775
86,0,0.8660254037844386,0.75,0.075,0.75,0.75
87,0,0.8660254037844386,0.75,0.075,0.75,0.75
88,0,0.8660254037844386,0.75,0.075,0.75,0.75
89,0,0.0,0.0,0.0,0.0,0.0
91,0,0.8803408430829505,0.775,0.08611111111111111,0.775,0.775
92,0,0.8803408430829505,0.775,0.08611111111111111,0.775,0.775
94,0,0.8803408430829505,0.775,0.08611111111111111,0.775,0.775
95,0,0.8803408430829505,0.775,0.08611111111111111,0.775,0.775
96,0,0.31622776601683794,0.1,0.0027777777777777775,0.1,0.1
100,0,0.4743416490252569,0.225,0.007258064516129033,0.225,0.225
102,0,0.4743416490252569,0.225,0.007258064516129033,0.225,0.225
104,0,0.31622776601683794,0.1,0.0027777777777777775,0.1,0.1
105,0,0.31622776601683794,0.1,0.0027777777777777775,0.1,0.1
106,0,0.15811388300841897,0.025,0.000641025641025641,0.025,0.025
107,0,0.31622776601683794,0.1,0.0027777777777777775,0.1,0.1
108,0,0.31622776601683794,0.1,0.0027777777777777775,0.1,0.1
110,0,0.22360679774997896,0.05,0.0013157894736842105,0.05,0.05
111,0,0.22360679774997896,0.05,0.0013157894736842105,0.05,0.05
112,0,0.15811388300841897,0.025,0.000641025641025641,0.025,0.025
117,0,0.35355339059327373,0.125,0.0035714285714285713,0.125,0.125
118,0,0.15811388300841897,0.025,0.000641025641025641,0.025,0.025
120,0,0.31622776601683794,0.1,0.0027777777777777775,0.1,0.1
124,0,1.0,1.0,1.0,1.0,1.0
125,0,1.0,1.0,1.0,1.0,1.0
