4,0,1.0,1.0,1.0,1.0,1.0
6,0,1.0,1.0,1.0,1.0,1.0
7,0,1.0,1.0,1.0,1.0,1.0
9,0,1.0,1.0,1.0,1.0,1.0
12,0,1.0,1.0,1.0,1.0,1.0
13,0,1.0,1.0,1.0,1.0,1.0
14,0,1.0,1.0,1.0,1.0,1.0
15,0,1.0,1.0,1.0,1.0,1.0
16,0,1.0,1.0,1.0,1.0,1.0
18,0,1.0,1.0,1.0,1.0,1.0
19,0,1.0,1.0,1.0,1.0,1.0
21,0,1.0,1.0,1.0,1.0,1.0
23,0,1.0,1.0,1.0,1.0,1.0
25,0,0.9642865698958153,0.9545454545454546,0.968299711815562,0.9545454545454546,0.9545454545454546
26,0,0.9642865698958153,0.9545454545454546,0.968299711815562,0.9545454545454546,0.9545454545454546
27,0,0.9642865698958153,0.9545454545454546,0.968299711815562,0.9545454545454546,0.9545454545454546
30,0,0.8910879531538052,0.8636363636363636,0.29202689721421704,0.8636363636363636,0.8636363636363636
32,0,1.0,1.0,1.0,1.0,1.0
35,0,1.0,1.0,1.0,1.0,1.0
36,0,0.0,0.0,0.0,0.0,0.0
38,0,0.6125841580471003,0.5454545454545454,0.0553314121037464,0.5454545454545454,0.5454545454545454
39,0,1.0,1.0,1.0,1.0,1.0
