3,0.9856392876129693,1.0,1.0,1.0,1.0,0.0
5,0.9856392876129693,1.0,1.0,1.0,1.0,0.0
6,0.9856392876129693,1.0,1.0,1.0,1.0,0.0
7,0.9856392876129693,1.0,1.0,1.0,1.0,0.0
9,0.9856392876129693,1.0,1.0,1.0,1.0,0.0
10,0.9856392876129693,1.0,1.0,1.0,1.0,0.0
12,1.0,0.798080000968307,0.7368941641938676,0.8823808619707615,0.890908375624533,0.014084507042253084
13,1.0,0.798080000968307,0.7368941641938676,0.8823808619707615,0.890908375624533,0.014084507042253084
14,1.0,0.798080000968307,0.7368941641938676,0.8823808619707615,0.890908375624533,0.014084507042253084
16,0.0,0.7536692520770898,0.7339268051434223,0.7548346849656894,0.7702011719478971,1.0
18,0.9856392876129693,1.0,1.0,1.0,1.0,0.0
20,0.9311936829369257,0.0,0.0,0.0,0.0,0.014084507042253084
22,0.9856392876129693,1.0,1.0,1.0,1.0,0.0
