4,0.5,1.0,1.0,1.0,1.0,0.0
5,0.5,1.0,1.0,1.0,1.0,0.0
6,0.5,1.0,1.0,1.0,1.0,0.0
7,0.5,1.0,1.0,1.0,1.0,0.0
8,0.5,1.0,1.0,1.0,1.0,0.0
9,0.5,1.0,1.0,1.0,1.0,0.0
10,0.5,1.0,1.0,1.0,1.0,0.0
12,0.5,1.0,1.0,1.0,1.0,0.0
13,0.5263157894736842,0.34545848344773383,0.12790697674418605,0.22222222222222224,0.29292929292929293,0.074074074074074
14,0.5,1.0,1.0,1.0,1.0,0.0
15,0.0,0.0,0.0,0.0,0.0,1.0
16,0.5,1.0,1.0,1.0,1.0,0.0
17,0.0,0.0,0.01744186046511628,0.0,0.0,0.0
18,0.5,1.0,1.0,1.0,1.0,0.0
19,1.0,0.598351645237167,0.13953488372093023,0.2777777777777778,0.35802469135802467,0.7407407407407407
20,0.5,1.0,1.0,1.0,1.0,0.0
21,0.5970149253731343,0.5351819812796575,0.24418604651162792,0.4444444444444445,0.537037037037037,0.48148148148148145
22,0.5,1.0,1.0,1.0,1.0,0.0
23,0.5,1.0,1.0,1.0,1.0,0.0
