4,0.4693877551020408,0.5423261445466404,0.4868421052631579,0.47058823529411764,0.5263157894736842,0.45833333333333337
6,0.4693877551020408,0.5423261445466404,0.4868421052631579,0.47058823529411764,0.5263157894736842,0.45833333333333337
7,0.0,0.0,0.0,0.0,0.0,1.0
9,0.4693877551020408,0.5423261445466404,0.4868421052631579,0.47058823529411764,0.5263157894736842,0.45833333333333337
13,0.6052631578947368,0.9325048082403138,0.9605263157894736,0.8421052631578947,0.8695652173913043,0.0
15,0.6052631578947368,0.9325048082403138,0.9605263157894736,0.8421052631578947,0.8695652173913043,0.0
18,0.6052631578947368,0.9325048082403138,0.9605263157894736,0.8421052631578947,0.8695652173913043,0.0
19,0.6052631578947368,0.9325048082403138,0.9605263157894736,0.8421052631578947,0.8695652173913043,0.0
21,0.6052631578947368,0.9325048082403138,0.9605263157894736,0.8421052631578947,0.8695652173913043,0.0
23,0.6052631578947368,0.9325048082403138,0.9605263157894736,0.8421052631578947,0.8695652173913043,0.0
25,0.6052631578947368,0.9325048082403138,0.9605263157894736,0.8421052631578947,0.8695652173913043,0.0
26,0.6052631578947368,0.9325048082403138,0.9605263157894736,0.8421052631578947,0.8695652173913043,0.0
27,0.6052631578947368,0.9325048082403138,0.9605263157894736,0.8421052631578947,0.8695652173913043,0.0
30,0.6052631578947368,0.9325048082403138,0.9605263157894736,0.8421052631578947,0.8695652173913043,0.0
32,0.6052631578947368,0.9325048082403138,0.9605263157894736,0.8421052631578947,0.8695652173913043,0.0
34,0.6052631578947368,0.9325048082403138,0.9605263157894736,0.8421052631578947,0.8695652173913043,0.0
35,0.5897435897435898,0.6454972243679029,0.5526315789473684,0.6666666666666666,0.7142857142857142,0.04166666666666662
38,0.6052631578947368,0.9325048082403138,0.9605263157894736,0.8421052631578947,0.8695652173913043,0.0
39,0.5897435897435898,0.6454972243679029,0.5526315789473684,0.6666666666666666,0.7142857142857142,0.04166666666666662
41,0.5897435897435898,0.6454972243679029,0.5526315789473684,0.6666666666666666,0.7142857142857142,0.04166666666666662
44,0.6052631578947368,0.9325048082403138,0.9605263157894736,0.8421052631578947,0.8695652173913043,0.0
45,0.6052631578947368,0.9325048082403138,0.9605263157894736,0.8421052631578947,0.8695652173913043,0.0
47,0.6052631578947368,0.9325048082403138,0.9605263157894736,0.8421052631578947,0.8695652173913043,0.0
48,0.6052631578947368,0.9325048082403138,0.9605263157894736,0.8421052631578947,0.8695652173913043,0.0
50,0.6052631578947368,0.9325048082403138,0.9605263157894736,0.8421052631578947,0.8695652173913043,0.0
51,0.6571428571428571,1.0,1.0,1.0,1.0,0.2500000000000001
52,0.6571428571428571,1.0,1.0,1.0,1.0,0.2500000000000001
54,0.6571428571428571,1.0,1.0,1.0,1.0,0.2500000000000001
57,0.4693877551020408,0.5423261445466404,0.4868421052631579,0.47058823529411764,0.5263157894736842,0.45833333333333337
58,0.4693877551020408,0.5423261445466404,0.4868421052631579,0.47058823529411764,0.5263157894736842,0.45833333333333337
61,0.4693877551020408,0.5423261445466404,0.4868421052631579,0.47058823529411764,0.5263157894736842,0.45833333333333337
62,0.4693877551020408,0.5423261445466404,0.4868421052631579,0.47058823529411764,0.5263157894736842,0.45833333333333337
63,0.4693877551020408,0.5423261445466404,0.4868421052631579,0.47058823529411764,0.5263157894736842,0.45833333333333337
66,0.4693877551020408,0.5423261445466404,0.4868421052631579,0.47058823529411764,0.5263157894736842,0.45833333333333337
67,0.4693877551020408,0.5423261445466404,0.4868421052631579,0.47058823529411764,0.5263157894736842,0.45833333333333337
70,0.6052631578947368,0.9325048082403138,0.9605263157894736,0.8421052631578947,0.8695652173913043,0.0
71,0.4693877551020408,0.5423261445466404,0.4868421052631579,0.47058823529411764,0.5263157894736842,0.45833333333333337
72,1.0,0.7905694150420948,0.4078947368421052,1.0,1.0,0.3125
73,1.0,0.7905694150420948,0.4078947368421052,1.0,1.0,0.3125
75,1.0,0.7905694150420948,0.4078947368421052,1.0,1.0,0.3125
76,1.0,0.7905694150420948,0.4078947368421052,1.0,1.0,0.3125
79,0.4693877551020408,0.5423261445466404,0.4868421052631579,0.47058823529411764,0.5263157894736842,0.45833333333333337
80,0.4693877551020408,0.5423261445466404,0.4868421052631579,0.47058823529411764,0.5263157894736842,0.45833333333333337
82,0.4693877551020408,0.5423261445466404,0.4868421052631579,0.47058823529411764,0.5263157894736842,0.45833333333333337
83,0.4693877551020408,0.5423261445466404,0.4868421052631579,0.47058823529411764,0.5263157894736842,0.45833333333333337
86,0.6052631578947368,0.9325048082403138,0.9605263157894736,0.8421052631578947,0.8695652173913043,0.0
88,0.6052631578947368,0.9325048082403138,0.9605263157894736,0.8421052631578947,0.8695652173913043,0.0
89,0.5111111111111112,0.5773502691896257,0.5131578947368421,0.5333333333333333,0.588235294117647,0.2916666666666667
90,0.5111111111111112,0.5773502691896257,0.5131578947368421,0.5333333333333333,0.588235294117647,0.2916666666666667
92,0.5111111111111112,0.5773502691896257,0.5131578947368421,0.5333333333333333,0.588235294117647,0.2916666666666667
93,0.5111111111111112,0.5773502691896257,0.5131578947368421,0.5333333333333333,0.588235294117647,0.2916666666666667
97,0.5111111111111112,0.5773502691896257,0.5131578947368421,0.5333333333333333,0.588235294117647,0.2916666666666667
100,0.6052631578947368,0.9325048082403138,0.9605263157894736,0.8421052631578947,0.8695652173913043,0.0
102,0.6052631578947368,0.9325048082403138,0.9605263157894736,0.8421052631578947,0.8695652173913043,0.0
103,0.6052631578947368,0.9325048082403138,0.9605263157894736,0.8421052631578947,0.8695652173913043,0.0
104,0.638888888888889,0.9759000729485332,0.9868421052631579,0.9411764705882353,0.9523809523809523,0.16666666666666666
106,0.6052631578947368,0.9325048082403138,0.9605263157894736,0.8421052631578947,0.8695652173913043,0.0
107,0.638888888888889,0.9759000729485332,0.9868421052631579,0.9411764705882353,0.9523809523809523,0.16666666666666666
111,0.6052631578947368,0.9325048082403138,0.9605263157894736,0.8421052631578947,0.8695652173913043,0.0
112,0.6052631578947368,0.9325048082403138,0.9605263157894736,0.8421052631578947,0.8695652173913043,0.0
114,0.6052631578947368,0.9325048082403138,0.9605263157894736,0.8421052631578947,0.8695652173913043,0.0
