3,0.5681818181818182,0.722315118514615,1.0,0.22727272727272727,0.2608695652173913,0.0
4,0.5681818181818182,0.722315118514615,1.0,0.22727272727272727,0.2608695652173913,0.0
5,0.5681818181818182,0.722315118514615,1.0,0.22727272727272727,0.2608695652173913,0.0
7,0.5681818181818182,0.722315118514615,1.0,0.22727272727272727,0.2608695652173913,0.0
8,0.5681818181818182,0.722315118514615,1.0,0.22727272727272727,0.2608695652173913,0.0
10,0.5681818181818182,0.722315118514615,1.0,0.22727272727272727,0.2608695652173913,0.0
11,1.0,1.0,0.5847953216374269,1.0,1.0,0.5277777777777778
12,1.0,1.0,0.5847953216374269,1.0,1.0,0.5277777777777778
14,0.4672897196261682,0.4961389383568338,0.6257309941520468,0.15625,0.18181818181818182,0.527777777777778
15,0.704225352112676,0.7427813527082073,0.8362573099415204,0.3571428571428571,0.4,0.47222222222222215
16,0.704225352112676,0.7427813527082073,0.8362573099415204,0.3571428571428571,0.4,0.47222222222222215
17,0.704225352112676,0.7427813527082073,0.8362573099415204,0.3571428571428571,0.4,0.47222222222222215
18,0.704225352112676,0.7427813527082073,0.8362573099415204,0.3571428571428571,0.4,0.47222222222222215
19,0.704225352112676,0.7427813527082073,0.8362573099415204,0.3571428571428571,0.4,0.47222222222222215
20,0.704225352112676,0.7427813527082073,0.8362573099415204,0.3571428571428571,0.4,0.47222222222222215
21,0.704225352112676,0.7427813527082073,0.8362573099415204,0.3571428571428571,0.4,0.47222222222222215
26,0.0,0.0,0.0,0.0,0.0,1.0
27,0.0,0.0,0.0,0.0,0.0,1.0
28,0.0,0.0,0.005847953216374286,0.0,0.0,0.9722222222222222
29,0.0,0.0,0.005847953216374286,0.0,0.0,0.9722222222222222
30,0.0,0.0,0.005847953216374286,0.0,0.0,0.9722222222222222
31,0.0,0.0,0.023391812865497078,0.0,0.0,0.888888888888889
32,0.0,0.0,0.023391812865497078,0.0,0.0,0.888888888888889
37,0.0,0.0,0.1871345029239766,0.0,0.0,0.11111111111111112
