7,0.0,1.0,1.0,0.13461538461538503,0.13888888888888892,0.0
9,0.0,1.0,1.0,0.13461538461538503,0.13888888888888892,0.0
10,0.0,1.0,1.0,0.13461538461538503,0.13888888888888892,0.0
11,0.0,1.0,1.0,0.13461538461538503,0.13888888888888892,0.0
12,0.0,1.0,1.0,0.13461538461538503,0.13888888888888892,0.0
14,0.0,1.0,1.0,0.13461538461538503,0.13888888888888892,0.0
15,0.0,1.0,1.0,0.13461538461538503,0.13888888888888892,0.0
16,0.0,1.0,1.0,0.13461538461538503,0.13888888888888892,0.0
18,0.0,1.0,1.0,0.13461538461538503,0.13888888888888892,0.0
20,1.0,0.601904440954792,0.09090909090909084,1.0,1.0,1.0
21,1.0,0.601904440954792,0.09090909090909084,1.0,1.0,1.0
23,0.0,1.0,1.0,0.13461538461538503,0.13888888888888892,0.0
24,0.0,1.0,1.0,0.13461538461538503,0.13888888888888892,0.0
25,0.0,1.0,1.0,0.13461538461538503,0.13888888888888892,0.0
26,0.1260504201680667,0.0,0.0,0.0,0.0,0.14285714285714238
27,0.1260504201680667,0.0,0.0,0.0,0.0,0.14285714285714238
29,0.1260504201680667,0.0,0.0,0.0,0.0,0.14285714285714238
30,0.1260504201680667,0.0,0.0,0.0,0.0,0.14285714285714238
32,0.1260504201680667,0.0,0.0,0.0,0.0,0.14285714285714238
33,0.1260504201680667,0.0,0.0,0.0,0.0,0.14285714285714238
