3,0.17583566159474193,1.0,1.0,1.0,1.0,0.0
5,0.17583566159474193,1.0,1.0,1.0,1.0,0.0
6,0.17583566159474193,1.0,1.0,1.0,1.0,0.0
8,0.17583566159474193,1.0,1.0,1.0,1.0,0.0
10,0.17583566159474193,1.0,1.0,1.0,1.0,0.0
12,0.17583566159474193,1.0,1.0,1.0,1.0,0.0
13,1.0,0.01926914028245493,0.0,0.245146379044684,0.25340712556208933,1.0
14,0.17583566159474193,1.0,1.0,1.0,1.0,0.0
15,0.24420406169306938,0.7309800146764244,0.6667623421354765,0.9220338983050851,0.9251488776912501,0.36641221374045646
17,0.0,0.0,0.09156142365097586,0.0,0.0,0.3664122137404584
19,0.17583566159474193,1.0,1.0,1.0,1.0,0.0
20,0.17583566159474193,1.0,1.0,1.0,1.0,0.0
