2,0,1.0,1.0,1.0,1.0,1.0
3,0,1.0,1.0,1.0,1.0,1.0
4,0,1.0,1.0,1.0,1.0,1.0
5,0,1.0,1.0,1.0,1.0,1.0
6,0,1.0,1.0,1.0,1.0,1.0
7,0,1.0,1.0,1.0,1.0,1.0
8,0,1.0,1.0,1.0,1.0,1.0
9,0,1.0,1.0,1.0,1.0,1.0
10,0,1.0,1.0,1.0,1.0,1.0
11,0,1.0,1.0,1.0,1.0,1.0
13,0,1.0,1.0,1.0,1.0,1.0
15,0,1.0,1.0,1.0,1.0,1.0
17,0,0.8953924947591309,0.8571428571428571,0.2156448202959831,0.8571428571428571,0.8571428571428571
18,0,0.8953924947591309,0.8571428571428571,0.2156448202959831,0.8571428571428571,0.8571428571428571
19,0,0.8953924947591309,0.8571428571428571,0.2156448202959831,0.8571428571428571,0.8571428571428571
23,0,1.0,1.0,1.0,1.0,1.0
25,0,1.0,1.0,1.0,1.0,1.0
26,0,0.754262547537739,0.6785714285714286,0.07587502936340146,0.6785714285714286,0.6785714285714286
27,0,0.9744521025454658,0.9642857142857143,0.9704016913319239,0.9642857142857143,0.9642857142857143
28,0,0.0,0.0,0.0,0.0,0.0
29,0,0.9221675357641433,0.8928571428571429,0.2995066948555321,0.8928571428571428,0.8928571428571428
31,0,0.7835455940838609,0.7142857142857143,0.08985200845665962,0.7142857142857142,0.7142857142857142
34,0,0.8122707149770854,0.75,0.10782241014799154,0.7499999999999999,0.7499999999999999
35,0,0.9221675357641433,0.8928571428571429,0.2995066948555321,0.8928571428571428,0.8928571428571428
37,0,1.0,1.0,1.0,1.0,1.0
38,0,0.8122707149770854,0.75,0.10782241014799154,0.7499999999999999,0.7499999999999999
40,0,0.058040445066559795,0.03571428571428571,0.0013311408660245869,0.03571428571428569,0.03571428571428569
41,0,1.0,1.0,1.0,1.0,1.0
