5,0.8214285714285714,0.8401680504168059,0.8780487804878049,0.6428571428571429,0.7058823529411765,0.0
6,0.8214285714285714,0.8401680504168059,0.8780487804878049,0.6428571428571429,0.7058823529411765,0.0
7,0.8214285714285714,0.8401680504168059,0.8780487804878049,0.6428571428571429,0.7058823529411765,0.0
9,0.7540983606557377,0.6405126152203485,0.5853658536585366,0.5,0.5714285714285714,0.33333333333333337
10,0.7540983606557377,0.6405126152203485,0.5853658536585366,0.5,0.5714285714285714,0.33333333333333337
11,0.7540983606557377,0.6405126152203485,0.5853658536585366,0.5,0.5714285714285714,0.33333333333333337
12,0.0,0.0,0.0,0.0,0.0,1.0
15,0.8214285714285714,0.8401680504168059,0.8780487804878049,0.6428571428571429,0.7058823529411765,0.0
16,0.8214285714285714,0.8401680504168059,0.8780487804878049,0.6428571428571429,0.7058823529411765,0.0
18,0.8214285714285714,0.8401680504168059,0.8780487804878049,0.6428571428571429,0.7058823529411765,0.0
20,0.8214285714285714,0.8401680504168059,0.8780487804878049,0.6428571428571429,0.7058823529411765,0.0
22,0.8214285714285714,0.8401680504168059,0.8780487804878049,0.6428571428571429,0.7058823529411765,0.0
24,0.8214285714285714,0.8401680504168059,0.8780487804878049,0.6428571428571429,0.7058823529411765,0.0
26,0.8214285714285714,0.8401680504168059,0.8780487804878049,0.6428571428571429,0.7058823529411765,0.0
28,0.8214285714285714,0.8401680504168059,0.8780487804878049,0.6428571428571429,0.7058823529411765,0.0
30,0.8214285714285714,0.8401680504168059,0.8780487804878049,0.6428571428571429,0.7058823529411765,0.0
32,0.8214285714285714,0.8401680504168059,0.8780487804878049,0.6428571428571429,0.7058823529411765,0.0
34,0.8214285714285714,0.8401680504168059,0.8780487804878049,0.6428571428571429,0.7058823529411765,0.0
35,0.8214285714285714,0.8401680504168059,0.8780487804878049,0.6428571428571429,0.7058823529411765,0.0
38,0.8214285714285714,0.8401680504168059,0.8780487804878049,0.6428571428571429,0.7058823529411765,0.0
41,0.8214285714285714,0.8401680504168059,0.8780487804878049,0.6428571428571429,0.7058823529411765,0.0
42,0.8214285714285714,0.8401680504168059,0.8780487804878049,0.6428571428571429,0.7058823529411765,0.0
43,0.8214285714285714,0.8401680504168059,0.8780487804878049,0.6428571428571429,0.7058823529411765,0.0
44,0.8214285714285714,0.8401680504168059,0.8780487804878049,0.6428571428571429,0.7058823529411765,0.0
45,0.8214285714285714,0.8401680504168059,0.8780487804878049,0.6428571428571429,0.7058823529411765,0.0
46,0.0,0.0,0.0,0.0,0.0,1.0
47,0.0,0.0,0.0,0.0,0.0,1.0
50,1.0,1.0,1.0,1.0,1.0,0.9999999999999999
51,1.0,1.0,1.0,1.0,1.0,0.9999999999999999
