3,0.7133333333333334,0.8641964146176345,0.9267399267399268,0.48000000000000004,0.5063291139240506,0.0
5,0.7133333333333334,0.8641964146176345,0.9267399267399268,0.48000000000000004,0.5063291139240506,0.0
6,0.7181208053691275,0.8697184926229038,0.9304029304029304,0.4864864864864865,0.5128205128205128,0.04166666666666659
7,0.7133333333333334,0.8641964146176345,0.9267399267399268,0.48000000000000004,0.5063291139240506,0.0
8,0.7133333333333334,0.8641964146176345,0.9267399267399268,0.48000000000000004,0.5063291139240506,0.0
9,0.0,0.0,0.0,0.0,0.0,1.0
10,0.7133333333333334,0.8641964146176345,0.9267399267399268,0.48000000000000004,0.5063291139240506,0.0
11,0.732876712328767,0.8869423130433378,0.9413919413919415,0.5070422535211268,0.5333333333333333,0.16666666666666669
13,0.7133333333333334,0.8641964146176345,0.9267399267399268,0.48000000000000004,0.5063291139240506,0.0
16,0.7133333333333334,0.8641964146176345,0.9267399267399268,0.48000000000000004,0.5063291139240506,0.0
20,0.7133333333333334,0.8641964146176345,0.9267399267399268,0.48000000000000004,0.5063291139240506,0.0
21,0.7133333333333334,0.8641964146176345,0.9267399267399268,0.48000000000000004,0.5063291139240506,0.0
22,0.7133333333333334,0.8641964146176345,0.9267399267399268,0.48000000000000004,0.5063291139240506,0.0
23,0.7133333333333334,0.8641964146176345,0.9267399267399268,0.48000000000000004,0.5063291139240506,0.0
24,0.7133333333333334,0.8641964146176345,0.9267399267399268,0.48000000000000004,0.5063291139240506,0.0
25,0.7133333333333334,0.8641964146176345,0.9267399267399268,0.48000000000000004,0.5063291139240506,0.0
27,0.7133333333333334,0.8641964146176345,0.9267399267399268,0.48000000000000004,0.5063291139240506,0.0
29,0.7133333333333334,0.8641964146176345,0.9267399267399268,0.48000000000000004,0.5063291139240506,0.0
30,0.0,0.0,0.04029304029304029,0.0,0.0,0.5416666666666666
32,0.7133333333333334,0.8641964146176345,0.9267399267399268,0.48000000000000004,0.5063291139240506,0.0
34,0.7133333333333334,0.8641964146176345,0.9267399267399268,0.48000000000000004,0.5063291139240506,0.0
35,0.0,0.0,0.06593406593406594,0.0,0.0,0.25
38,0.7133333333333334,0.8641964146176345,0.9267399267399268,0.48000000000000004,0.5063291139240506,0.0
40,0.7985074626865672,0.9677334015667414,0.9853479853479854,0.6101694915254238,0.6349206349206349,0.6666666666666667
42,0.7985074626865672,0.9677334015667414,0.9853479853479854,0.6101694915254238,0.6349206349206349,0.6666666666666667
44,0.0,0.0,0.05860805860805861,0.0,0.0,0.33333333333333337
45,0.0,0.0,0.05860805860805861,0.0,0.0,0.33333333333333337
47,0.823076923076923,1.0,1.0,0.6545454545454545,0.6779661016949152,0.8333333333333335
49,0.84251968503937,0.8889198903324028,0.7802197802197802,0.675,0.6976744186046511,0.7187499999999999
51,0.963963963963964,0.8587782018658833,0.5787545787545788,0.9000000000000001,0.9090909090909091,0.8125
52,0.963963963963964,0.8587782018658833,0.5787545787545788,0.9000000000000001,0.9090909090909091,0.8125
54,0.6729559748427673,0.4094064439693595,0.28937728937728935,0.375,0.39999999999999997,0.09375000000000008
56,0.0,0.0,0.025641025641025637,0.0,0.0,0.7083333333333333
57,0.0,0.0,0.025641025641025637,0.0,0.0,0.7083333333333333
61,1.0,0.9052317076000179,0.5860805860805861,1.0,1.0,0.8958333333333331
63,0.0,0.0,0.029304029304029304,0.0,0.0,0.6666666666666667
64,0.0,0.0,0.07692307692307691,0.0,0.0,0.125
65,0.0,0.0,0.04029304029304029,0.0,0.0,0.5416666666666666
66,0.0,0.0,0.05128205128205128,0.0,0.0,0.41666666666666663
68,0.0,0.0,0.07692307692307691,0.0,0.0,0.125
69,0.7697841726618705,0.6586528140164319,0.5274725274725275,0.5294117647058824,0.5555555555555555,0.22916666666666657
