4,0.4856234179269163,1.0,1.0,1.0,1.0,0.0
6,0.4856234179269163,1.0,1.0,1.0,1.0,0.0
7,0.4856234179269163,1.0,1.0,1.0,1.0,0.0
8,0.4856234179269163,1.0,1.0,1.0,1.0,0.0
9,0.4856234179269163,1.0,1.0,1.0,1.0,0.0
11,0.4856234179269163,1.0,1.0,1.0,1.0,0.0
13,0.4856234179269163,1.0,1.0,1.0,1.0,0.0
14,0.4856234179269163,1.0,1.0,1.0,1.0,0.0
15,0.4856234179269163,1.0,1.0,1.0,1.0,0.0
16,0.4856234179269163,1.0,1.0,1.0,1.0,0.0
18,0.4515570934256056,0.845150099531175,0.8009259259259258,0.7355072463768116,0.837777777777778,0.12790697674418605
20,0.0,0.0,0.0,0.0,0.0,1.0
24,1.0,0.5677191511440853,0.2708333333333333,0.37499999999999994,0.5270270270270271,0.872093023255814
25,1.0,0.5677191511440853,0.2708333333333333,0.37499999999999994,0.5270270270270271,0.872093023255814
26,1.0,0.5677191511440853,0.2708333333333333,0.37499999999999994,0.5270270270270271,0.872093023255814
27,1.0,0.5677191511440853,0.2708333333333333,0.37499999999999994,0.5270270270270271,0.872093023255814
32,0.4856234179269163,1.0,1.0,1.0,1.0,0.0
34,0.14138678223185247,0.24019116472441748,0.1990740740740741,0.1317204301075269,0.2198067632850242,0.872093023255814
38,0.4856234179269163,1.0,1.0,1.0,1.0,0.0
