3,0,1.0,1.0,1.0,1.0,1.0
5,0,1.0,1.0,1.0,1.0,1.0
7,0,1.0,1.0,1.0,1.0,1.0
8,0,1.0,1.0,1.0,1.0,1.0
9,0,1.0,1.0,1.0,1.0,1.0
10,0,1.0,1.0,1.0,1.0,1.0
12,0,1.0,1.0,1.0,1.0,1.0
13,0,1.0,1.0,1.0,1.0,1.0
14,0,1.0,1.0,1.0,1.0,1.0
15,0,1.0,1.0,1.0,1.0,1.0
16,0,0.847354555452483,0.8333333333333334,0.9340659340659341,0.8333333333333333,0.8333333333333333
17,0,0.5270213225591712,0.5,0.18681318681318687,0.49999999999999983,0.49999999999999983
19,0,0.6898596116931831,0.6666666666666666,0.3736263736263737,0.6666666666666665,0.6666666666666665
21,0,1.0,1.0,1.0,1.0,1.0
22,0,0.847354555452483,0.8333333333333334,0.9340659340659341,0.8333333333333333,0.8333333333333333
23,0,0.0,0.0,0.0,0.0,0.0
25,0,0.6898596116931831,0.6666666666666666,0.3736263736263737,0.6666666666666665,0.6666666666666665
27,0,1.0,1.0,1.0,1.0,1.0
28,0,1.0,1.0,1.0,1.0,1.0
29,0,1.0,1.0,1.0,1.0,1.0
32,0,1.0,1.0,1.0,1.0,1.0
86,0,1.0,1.0,1.0,1.0,1.0
