5,0.2909090909090908,1.0,1.0,1.0,1.0,0.0
7,0.2909090909090908,1.0,1.0,1.0,1.0,0.0
8,0.2909090909090908,1.0,1.0,1.0,1.0,0.0
11,0.2909090909090908,1.0,1.0,1.0,1.0,0.0
13,0.2909090909090908,1.0,1.0,1.0,1.0,0.0
14,0.2909090909090908,1.0,1.0,1.0,1.0,0.0
16,0.2909090909090908,1.0,1.0,1.0,1.0,0.0
17,0.2909090909090908,1.0,1.0,1.0,1.0,0.0
19,0.2909090909090908,1.0,1.0,1.0,1.0,0.0
21,0.2909090909090908,1.0,1.0,1.0,1.0,0.0
23,0.2909090909090908,1.0,1.0,1.0,1.0,0.0
25,0.2909090909090908,1.0,1.0,1.0,1.0,0.0
26,0.2909090909090908,1.0,1.0,1.0,1.0,0.0
28,0.2909090909090908,1.0,1.0,1.0,1.0,0.0
29,0.2909090909090908,1.0,1.0,1.0,1.0,0.0
30,0.2909090909090908,1.0,1.0,1.0,1.0,0.0
32,0.2909090909090908,1.0,1.0,1.0,1.0,0.0
34,0.2909090909090908,1.0,1.0,1.0,1.0,0.0
35,0.2909090909090908,1.0,1.0,1.0,1.0,0.0
37,0.2909090909090908,1.0,1.0,1.0,1.0,0.0
38,0.2909090909090908,1.0,1.0,1.0,1.0,0.0
44,0.2909090909090908,1.0,1.0,1.0,1.0,0.0
45,0.2909090909090908,1.0,1.0,1.0,1.0,0.0
47,0.2909090909090908,1.0,1.0,1.0,1.0,0.0
48,0.2909090909090908,1.0,1.0,1.0,1.0,0.0
49,0.2909090909090908,1.0,1.0,1.0,1.0,0.0
51,0.0,0.0,0.0,0.0,0.0,0.22222222222222213
53,0.2909090909090908,1.0,1.0,1.0,1.0,0.0
55,0.2909090909090908,1.0,1.0,1.0,1.0,0.0
59,1.0,0.8585294814576306,0.5454545454545454,0.9285714285714286,0.9545454545454547,1.0
60,1.0,0.8585294814576306,0.5454545454545454,0.9285714285714286,0.9545454545454547,1.0
61,1.0,0.8585294814576306,0.5454545454545454,0.9285714285714286,0.9545454545454547,1.0
65,0.2909090909090908,1.0,1.0,1.0,1.0,0.0
66,0.2909090909090908,1.0,1.0,1.0,1.0,0.0
67,0.0,0.0,0.0,0.0,0.0,0.22222222222222213
68,0.2909090909090908,1.0,1.0,1.0,1.0,0.0
70,0.2909090909090908,1.0,1.0,1.0,1.0,0.0
