3,0,1.0,1.0,1.0,1.0,1.0
5,0,1.0,1.0,1.0,1.0,1.0
6,0,1.0,1.0,1.0,1.0,1.0
7,0,1.0,1.0,1.0,1.0,1.0
9,0,1.0,1.0,1.0,1.0,1.0
10,0,0.6053832360177073,0.6,0.36708860759493667,0.6000000000000003,0.6000000000000003
12,0,0.8035570555977889,0.8,0.9789029535864979,0.7999999999999995,0.7999999999999995
13,0,0.4054319660055323,0.4,0.1631504922644163,0.39999999999999974,0.39999999999999974
15,0,0.6053832360177073,0.6,0.36708860759493667,0.6000000000000003,0.6000000000000003
16,0,0.6053832360177073,0.6,0.36708860759493667,0.6000000000000003,0.6000000000000003
18,0,0.20365454327949564,0.2,0.06118143459915613,0.19999999999999923,0.19999999999999923
19,0,0.0,0.0,0.0,0.0,0.0
22,0,1.0,1.0,1.0,1.0,1.0
23,0,1.0,1.0,1.0,1.0,1.0
24,0,1.0,1.0,1.0,1.0,1.0
25,0,1.0,1.0,1.0,1.0,1.0
26,0,1.0,1.0,1.0,1.0,1.0
