3,0.7857142857142857,0.9534625892455924,0.9879518072289156,0.7619047619047619,0.8484848484848485,0.0
5,0.7857142857142857,0.9534625892455924,0.9879518072289156,0.7619047619047619,0.8484848484848485,0.0
6,0.7857142857142857,0.9534625892455924,0.9879518072289156,0.7619047619047619,0.8484848484848485,0.0
7,0.7857142857142857,0.9534625892455924,0.9879518072289156,0.7619047619047619,0.8484848484848485,0.0
8,0.7857142857142857,0.9534625892455924,0.9879518072289156,0.7619047619047619,0.8484848484848485,0.0
10,0.8461538461538461,1.0,1.0,0.8888888888888888,0.9333333333333335,0.4444444444444446
12,0.8461538461538461,1.0,1.0,0.8888888888888888,0.9333333333333335,0.4444444444444446
13,0.8120805369127517,0.9323373174786141,0.9116465863453815,0.7719298245614036,0.8555555555555555,0.1851851851851852
15,0.8461538461538461,1.0,1.0,0.8888888888888888,0.9333333333333335,0.4444444444444446
17,0.8461538461538461,1.0,1.0,0.8888888888888888,0.9333333333333335,0.4444444444444446
19,0.8461538461538461,1.0,1.0,0.8888888888888888,0.9333333333333335,0.4444444444444446
20,0.8120805369127517,0.9323373174786141,0.9116465863453815,0.7719298245614036,0.8555555555555555,0.1851851851851852
22,0.8461538461538461,1.0,1.0,0.8888888888888888,0.9333333333333335,0.4444444444444446
23,0.8461538461538461,1.0,1.0,0.8888888888888888,0.9333333333333335,0.4444444444444446
24,1.0,0.9682458365518541,0.7710843373493976,1.0,1.0,1.0
27,0.5789473684210527,0.3952847075210474,0.24096385542168672,0.2222222222222222,0.3333333333333333,0.5555555555555555
29,0.5789473684210527,0.3952847075210474,0.24096385542168672,0.2222222222222222,0.3333333333333333,0.5555555555555555
30,0.5789473684210527,0.3952847075210474,0.24096385542168672,0.2222222222222222,0.3333333333333333,0.5555555555555555
32,0.5789473684210527,0.3952847075210474,0.24096385542168672,0.2222222222222222,0.3333333333333333,0.5555555555555555
38,0.0,0.0,0.0,0.0,0.0,0.44444444444444436
40,0.0,0.0,0.004016064257028111,0.0,0.0,0.2962962962962963
42,0.0,0.0,0.004016064257028111,0.0,0.0,0.2962962962962963
43,0.0,0.0,0.004016064257028111,0.0,0.0,0.2962962962962963
44,0.0,0.0,0.004016064257028111,0.0,0.0,0.2962962962962963
45,0.0,0.0,0.008032128514056224,0.0,0.0,0.14814814814814814
46,0.0,0.0,0.012048192771084336,0.0,0.0,0.0
48,0.0,0.0,0.008032128514056224,0.0,0.0,0.14814814814814814
51,0.0,0.0,0.0,0.0,0.0,0.44444444444444436
53,0.7857142857142857,0.9534625892455924,0.9879518072289156,0.7619047619047619,0.8484848484848485,0.0
