3,0.8785714285714284,0.943768551561297,0.9761904761904759,0.8809523809523808,0.889423076923077,0.0
6,0.8785714285714284,0.943768551561297,0.9761904761904759,0.8809523809523808,0.889423076923077,0.0
7,0.8785714285714284,0.943768551561297,0.9761904761904759,0.8809523809523808,0.889423076923077,0.0
9,1.0,1.0,1.0,1.0,1.0,0.1851851851851854
10,1.0,1.0,1.0,1.0,1.0,0.1851851851851854
11,1.0,1.0,1.0,1.0,1.0,0.1851851851851854
12,1.0,1.0,1.0,1.0,1.0,0.1851851851851854
13,1.0,1.0,1.0,1.0,1.0,0.1851851851851854
15,0.0,0.0,0.0,0.0,0.0,1.0
19,0.8785714285714284,0.943768551561297,0.9761904761904759,0.8809523809523808,0.889423076923077,0.0
20,0.8785714285714284,0.943768551561297,0.9761904761904759,0.8809523809523808,0.889423076923077,0.0
