3,0.5411184210526316,1.0,1.0,0.9707792207792209,0.9787234042553189,0.0
6,0.5411184210526316,1.0,1.0,0.9707792207792209,0.9787234042553189,0.0
8,0.5411184210526316,1.0,1.0,0.9707792207792209,0.9787234042553189,0.0
9,0.5411184210526316,1.0,1.0,0.9707792207792209,0.9787234042553189,0.0
10,0.5411184210526316,1.0,1.0,0.9707792207792209,0.9787234042553189,0.0
12,0.5411184210526316,1.0,1.0,0.9707792207792209,0.9787234042553189,0.0
13,0.5411184210526316,1.0,1.0,0.9707792207792209,0.9787234042553189,0.0
15,0.6121041879468846,0.981493437857825,0.9283746556473829,1.0,1.0,0.2959183673469382
16,0.6121041879468846,0.981493437857825,0.9283746556473829,1.0,1.0,0.2959183673469382
18,0.7646420824295009,0.4691727401791195,0.2479338842975207,0.43896103896103894,0.5199999999999999,0.4387755102040815
19,0.7646420824295009,0.4691727401791195,0.2479338842975207,0.43896103896103894,0.5199999999999999,0.4387755102040815
21,0.6121041879468846,0.981493437857825,0.9283746556473829,1.0,1.0,0.2959183673469382
22,0.6121041879468846,0.981493437857825,0.9283746556473829,1.0,1.0,0.2959183673469382
25,0.5411184210526316,1.0,1.0,0.9707792207792209,0.9787234042553189,0.0
27,1.0,0.6255636535721593,0.33057851239669417,0.6468899521531101,0.7172413793103448,0.9183673469387752
28,1.0,0.6255636535721593,0.33057851239669417,0.6468899521531101,0.7172413793103448,0.9183673469387752
30,0.5411184210526316,1.0,1.0,0.9707792207792209,0.9787234042553189,0.0
32,0.0,0.0,0.0,0.0,0.0,1.0
33,0.0,0.0,0.0,0.0,0.0,1.0
35,0.5411184210526316,1.0,1.0,0.9707792207792209,0.9787234042553189,0.0
36,0.5411184210526316,1.0,1.0,0.9707792207792209,0.9787234042553189,0.0
