3,0.3679707552306136,1.0,1.0,1.0,1.0,0.0
6,0.3679707552306136,1.0,1.0,1.0,1.0,0.0
7,0.3679707552306136,1.0,1.0,1.0,1.0,0.0
8,0.3679707552306136,1.0,1.0,1.0,1.0,0.0
9,0.0,0.0,0.0,0.0,0.0,1.0
10,0.0,0.0,0.0,0.0,0.0,1.0
12,0.6129429293256462,0.8669629641753318,0.6681034482758621,0.7679324894514769,0.8799650807507639,0.9999999999999998
13,0.597921820880752,0.542167363755473,0.31465517241379304,0.28797468354430383,0.47257383966244726,0.6144578313253012
15,0.6129429293256462,0.8669629641753318,0.6681034482758621,0.7679324894514769,0.8799650807507639,0.9999999999999998
16,1.0,0.3737603295330982,0.08620689655172414,0.10647803425167535,0.20886075949367094,0.819277108433735
17,1.0,0.3737603295330982,0.08620689655172414,0.10647803425167535,0.20886075949367094,0.819277108433735
19,0.6129429293256462,0.8669629641753318,0.6681034482758621,0.7679324894514769,0.8799650807507639,0.9999999999999998
20,0.6129429293256462,0.8669629641753318,0.6681034482758621,0.7679324894514769,0.8799650807507639,0.9999999999999998
