3,0.40674603174603174,1.0,1.0,0.9829545454545455,0.9885714285714285,0.0
5,0.40674603174603174,1.0,1.0,0.9829545454545455,0.9885714285714285,0.0
6,0.40674603174603174,1.0,1.0,0.9829545454545455,0.9885714285714285,0.0
7,0.40674603174603174,1.0,1.0,0.9829545454545455,0.9885714285714285,0.0
8,0.40674603174603174,1.0,1.0,0.9829545454545455,0.9885714285714285,0.0
10,0.40674603174603174,1.0,1.0,0.9829545454545455,0.9885714285714285,0.0
11,0.40674603174603174,1.0,1.0,0.9829545454545455,0.9885714285714285,0.0
12,0.40674603174603174,1.0,1.0,0.9829545454545455,0.9885714285714285,0.0
13,0.4542274052478133,0.9634331490579189,0.8874296435272045,1.0,1.0,0.9565217391304343
15,0.40674603174603174,1.0,1.0,0.9829545454545455,0.9885714285714285,0.0
16,0.36241802110065585,0.8645380856107848,0.8198874296435271,0.8039772727272728,0.8601823708206687,0.9130434782608692
19,0.40674603174603174,1.0,1.0,0.9829545454545455,0.9885714285714285,0.0
20,0.7028571428571428,0.37054045437396954,0.12570356472795496,0.2272727272727273,0.3061224489795918,0.9130434782608695
21,0.3445378151260504,0.06201795824147316,0.0037523452157598534,0.009569377990430623,0.01428571428571429,0.08695652173913047
24,1.0,0.33716011356266234,0.06754221388367729,0.13368983957219255,0.18796992481203006,1.0
27,0.36241802110065585,0.8645380856107848,0.8198874296435271,0.8039772727272728,0.8601823708206687,0.9130434782608692
28,0.13621262458471767,0.12385474655353843,0.05816135084427767,0.08264462809917358,0.11904761904761903,0.9565217391304349
29,0.3445378151260504,0.06201795824147316,0.0037523452157598534,0.009569377990430623,0.01428571428571429,0.08695652173913047
32,0.0,0.0,0.0,0.0,0.0,0.8695652173913044
36,0.4092943201376935,0.8194228862809496,0.7073170731707317,0.7954545454545456,0.8536585365853658,0.043478260869565064
37,0.30248155600268284,0.44285824044823996,0.2926829268292683,0.3672727272727273,0.4654377880184331,0.9130434782608698
40,0.5219236209335221,0.5959555717031693,0.3602251407129456,0.5454545454545455,0.6428571428571428,0.9565217391304349
43,0.40674603174603174,1.0,1.0,0.9829545454545455,0.9885714285714285,0.0
