2,0.5833333333333334,0.7363422305665791,0.9849624060150376,0.3915343915343915,0.4805194805194806,0.0
4,0.5833333333333334,0.7363422305665791,0.9849624060150376,0.3915343915343915,0.4805194805194806,0.0
6,0.5833333333333334,0.7363422305665791,0.9849624060150376,0.3915343915343915,0.4805194805194806,0.0
9,0.5833333333333334,0.7363422305665791,0.9849624060150376,0.3915343915343915,0.4805194805194806,0.0
10,0.5833333333333334,0.7363422305665791,0.9849624060150376,0.3915343915343915,0.4805194805194806,0.0
12,0.5833333333333334,0.7363422305665791,0.9849624060150376,0.3915343915343915,0.4805194805194806,0.0
13,0.5833333333333334,0.7363422305665791,0.9849624060150376,0.3915343915343915,0.4805194805194806,0.0
14,0.5833333333333334,0.7363422305665791,0.9849624060150376,0.3915343915343915,0.4805194805194806,0.0
15,0.5833333333333334,0.7363422305665791,0.9849624060150376,0.3915343915343915,0.4805194805194806,0.0
17,0.5833333333333334,0.7363422305665791,0.9849624060150376,0.3915343915343915,0.4805194805194806,0.0
18,0.6207264957264956,0.766305336361433,1.0,0.43047619047619046,0.5207373271889402,0.14814814814814814
20,0.5833333333333334,0.5631877274600288,0.631578947368421,0.34285714285714286,0.4285714285714286,0.0
23,0.5519713261648747,0.6315538640604347,0.7969924812030076,0.34285714285714286,0.4285714285714286,0.11111111111111094
25,0.5519713261648747,0.6315538640604347,0.7969924812030076,0.34285714285714286,0.4285714285714286,0.11111111111111094
29,0.5833333333333334,0.7363422305665791,0.9849624060150376,0.3915343915343915,0.4805194805194806,0.0
33,0.5833333333333334,0.7363422305665791,0.9849624060150376,0.3915343915343915,0.4805194805194806,0.0
34,0.5833333333333334,0.7363422305665791,0.9849624060150376,0.3915343915343915,0.4805194805194806,0.0
35,0.5519713261648747,0.6315538640604347,0.7969924812030076,0.34285714285714286,0.4285714285714286,0.11111111111111094
36,0.5519713261648747,0.6315538640604347,0.7969924812030076,0.34285714285714286,0.4285714285714286,0.11111111111111094
37,0.5519713261648747,0.6315538640604347,0.7969924812030076,0.34285714285714286,0.4285714285714286,0.11111111111111094
38,0.5519713261648747,0.6315538640604347,0.7969924812030076,0.34285714285714286,0.4285714285714286,0.11111111111111094
41,0.5833333333333334,0.7363422305665791,0.9849624060150376,0.3915343915343915,0.4805194805194806,0.0
45,0.5833333333333334,0.7363422305665791,0.9849624060150376,0.3915343915343915,0.4805194805194806,0.0
46,1.0,1.0,0.9097744360902257,1.0,1.0,1.0
49,0.0,0.0,0.0,0.0,0.0,1.0
50,0.0,0.0,0.0,0.0,0.0,1.0
51,0.0,0.0,0.0,0.0,0.0,1.0
52,0.03794037940379402,0.011852926241482218,0.015037593984962423,0.009070294784580496,0.012987012987013002,0.8518518518518519
53,0.03794037940379402,0.011852926241482218,0.015037593984962423,0.009070294784580496,0.012987012987013002,0.8518518518518519
54,0.03794037940379402,0.011852926241482218,0.015037593984962423,0.009070294784580496,0.012987012987013002,0.8518518518518519
56,0.03794037940379402,0.011852926241482218,0.015037593984962423,0.009070294784580496,0.012987012987013002,0.8518518518518519
58,0.0,0.0,0.0,0.0,0.0,1.0
59,0.0,0.0,0.0,0.0,0.0,1.0
60,0.0,0.0,0.0,0.0,0.0,1.0
64,0.5833333333333334,0.7363422305665791,0.9849624060150376,0.3915343915343915,0.4805194805194806,0.0
