6,0.7,1.0,1.0,1.0,1.0,0.0
9,0.7,1.0,1.0,1.0,1.0,0.0
11,0.7,1.0,1.0,1.0,1.0,0.0
12,0.7,1.0,1.0,1.0,1.0,0.0
13,0.7,1.0,1.0,1.0,1.0,0.0
14,0.7,1.0,1.0,1.0,1.0,0.0
16,0.7,1.0,1.0,1.0,1.0,0.0
17,0.6774193548387096,0.861930698085343,0.7492307692307693,0.32608695652173914,0.7720588235294118,0.33333333333333365
18,0.7538461538461538,0.9130610908124142,0.8184615384615385,0.4537037037037037,0.8532338308457712,0.777777777777778
19,0.7538461538461538,0.9130610908124142,0.8184615384615385,0.4537037037037037,0.8532338308457712,0.777777777777778
21,0.7,1.0,1.0,1.0,1.0,0.0
23,0.7,1.0,1.0,1.0,1.0,0.0
25,0.7,1.0,1.0,1.0,1.0,0.0
26,0.7,1.0,1.0,1.0,1.0,0.0
28,0.7,1.0,1.0,1.0,1.0,0.0
30,0.7,1.0,1.0,1.0,1.0,0.0
31,1.0,0.5229125165837971,0.2523076923076923,0.05434782608695652,0.28688524590163933,1.0
32,1.0,0.5229125165837971,0.2523076923076923,0.05434782608695652,0.28688524590163933,1.0
34,0.7,1.0,1.0,1.0,1.0,0.0
35,0.7,1.0,1.0,1.0,1.0,0.0
36,0.7,1.0,1.0,1.0,1.0,0.0
39,0.0,0.0,0.0,0.0,0.0,0.0
