3,0,1.0,1.0,1.0,1.0,1.0
5,0,1.0,1.0,1.0,1.0,1.0
6,0,1.0,1.0,1.0,1.0,1.0
7,0,1.0,1.0,1.0,1.0,1.0
9,0,1.0,1.0,1.0,1.0,1.0
11,0,1.0,1.0,1.0,1.0,1.0
13,0,1.0,1.0,1.0,1.0,1.0
15,0,0.5940885257860046,0.35294117647058826,0.0160427807486631,0.35294117647058826,0.35294117647058826
16,0,0.5940885257860046,0.35294117647058826,0.0160427807486631,0.35294117647058826,0.35294117647058826
19,0,1.0,1.0,1.0,1.0,1.0
21,0,0.8043996665398437,0.6470588235294118,0.053921568627450976,0.6470588235294118,0.6470588235294118
23,0,1.0,1.0,1.0,1.0,1.0
25,0,0.5940885257860046,0.35294117647058826,0.0160427807486631,0.35294117647058826,0.35294117647058826
27,0,0.5940885257860046,0.35294117647058826,0.0160427807486631,0.35294117647058826,0.35294117647058826
31,0,0.0,0.0,0.0,0.0,0.0
36,0,0.8043996665398437,0.6470588235294118,0.053921568627450976,0.6470588235294118,0.6470588235294118
37,0,0.8043996665398437,0.6470588235294118,0.053921568627450976,0.6470588235294118,0.6470588235294118
39,0,0.42008402520840293,0.17647058823529413,0.006302521008403361,0.17647058823529413,0.17647058823529413
43,0,0.6859943405700353,0.47058823529411764,0.0261437908496732,0.47058823529411764,0.47058823529411764
46,0,1.0,1.0,1.0,1.0,1.0
