4,0.8421052631578947,0.8451542547285167,0.8421052631578947,0.6842105263157894,0.7142857142857143,0.0
9,0.8421052631578947,0.8451542547285167,0.8421052631578947,0.6842105263157894,0.7142857142857143,0.0
10,0.8421052631578947,0.8451542547285167,0.8421052631578947,0.6842105263157894,0.7142857142857143,0.0
11,0.8421052631578947,0.8451542547285167,0.8421052631578947,0.6842105263157894,0.7142857142857143,0.0
12,0.8421052631578947,0.8451542547285167,0.8421052631578947,0.6842105263157894,0.7142857142857143,0.0
13,0.8421052631578947,0.8451542547285167,0.8421052631578947,0.6842105263157894,0.7142857142857143,0.0
14,0.8421052631578947,0.8451542547285167,0.8421052631578947,0.6842105263157894,0.7142857142857143,0.0
15,0.8421052631578947,0.8451542547285167,0.8421052631578947,0.6842105263157894,0.7142857142857143,0.0
16,0.8421052631578947,0.8451542547285167,0.8421052631578947,0.6842105263157894,0.7142857142857143,0.0
17,0.8421052631578947,0.8451542547285167,0.8421052631578947,0.6842105263157894,0.7142857142857143,0.0
18,0.8421052631578947,0.8451542547285167,0.8421052631578947,0.6842105263157894,0.7142857142857143,0.0
19,0.8421052631578947,0.8451542547285167,0.8421052631578947,0.6842105263157894,0.7142857142857143,0.0
20,0.8421052631578947,0.8451542547285167,0.8421052631578947,0.6842105263157894,0.7142857142857143,0.0
22,0.8421052631578947,0.8451542547285167,0.8421052631578947,0.6842105263157894,0.7142857142857143,0.0
23,0.8421052631578947,0.8451542547285167,0.8421052631578947,0.6842105263157894,0.7142857142857143,0.0
24,0.8421052631578947,0.8451542547285167,0.8421052631578947,0.6842105263157894,0.7142857142857143,0.0
25,0.8421052631578947,0.8451542547285167,0.8421052631578947,0.6842105263157894,0.7142857142857143,0.0
27,0.8421052631578947,0.8451542547285167,0.8421052631578947,0.6842105263157894,0.7142857142857143,0.0
28,1.0,1.0,1.0,1.0,1.0,0.5454545454545454
29,0.8421052631578947,0.8451542547285167,0.8421052631578947,0.6842105263157894,0.7142857142857143,0.0
30,0.0,0.0,0.0,0.0,0.0,1.0
33,0.8421052631578947,0.8451542547285167,0.8421052631578947,0.6842105263157894,0.7142857142857143,0.0
34,0.8421052631578947,0.8451542547285167,0.8421052631578947,0.6842105263157894,0.7142857142857143,0.0
35,0.8421052631578947,0.8451542547285167,0.8421052631578947,0.6842105263157894,0.7142857142857143,0.0
36,0.8421052631578947,0.8451542547285167,0.8421052631578947,0.6842105263157894,0.7142857142857143,0.0
38,0.8421052631578947,0.8451542547285167,0.8421052631578947,0.6842105263157894,0.7142857142857143,0.0
