6,0.6417910447761194,0.5423261445466404,0.441860465116279,0.2835820895522388,0.2941176470588235,0.0
9,0.6417910447761194,0.5423261445466404,0.441860465116279,0.2835820895522388,0.2941176470588235,0.0
10,0.6417910447761194,0.5423261445466404,0.441860465116279,0.2835820895522388,0.2941176470588235,0.0
11,0.6417910447761194,0.5423261445466404,0.441860465116279,0.2835820895522388,0.2941176470588235,0.0
13,0.6417910447761194,0.5423261445466404,0.441860465116279,0.2835820895522388,0.2941176470588235,0.0
14,0.6417910447761194,0.5423261445466404,0.441860465116279,0.2835820895522388,0.2941176470588235,0.0
16,0.6417910447761194,0.5423261445466404,0.441860465116279,0.2835820895522388,0.2941176470588235,0.0
17,0.6417910447761194,0.5423261445466404,0.441860465116279,0.2835820895522388,0.2941176470588235,0.0
19,0.6417910447761194,0.5423261445466404,0.441860465116279,0.2835820895522388,0.2941176470588235,0.0
21,0.6417910447761194,0.5423261445466404,0.441860465116279,0.2835820895522388,0.2941176470588235,0.0
22,0.6417910447761194,0.5423261445466404,0.441860465116279,0.2835820895522388,0.2941176470588235,0.0
24,0.6466165413533834,0.546358364708153,0.45348837209302323,0.2878787878787879,0.29850746268656714,0.02083333333333339
25,0.6466165413533834,0.546358364708153,0.45348837209302323,0.2878787878787879,0.29850746268656714,0.02083333333333339
29,0.0,0.0,0.4186046511627907,0.0,0.0,0.020833333333333332
30,0.0,0.0,0.4186046511627907,0.0,0.0,0.020833333333333332
32,0.6417910447761194,0.5423261445466404,0.441860465116279,0.2835820895522388,0.2941176470588235,0.0
33,0.6417910447761194,0.5423261445466404,0.441860465116279,0.2835820895522388,0.2941176470588235,0.0
34,0.6417910447761194,0.5423261445466404,0.441860465116279,0.2835820895522388,0.2941176470588235,0.0
35,0.6417910447761194,0.5423261445466404,0.441860465116279,0.2835820895522388,0.2941176470588235,0.0
37,0.6417910447761194,0.5423261445466404,0.441860465116279,0.2835820895522388,0.2941176470588235,0.0
38,0.6417910447761194,0.5423261445466404,0.441860465116279,0.2835820895522388,0.2941176470588235,0.0
40,0.6417910447761194,0.5423261445466404,0.441860465116279,0.2835820895522388,0.2941176470588235,0.0
41,0.6417910447761194,0.5423261445466404,0.441860465116279,0.2835820895522388,0.2941176470588235,0.0
43,0.7226890756302521,0.6142951168339512,0.6162790697674418,0.3653846153846154,0.3773584905660377,0.31249999999999994
44,0.0,0.0,0.27906976744186046,0.0,0.0,0.2708333333333333
47,0.728813559322034,0.6201736729460423,0.627906976744186,0.37254901960784315,0.38461538461538464,0.3333333333333333
48,0.8865979381443299,0.8032193289024989,0.8720930232558141,0.6333333333333334,0.6451612903225806,0.7708333333333333
50,0.0,0.0,0.18604651162790695,0.0,0.0,0.4375
51,0.728813559322034,0.6201736729460423,0.627906976744186,0.37254901960784315,0.38461538461538464,0.3333333333333333
54,0.6417910447761194,0.5423261445466404,0.441860465116279,0.2835820895522388,0.2941176470588235,0.0
56,0.8865979381443299,0.8032193289024989,0.8720930232558141,0.6333333333333334,0.6451612903225806,0.7708333333333333
57,0.8865979381443299,0.8032193289024989,0.8720930232558141,0.6333333333333334,0.6451612903225806,0.7708333333333333
59,0.8865979381443299,0.8032193289024989,0.8720930232558141,0.6333333333333334,0.6451612903225806,0.7708333333333333
61,0.9247311827956989,0.8606629658238705,0.9186046511627907,0.7307692307692308,0.7407407407407407,0.8541666666666665
62,0.0,0.0,0.4186046511627907,0.0,0.0,0.020833333333333332
63,0.9347826086956521,0.8770580193070293,0.9302325581395348,0.76,0.7692307692307693,0.875
64,0.0,0.0,0.43023255813953487,0.0,0.0,0.0
66,0.9347826086956521,0.8770580193070293,0.9302325581395348,0.76,0.7692307692307693,0.875
67,0.9247311827956989,0.8606629658238705,0.9186046511627907,0.7307692307692308,0.7407407407407407,0.8541666666666665
70,0.8865979381443299,0.8032193289024989,0.8720930232558141,0.6333333333333334,0.6451612903225806,0.7708333333333333
72,0.0,0.0,0.3837209302325581,0.0,0.0,0.08333333333333333
73,0.0,0.0,0.3837209302325581,0.0,0.0,0.08333333333333333
75,0.0,0.0,0.3837209302325581,0.0,0.0,0.08333333333333333
76,0.0,0.0,0.3837209302325581,0.0,0.0,0.08333333333333333
78,0.0,0.0,0.3837209302325581,0.0,0.0,0.08333333333333333
80,0.0,0.0,0.3837209302325581,0.0,0.0,0.08333333333333333
82,0.0,0.0,0.43023255813953487,0.0,0.0,0.0
83,0.0,0.0,0.43023255813953487,0.0,0.0,0.0
84,0.0,0.0,0.43023255813953487,0.0,0.0,0.0
88,0.8865979381443299,0.8032193289024989,0.8720930232558141,0.6333333333333334,0.6451612903225806,0.7708333333333333
90,0.9347826086956521,0.8770580193070293,0.9302325581395348,0.76,0.7692307692307693,0.875
91,0.9347826086956521,0.8770580193070293,0.9302325581395348,0.76,0.7692307692307693,0.875
93,0.9347826086956521,0.8770580193070293,0.9302325581395348,0.76,0.7692307692307693,0.875
94,0.9347826086956521,0.8770580193070293,0.9302325581395348,0.76,0.7692307692307693,0.875
95,0.9347826086956521,0.8770580193070293,0.9302325581395348,0.76,0.7692307692307693,0.875
97,0.9347826086956521,0.8770580193070293,0.9302325581395348,0.76,0.7692307692307693,0.875
99,0.9347826086956521,0.8770580193070293,0.9302325581395348,0.76,0.7692307692307693,0.875
101,0.9347826086956521,0.8770580193070293,0.9302325581395348,0.76,0.7692307692307693,0.875
103,0.9885057471264368,0.9759000729485332,0.9883720930232559,0.9500000000000001,0.9523809523809523,0.9791666666666666
104,0.9885057471264368,0.9759000729485332,0.9883720930232559,0.9500000000000001,0.9523809523809523,0.9791666666666666
105,0.9885057471264368,0.9759000729485332,0.9883720930232559,0.9500000000000001,0.9523809523809523,0.9791666666666666
109,0.9347826086956521,0.8770580193070293,0.9302325581395348,0.76,0.7692307692307693,0.875
111,0.9347826086956521,0.8770580193070293,0.9302325581395348,0.76,0.7692307692307693,0.875
112,0.9347826086956521,0.8770580193070293,0.9302325581395348,0.76,0.7692307692307693,0.875
114,0.9347826086956521,0.8770580193070293,0.9302325581395348,0.76,0.7692307692307693,0.875
115,0.9347826086956521,0.8770580193070293,0.9302325581395348,0.76,0.7692307692307693,0.875
117,0.9347826086956521,0.8770580193070293,0.9302325581395348,0.76,0.7692307692307693,0.875
119,0.9347826086956521,0.8770580193070293,0.9302325581395348,0.76,0.7692307692307693,0.875
121,1.0,1.0,1.0,1.0,1.0,1.0
122,1.0,1.0,1.0,1.0,1.0,1.0
123,1.0,1.0,1.0,1.0,1.0,1.0
127,0.0,0.0,0.3720930232558139,0.0,0.0,0.10416666666666664
129,0.0,0.0,0.4186046511627907,0.0,0.0,0.020833333333333332
130,0.0,0.0,0.4186046511627907,0.0,0.0,0.020833333333333332
132,0.0,0.0,0.4186046511627907,0.0,0.0,0.020833333333333332
133,0.0,0.0,0.4186046511627907,0.0,0.0,0.020833333333333332
135,0.0,0.0,0.4186046511627907,0.0,0.0,0.020833333333333332
137,0.0,0.0,0.4186046511627907,0.0,0.0,0.020833333333333332
139,0.0,0.0,0.4186046511627907,0.0,0.0,0.020833333333333332
140,0.0,0.0,0.4186046511627907,0.0,0.0,0.020833333333333332
141,0.0,0.0,0.4186046511627907,0.0,0.0,0.020833333333333332
146,0.0,0.0,0.0,0.0,0.0,0.7708333333333333
148,0.0,0.0,0.0,0.0,0.0,0.7708333333333333
149,0.0,0.0,0.0,0.0,0.0,0.7708333333333333
151,0.0,0.0,0.0,0.0,0.0,0.7708333333333333
153,0.0,0.0,0.13953488372093018,0.0,0.0,0.5208333333333333
154,0.0,0.0,0.4069767441860465,0.0,0.0,0.041666666666666664
155,0.0,0.0,0.16279069767441856,0.0,0.0,0.47916666666666663
156,0.0,0.0,0.33720930232558133,0.0,0.0,0.16666666666666666
158,0.0,0.0,0.25581395348837205,0.0,0.0,0.3125
159,0.0,0.0,0.13953488372093018,0.0,0.0,0.5208333333333333
162,0.0,0.0,0.0,0.0,0.0,0.7708333333333333
164,0.0,0.0,0.2906976744186046,0.0,0.0,0.24999999999999997
165,0.0,0.0,0.2906976744186046,0.0,0.0,0.24999999999999997
167,0.0,0.0,0.2906976744186046,0.0,0.0,0.24999999999999997
168,0.0,0.0,0.2906976744186046,0.0,0.0,0.24999999999999997
170,0.0,0.0,0.2906976744186046,0.0,0.0,0.24999999999999997
172,0.0,0.0,0.2906976744186046,0.0,0.0,0.24999999999999997
174,0.0,0.0,0.4069767441860465,0.0,0.0,0.041666666666666664
175,0.0,0.0,0.4069767441860465,0.0,0.0,0.041666666666666664
176,0.0,0.0,0.4069767441860465,0.0,0.0,0.041666666666666664
180,0.0,0.0,0.0,0.0,0.0,0.7708333333333333
182,0.0,0.0,0.25581395348837205,0.0,0.0,0.3125
183,0.0,0.0,0.25581395348837205,0.0,0.0,0.3125
185,0.0,0.0,0.2906976744186046,0.0,0.0,0.24999999999999997
186,0.0,0.0,0.2906976744186046,0.0,0.0,0.24999999999999997
187,0.0,0.0,0.2906976744186046,0.0,0.0,0.24999999999999997
189,0.0,0.0,0.25581395348837205,0.0,0.0,0.3125
191,0.0,0.0,0.25581395348837205,0.0,0.0,0.3125
193,0.0,0.0,0.3488372093023256,0.0,0.0,0.14583333333333331
195,0.0,0.0,0.3837209302325581,0.0,0.0,0.08333333333333333
196,0.0,0.0,0.3837209302325581,0.0,0.0,0.08333333333333333
197,0.0,0.0,0.3837209302325581,0.0,0.0,0.08333333333333333
201,0.0,0.0,0.25581395348837205,0.0,0.0,0.3125
203,0.0,0.0,0.25581395348837205,0.0,0.0,0.3125
204,0.0,0.0,0.25581395348837205,0.0,0.0,0.3125
206,0.0,0.0,0.25581395348837205,0.0,0.0,0.3125
207,0.0,0.0,0.25581395348837205,0.0,0.0,0.3125
209,0.0,0.0,0.25581395348837205,0.0,0.0,0.3125
211,0.0,0.0,0.25581395348837205,0.0,0.0,0.3125
213,0.0,0.0,0.26744186046511625,0.0,0.0,0.29166666666666663
214,0.0,0.0,0.26744186046511625,0.0,0.0,0.29166666666666663
215,0.0,0.0,0.26744186046511625,0.0,0.0,0.29166666666666663
219,0.0,0.0,0.17441860465116274,0.0,0.0,0.4583333333333333
221,0.0,0.0,0.31395348837209297,0.0,0.0,0.2083333333333333
222,0.0,0.0,0.31395348837209297,0.0,0.0,0.2083333333333333
224,0.0,0.0,0.31395348837209297,0.0,0.0,0.2083333333333333
225,0.0,0.0,0.31395348837209297,0.0,0.0,0.2083333333333333
227,0.0,0.0,0.31395348837209297,0.0,0.0,0.2083333333333333
229,0.0,0.0,0.31395348837209297,0.0,0.0,0.2083333333333333
231,0.0,0.0,0.31395348837209297,0.0,0.0,0.2083333333333333
232,0.0,0.0,0.31395348837209297,0.0,0.0,0.2083333333333333
233,0.0,0.0,0.31395348837209297,0.0,0.0,0.2083333333333333
239,0.6417910447761194,0.5423261445466404,0.441860465116279,0.2835820895522388,0.2941176470588235,0.0
240,0.6417910447761194,0.5423261445466404,0.441860465116279,0.2835820895522388,0.2941176470588235,0.0
242,0.6417910447761194,0.5423261445466404,0.441860465116279,0.2835820895522388,0.2941176470588235,0.0
244,0.6417910447761194,0.5423261445466404,0.441860465116279,0.2835820895522388,0.2941176470588235,0.0
245,0.6417910447761194,0.5423261445466404,0.441860465116279,0.2835820895522388,0.2941176470588235,0.0
247,0.6417910447761194,0.5423261445466404,0.441860465116279,0.2835820895522388,0.2941176470588235,0.0
248,0.6417910447761194,0.5423261445466404,0.441860465116279,0.2835820895522388,0.2941176470588235,0.0
250,0.6417910447761194,0.5423261445466404,0.441860465116279,0.2835820895522388,0.2941176470588235,0.0
252,0.6417910447761194,0.5423261445466404,0.441860465116279,0.2835820895522388,0.2941176470588235,0.0
255,0.6417910447761194,0.5423261445466404,0.441860465116279,0.2835820895522388,0.2941176470588235,0.0
257,0.6417910447761194,0.5423261445466404,0.441860465116279,0.2835820895522388,0.2941176470588235,0.0
258,0.6417910447761194,0.5423261445466404,0.441860465116279,0.2835820895522388,0.2941176470588235,0.0
259,0.6417910447761194,0.5423261445466404,0.441860465116279,0.2835820895522388,0.2941176470588235,0.0
261,0.6417910447761194,0.5423261445466404,0.441860465116279,0.2835820895522388,0.2941176470588235,0.0
