3,0,1.0,1.0,1.0,1.0,1.0
4,0,1.0,1.0,1.0,1.0,1.0
6,0,1.0,1.0,1.0,1.0,1.0
7,0,1.0,1.0,1.0,1.0,1.0
9,0,1.0,1.0,1.0,1.0,1.0
10,0,1.0,1.0,1.0,1.0,1.0
11,0,1.0,1.0,1.0,1.0,1.0
12,0,0.8653228263461803,0.8148148148148148,0.08171793383633198,0.8148148148148148,0.8148148148148148
15,0,0.8653228263461803,0.8148148148148148,0.08171793383633198,0.8148148148148148,0.8148148148148148
16,0,0.8653228263461803,0.8148148148148148,0.08171793383633198,0.8148148148148148,0.8148148148148148
17,0,0.7634536835285207,0.6851851851851852,0.04042197261957598,0.6851851851851852,0.6851851851851852
18,0,0.7634536835285207,0.6851851851851852,0.04042197261957598,0.6851851851851852,0.6851851851851852
22,0,1.0,1.0,1.0,1.0,1.0
23,0,0.7634536835285207,0.6851851851851852,0.04042197261957598,0.6851851851851852,0.6851851851851852
24,0,0.7634536835285207,0.6851851851851852,0.04042197261957598,0.6851851851851852,0.6851851851851852
26,0,1.0,1.0,1.0,1.0,1.0
27,0,0.0,0.0,0.0,0.0,0.0
28,0,0.0,0.0,0.0,0.0,0.0
29,0,0.0,0.0,0.0,0.0,0.0
31,0,1.0,1.0,1.0,1.0,1.0
32,0,1.0,1.0,1.0,1.0,1.0
33,0,1.0,1.0,1.0,1.0,1.0
