2,0.5869565217391304,0.48989794855663554,0.6607142857142857,0.17391304347826086,0.24000000000000002,0.0
6,0.5869565217391304,0.48989794855663554,0.6607142857142857,0.17391304347826086,0.24000000000000002,0.0
7,0.5869565217391304,0.48989794855663554,0.6607142857142857,0.17391304347826086,0.24000000000000002,0.0
8,0.5869565217391304,0.48989794855663554,0.6607142857142857,0.17391304347826086,0.24000000000000002,0.0
11,0.5869565217391304,0.48989794855663554,0.6607142857142857,0.17391304347826086,0.24000000000000002,0.0
12,0.5869565217391304,0.48989794855663554,0.6607142857142857,0.17391304347826086,0.24000000000000002,0.0
13,0.5869565217391304,0.48989794855663554,0.6607142857142857,0.17391304347826086,0.24000000000000002,0.0
14,0.5869565217391304,0.48989794855663554,0.6607142857142857,0.17391304347826086,0.24000000000000002,0.0
16,0.0,0.0,0.2142857142857143,0.0,0.0,0.0
17,0.0,0.0,0.0,0.0,0.0,0.631578947368421
19,0.5869565217391304,0.48989794855663554,0.6607142857142857,0.17391304347826086,0.24000000000000002,0.0
20,0.627906976744186,0.5222329678670935,0.7142857142857143,0.2,0.27272727272727276,0.15789473684210528
21,0.627906976744186,0.5222329678670935,0.7142857142857143,0.2,0.27272727272727276,0.15789473684210528
22,0.627906976744186,0.5222329678670935,0.7142857142857143,0.2,0.27272727272727276,0.15789473684210528
23,0.6923076923076922,0.5773502691896256,0.7857142857142859,0.25,0.3333333333333333,0.368421052631579
24,0.6923076923076922,0.5773502691896256,0.7857142857142859,0.25,0.3333333333333333,0.368421052631579
27,0.5869565217391304,0.48989794855663554,0.6607142857142857,0.17391304347826086,0.24000000000000002,0.0
28,0.5744680851063828,0.3396831102433787,0.4285714285714286,0.15384615384615385,0.21428571428571427,0.02631578947368419
29,0.5869565217391304,0.48989794855663554,0.6607142857142857,0.17391304347826086,0.24000000000000002,0.0
31,0.0,0.0,0.10714285714285715,0.0,0.0,0.3157894736842105
32,0.0,0.0,0.10714285714285715,0.0,0.0,0.3157894736842105
34,0.6749999999999999,0.5619514869490163,0.7678571428571429,0.23529411764705882,0.3157894736842105,0.31578947368421056
35,0.6749999999999999,0.5619514869490163,0.7678571428571429,0.23529411764705882,0.3157894736842105,0.31578947368421056
36,0.75,0.6324555320336758,0.8392857142857144,0.3076923076923077,0.4,0.5263157894736843
37,0.75,0.6324555320336758,0.8392857142857144,0.3076923076923077,0.4,0.5263157894736843
38,0.75,0.6324555320336758,0.8392857142857144,0.3076923076923077,0.4,0.5263157894736843
39,0.627906976744186,0.3692744729379981,0.4642857142857143,0.18181818181818182,0.25,0.07894736842105264
40,0.627906976744186,0.3692744729379981,0.4642857142857143,0.18181818181818182,0.25,0.07894736842105264
43,0.6749999999999999,0.5619514869490163,0.7678571428571429,0.23529411764705882,0.3157894736842105,0.31578947368421056
44,1.0,1.0,1.0,1.0,1.0,1.0
45,0.6749999999999999,0.5619514869490163,0.7678571428571429,0.23529411764705882,0.3157894736842105,0.31578947368421056
47,0.0,0.0,0.10714285714285715,0.0,0.0,0.3157894736842105
48,0.0,0.0,0.10714285714285715,0.0,0.0,0.3157894736842105
50,0.7941176470588235,0.6793662204867574,0.8750000000000002,0.36363636363636365,0.46153846153846156,0.631578947368421
