2,0.8571428571428572,0.8528028654224417,0.4999999999999999,0.7142857142857143,0.7272727272727273,0.0
5,0.8571428571428572,0.8528028654224417,0.4999999999999999,0.7142857142857143,0.7272727272727273,0.0
6,0.8571428571428572,0.8528028654224417,0.4999999999999999,0.7142857142857143,0.7272727272727273,0.0
7,0.8571428571428572,0.8528028654224417,0.4999999999999999,0.7142857142857143,0.7272727272727273,0.0
9,0.8571428571428572,0.8528028654224417,0.4999999999999999,0.7142857142857143,0.7272727272727273,0.0
10,0.8571428571428572,0.8528028654224417,0.4999999999999999,0.7142857142857143,0.7272727272727273,0.0
12,0.878048780487805,0.8728715609439696,0.5833333333333334,0.75,0.7619047619047619,0.16666666666666685
13,0.878048780487805,0.8728715609439696,0.5833333333333334,0.75,0.7619047619047619,0.16666666666666685
14,0.878048780487805,0.8728715609439696,0.5833333333333334,0.75,0.7619047619047619,0.16666666666666685
15,0.878048780487805,0.8728715609439696,0.5833333333333334,0.75,0.7619047619047619,0.16666666666666685
17,0.878048780487805,0.8728715609439696,0.5833333333333334,0.75,0.7619047619047619,0.16666666666666685
18,0.878048780487805,0.8728715609439696,0.5833333333333334,0.75,0.7619047619047619,0.16666666666666685
19,0.878048780487805,0.8728715609439696,0.5833333333333334,0.75,0.7619047619047619,0.16666666666666685
20,0.878048780487805,0.8728715609439696,0.5833333333333334,0.75,0.7619047619047619,0.16666666666666685
21,0.878048780487805,0.8728715609439696,0.5833333333333334,0.75,0.7619047619047619,0.16666666666666685
24,0.878048780487805,0.8728715609439696,0.5833333333333334,0.75,0.7619047619047619,0.16666666666666685
26,0.878048780487805,0.8728715609439696,0.5833333333333334,0.75,0.7619047619047619,0.16666666666666685
27,0.878048780487805,0.8728715609439696,0.5833333333333334,0.75,0.7619047619047619,0.16666666666666685
28,0.878048780487805,0.8728715609439696,0.5833333333333334,0.75,0.7619047619047619,0.16666666666666685
29,0.878048780487805,0.8728715609439696,0.5833333333333334,0.75,0.7619047619047619,0.16666666666666685
31,0.878048780487805,0.8728715609439696,0.5833333333333334,0.75,0.7619047619047619,0.16666666666666685
33,0.878048780487805,0.8728715609439696,0.5833333333333334,0.75,0.7619047619047619,0.16666666666666685
34,0.878048780487805,0.8728715609439696,0.5833333333333334,0.75,0.7619047619047619,0.16666666666666685
37,0.878048780487805,0.8728715609439696,0.5833333333333334,0.75,0.7619047619047619,0.16666666666666685
38,0.972972972972973,0.9701425001453319,0.9166666666666665,0.9375,0.9411764705882353,0.8333333333333335
40,0.8571428571428572,0.8528028654224417,0.4999999999999999,0.7142857142857143,0.7272727272727273,0.0
42,0.8571428571428572,0.8528028654224417,0.4999999999999999,0.7142857142857143,0.7272727272727273,0.0
43,0.8571428571428572,0.8528028654224417,0.4999999999999999,0.7142857142857143,0.7272727272727273,0.0
44,0.8571428571428572,0.8528028654224417,0.4999999999999999,0.7142857142857143,0.7272727272727273,0.0
45,0.8571428571428572,0.8528028654224417,0.4999999999999999,0.7142857142857143,0.7272727272727273,0.0
47,0.9000000000000001,0.8944271909999159,0.6666666666666666,0.7894736842105263,0.8,0.3333333333333333
48,0.9000000000000001,0.8944271909999159,0.6666666666666666,0.7894736842105263,0.8,0.3333333333333333
50,0.8571428571428572,0.8528028654224417,0.4999999999999999,0.7142857142857143,0.7272727272727273,0.0
51,0.972972972972973,0.9701425001453319,0.9166666666666665,0.9375,0.9411764705882353,0.8333333333333335
55,1.0,1.0,1.0,1.0,1.0,1.0
56,1.0,1.0,1.0,1.0,1.0,1.0
57,1.0,1.0,1.0,1.0,1.0,1.0
59,1.0,1.0,1.0,1.0,1.0,1.0
60,1.0,1.0,1.0,1.0,1.0,1.0
61,0.0,0.0,0.0,0.0,0.0,0.8333333333333334
62,1.0,1.0,1.0,1.0,1.0,1.0
63,1.0,1.0,1.0,1.0,1.0,1.0
65,0.0,0.0,0.0,0.0,0.0,0.8333333333333334
67,0.0,0.0,0.0,0.0,0.0,0.8333333333333334
68,0.0,0.0,0.0,0.0,0.0,0.8333333333333334
69,0.0,0.0,0.0,0.0,0.0,0.8333333333333334
70,0.0,0.0,0.0,0.0,0.0,0.8333333333333334
72,1.0,1.0,1.0,1.0,1.0,1.0
79,0.8571428571428572,0.8528028654224417,0.4999999999999999,0.7142857142857143,0.7272727272727273,0.0
