3,0.42666666666666664,0.3283947887145927,0.19801980198019803,0.1568627450980392,0.1730769230769231,0.8333333333333334
5,0.42666666666666664,0.3283947887145927,0.19801980198019803,0.1568627450980392,0.1730769230769231,0.8333333333333334
6,0.45714285714285713,0.3457820374040623,0.24752475247524752,0.17391304347826086,0.19148936170212766,0.6666666666666667
7,0.4705882352941177,0.35355339059327373,0.26732673267326734,0.18181818181818182,0.2,0.6
8,0.0,0.0,0.019801980198019816,0.0,0.0,0.5666666666666668
9,0.4705882352941177,0.35355339059327373,0.26732673267326734,0.18181818181818182,0.2,0.6
10,0.4705882352941177,0.35355339059327373,0.26732673267326734,0.18181818181818182,0.2,0.6
11,0.0,0.0,0.18811881188118812,0.0,0.0,0.0
12,0.64,0.6504436355879909,0.7029702970297029,0.32,0.3461538461538462,0.0
14,0.64,0.6504436355879909,0.7029702970297029,0.32,0.3461538461538462,0.0
15,0.64,0.6504436355879909,0.7029702970297029,0.32,0.3461538461538462,0.0
16,0.64,0.6504436355879909,0.7029702970297029,0.32,0.3461538461538462,0.0
18,0.64,0.6504436355879909,0.7029702970297029,0.32,0.3461538461538462,0.0
19,0.64,0.6504436355879909,0.7029702970297029,0.32,0.3461538461538462,0.0
21,0.64,0.6504436355879909,0.7029702970297029,0.32,0.3461538461538462,0.0
23,0.64,0.6504436355879909,0.7029702970297029,0.32,0.3461538461538462,0.0
24,0.64,0.6504436355879909,0.7029702970297029,0.32,0.3461538461538462,0.0
25,0.64,0.6504436355879909,0.7029702970297029,0.32,0.3461538461538462,0.0
27,0.9142857142857143,1.0,1.0,0.8,0.8181818181818182,1.0
30,0.64,0.6504436355879909,0.7029702970297029,0.32,0.3461538461538462,0.0
32,1.0,0.82915619758885,0.6237623762376238,1.0,1.0,0.6
33,1.0,0.82915619758885,0.6237623762376238,1.0,1.0,0.6
35,0.4705882352941177,0.35355339059327373,0.26732673267326734,0.18181818181818182,0.2,0.6
37,0.4705882352941177,0.35355339059327373,0.26732673267326734,0.18181818181818182,0.2,0.6
39,0.7272727272727273,0.5244044240850758,0.504950495049505,0.4,0.42857142857142855,0.2
41,0.4705882352941177,0.35355339059327373,0.26732673267326734,0.18181818181818182,0.2,0.6
42,0.4705882352941177,0.35355339059327373,0.26732673267326734,0.18181818181818182,0.2,0.6
43,0.4705882352941177,0.35355339059327373,0.26732673267326734,0.18181818181818182,0.2,0.6
45,0.4705882352941177,0.35355339059327373,0.26732673267326734,0.18181818181818182,0.2,0.6
47,0.653061224489796,0.4690415759823429,0.45544554455445546,0.32,0.3461538461538462,0.03333333333333337
48,0.653061224489796,0.4690415759823429,0.45544554455445546,0.32,0.3461538461538462,0.03333333333333337
49,0.653061224489796,0.4690415759823429,0.45544554455445546,0.32,0.3461538461538462,0.03333333333333337
51,0.6808510638297872,0.48900964692182575,0.4752475247524752,0.34782608695652173,0.375,0.1
52,0.6808510638297872,0.48900964692182575,0.4752475247524752,0.34782608695652173,0.375,0.1
67,0.4705882352941177,0.35355339059327373,0.26732673267326734,0.18181818181818182,0.2,0.6
69,0.0,0.0,0.0,0.0,0.0,0.6333333333333334
70,0.0,0.0,0.0,0.0,0.0,0.6333333333333334
