2,0.5882352941176471,0.47140452079103173,0.36363636363636365,0.17647058823529413,0.2222222222222222,0.0
5,0.5882352941176471,0.47140452079103173,0.36363636363636365,0.17647058823529413,0.2222222222222222,0.0
6,0.5882352941176471,0.47140452079103173,0.36363636363636365,0.17647058823529413,0.2222222222222222,0.0
7,0.5882352941176471,0.47140452079103173,0.36363636363636365,0.17647058823529413,0.2222222222222222,0.0
10,0.5882352941176471,0.47140452079103173,0.36363636363636365,0.17647058823529413,0.2222222222222222,0.0
12,0.0,0.0,0.18181818181818182,0.0,0.0,0.2142857142857143
13,0.0,0.0,0.22727272727272727,0.0,0.0,0.14285714285714285
15,0.0,0.0,0.27272727272727276,0.0,0.0,0.07142857142857142
17,0.6451612903225806,0.5163977794943222,0.5,0.21428571428571427,0.26666666666666666,0.21428571428571436
19,0.7407407407407407,0.6030226891555273,0.6818181818181817,0.30000000000000004,0.36363636363636365,0.5
20,0.0,0.0,0.0,0.0,0.0,0.5
22,1.0,1.0,1.0,1.0,1.0,1.0
25,0.0,0.0,0.13636363636363638,0.0,0.0,0.2857142857142857
26,0.5882352941176471,0.47140452079103173,0.36363636363636365,0.17647058823529413,0.2222222222222222,0.0
27,0.5882352941176471,0.47140452079103173,0.36363636363636365,0.17647058823529413,0.2222222222222222,0.0
