9,1.0,1.0,1.0,1.0,1.0,0.0
12,1.0,1.0,1.0,1.0,1.0,0.0
13,1.0,1.0,1.0,1.0,1.0,0.0
14,1.0,1.0,1.0,1.0,1.0,0.0
16,1.0,1.0,1.0,1.0,1.0,0.0
17,1.0,1.0,1.0,1.0,1.0,0.0
18,1.0,1.0,1.0,1.0,1.0,0.0
20,1.0,1.0,1.0,1.0,1.0,0.0
21,1.0,1.0,1.0,1.0,1.0,0.0
22,1.0,1.0,1.0,1.0,1.0,0.0
23,1.0,1.0,1.0,1.0,1.0,0.0
24,1.0,1.0,1.0,1.0,1.0,0.0
25,1.0,1.0,1.0,1.0,1.0,0.0
26,0.8800000000000001,0.6373774391990981,0.4285714285714285,0.6875,0.7222222222222221,1.0
27,1.0,1.0,1.0,1.0,1.0,0.0
28,1.0,1.0,1.0,1.0,1.0,0.0
31,1.0,1.0,1.0,1.0,1.0,0.0
32,1.0,1.0,1.0,1.0,1.0,0.0
33,1.0,1.0,1.0,1.0,1.0,0.0
34,0.8800000000000001,0.6373774391990981,0.4285714285714285,0.6875,0.7222222222222221,1.0
36,1.0,1.0,1.0,1.0,1.0,0.0
38,1.0,1.0,1.0,1.0,1.0,0.0
41,0.8800000000000001,0.6373774391990981,0.4285714285714285,0.6875,0.7222222222222221,1.0
42,0.8800000000000001,0.6373774391990981,0.4285714285714285,0.6875,0.7222222222222221,1.0
43,0.8800000000000001,0.6373774391990981,0.4285714285714285,0.6875,0.7222222222222221,1.0
44,0.0,0.0,0.0,0.0,0.0,0.6666666666666667
