2,0,1.0,1.0,1.0,1.0,1.0
3,0,1.0,1.0,1.0,1.0,1.0
5,0,1.0,1.0,1.0,1.0,1.0
6,0,1.0,1.0,1.0,1.0,1.0
7,0,0.0,0.0,0.0,0.0,0.0
9,0,0.26015853801707395,0.25,0.1044776119402985,0.2499999999999997,0.2499999999999997
10,0,0.26015853801707395,0.25,0.1044776119402985,0.2499999999999997,0.2499999999999997
11,0,0.26015853801707395,0.25,0.1044776119402985,0.2499999999999997,0.2499999999999997
13,0,1.0,1.0,1.0,1.0,1.0
14,0,0.0,0.0,0.0,0.0,0.0
15,0,0.0,0.0,0.0,0.0,0.0
16,0,0.0,0.0,0.0,0.0,0.0
17,0,0.0,0.0,0.0,0.0,0.0
18,0,0.26015853801707395,0.25,0.1044776119402985,0.2499999999999997,0.2499999999999997
19,0,0.0,0.0,0.0,0.0,0.0
20,0,0.0,0.0,0.0,0.0,0.0
21,0,0.0,0.0,0.0,0.0,0.0
24,0,1.0,1.0,1.0,1.0,1.0
26,0,1.0,1.0,1.0,1.0,1.0
28,0,1.0,1.0,1.0,1.0,1.0
29,0,1.0,1.0,1.0,1.0,1.0
30,0,1.0,1.0,1.0,1.0,1.0
32,0,1.0,1.0,1.0,1.0,1.0
33,0,1.0,1.0,1.0,1.0,1.0
