5,0,1.0,1.0,1.0,1.0,1.0
7,0,1.0,1.0,1.0,1.0,1.0
8,0,1.0,1.0,1.0,1.0,1.0
9,0,1.0,1.0,1.0,1.0,1.0
10,0,0.0668539821265196,0.043478260869565216,0.0019942236281116766,0.04347826086956523,0.04347826086956523
11,0,1.0,1.0,1.0,1.0,1.0
12,0,0.0,0.0,0.0,0.0,0.0
13,0,1.0,1.0,1.0,1.0,1.0
14,0,0.0668539821265196,0.043478260869565216,0.0019942236281116766,0.04347826086956523,0.04347826086956523
15,0,1.0,1.0,1.0,1.0,1.0
16,0,0.18752424745565793,0.13043478260869565,0.006580937972768533,0.13043478260869568,0.13043478260869568
18,0,1.0,1.0,1.0,1.0,1.0
