5,0.5,0.4,0.9024390243902437,0.08695652173913043,0.16,0.0
7,0.5,0.4,0.9024390243902437,0.08695652173913043,0.16,0.0
10,0.5,0.4,0.9024390243902437,0.08695652173913043,0.16,0.0
11,0.5,0.4,0.9024390243902437,0.08695652173913043,0.16,0.0
13,0.5,0.4,0.9024390243902437,0.08695652173913043,0.16,0.0
15,0.0,0.0,0.24390243902439024,0.0,0.0,0.16666666666666666
16,0.0,0.0,0.24390243902439024,0.0,0.0,0.16666666666666666
17,0.0,0.0,0.2926829268292683,0.0,0.0,0.0
19,0.0,0.0,0.24390243902439024,0.0,0.0,0.16666666666666666
21,0.5227272727272727,0.41702882811414954,0.9512195121951219,0.09523809523809523,0.17391304347826086,0.16666666666666677
23,0.0,0.0,0.24390243902439024,0.0,0.0,0.16666666666666666
24,0.0,0.0,0.24390243902439024,0.0,0.0,0.16666666666666666
25,0.0,0.0,0.24390243902439024,0.0,0.0,0.16666666666666666
27,0.0,0.0,0.2926829268292683,0.0,0.0,0.0
29,0.5476190476190476,0.4364357804719848,1.0,0.10526315789473684,0.19047619047619047,0.3333333333333333
31,1.0,1.0,0.8780487804878048,1.0,1.0,0.9583333333333334
32,1.0,1.0,0.8780487804878048,1.0,1.0,0.9583333333333334
33,1.0,1.0,0.8780487804878048,1.0,1.0,0.9583333333333334
35,0.0,0.0,0.2926829268292683,0.0,0.0,0.0
37,0.3770491803278688,0.223606797749979,0.4146341463414634,0.05,0.09523809523809523,0.625
39,0.0,0.0,0.26829268292682923,0.0,0.0,0.08333333333333333
40,0.0,0.0,0.26829268292682923,0.0,0.0,0.08333333333333333
41,0.0,0.0,0.2926829268292683,0.0,0.0,0.0
43,0.0,0.0,0.26829268292682923,0.0,0.0,0.08333333333333333
45,0.3898305084745763,0.2294157338705618,0.4390243902439024,0.05263157894736842,0.1,0.5416666666666667
47,0.0,0.0,0.2195121951219512,0.0,0.0,0.25
48,0.0,0.0,0.2195121951219512,0.0,0.0,0.25
49,0.0,0.0,0.2195121951219512,0.0,0.0,0.25
51,0.0,0.0,0.2926829268292683,0.0,0.0,0.0
53,0.4339622641509434,0.25,0.5121951219512195,0.0625,0.11764705882352941,0.2916666666666667
55,0.0,0.0,0.2195121951219512,0.0,0.0,0.25
56,0.0,0.0,0.2195121951219512,0.0,0.0,0.25
57,0.0,0.0,0.24390243902439024,0.0,0.0,0.16666666666666666
59,0.0,0.0,0.26829268292682923,0.0,0.0,0.08333333333333333
61,0.4893617021276595,0.27735009811261463,0.5853658536585366,0.07692307692307693,0.14285714285714285,0.04166666666666664
63,0.0,0.0,0.1951219512195122,0.0,0.0,0.3333333333333333
64,0.0,0.0,0.1951219512195122,0.0,0.0,0.3333333333333333
65,0.0,0.0,0.24390243902439024,0.0,0.0,0.16666666666666666
67,0.0,0.0,0.24390243902439024,0.0,0.0,0.16666666666666666
69,0.5897435897435898,0.3333333333333334,0.6829268292682926,0.1111111111111111,0.2,0.2916666666666667
71,0.0,0.0,0.24390243902439024,0.0,0.0,0.16666666666666666
72,0.0,0.0,0.24390243902439024,0.0,0.0,0.16666666666666666
73,0.0,0.0,0.26829268292682923,0.0,0.0,0.08333333333333333
75,0.0,0.0,0.26829268292682923,0.0,0.0,0.08333333333333333
77,0.6571428571428571,0.37796447300922725,0.7317073170731707,0.14285714285714285,0.25,0.45833333333333337
79,0.0,0.0,0.24390243902439024,0.0,0.0,0.16666666666666666
80,0.0,0.0,0.24390243902439024,0.0,0.0,0.16666666666666666
81,0.0,0.0,0.2926829268292683,0.0,0.0,0.0
83,0.0,0.0,0.24390243902439024,0.0,0.0,0.16666666666666666
85,0.7419354838709677,0.447213595499958,0.7804878048780488,0.2,0.3333333333333333,0.625
87,0.0,0.0,0.2926829268292683,0.0,0.0,0.0
88,0.0,0.0,0.2926829268292683,0.0,0.0,0.0
89,0.0,0.0,0.2926829268292683,0.0,0.0,0.0
91,0.0,0.0,0.2926829268292683,0.0,0.0,0.0
93,0.7419354838709677,0.447213595499958,0.7804878048780488,0.2,0.3333333333333333,0.625
95,0.0,0.0,0.24390243902439024,0.0,0.0,0.16666666666666666
96,0.0,0.0,0.24390243902439024,0.0,0.0,0.16666666666666666
97,0.0,0.0,0.24390243902439024,0.0,0.0,0.16666666666666666
99,0.0,0.0,0.2926829268292683,0.0,0.0,0.0
101,0.851851851851852,0.5773502691896258,0.8292682926829267,0.3333333333333333,0.5,0.7916666666666667
103,0.851851851851852,0.5773502691896258,0.8292682926829267,0.3333333333333333,0.5,0.7916666666666667
104,0.851851851851852,0.5773502691896258,0.8292682926829267,0.3333333333333333,0.5,0.7916666666666667
105,0.92,0.7071067811865476,0.8536585365853658,0.5,0.6666666666666666,0.8750000000000001
107,0.0,0.0,0.26829268292682923,0.0,0.0,0.08333333333333333
109,0.5,0.4,0.9024390243902437,0.08695652173913043,0.16,0.0
110,0.7419354838709677,0.447213595499958,0.7804878048780488,0.2,0.3333333333333333,0.625
111,0.3770491803278688,0.223606797749979,0.4146341463414634,0.05,0.09523809523809523,0.625
112,0.0,0.0,0.26829268292682923,0.0,0.0,0.08333333333333333
113,0.3898305084745763,0.2294157338705618,0.4390243902439024,0.05263157894736842,0.1,0.5416666666666667
114,0.0,0.0,0.2926829268292683,0.0,0.0,0.0
115,0.3898305084745763,0.2294157338705618,0.4390243902439024,0.05263157894736842,0.1,0.5416666666666667
116,0.0,0.0,0.24390243902439024,0.0,0.0,0.16666666666666666
117,0.4181818181818182,0.24253562503633297,0.4878048780487805,0.058823529411764705,0.1111111111111111,0.375
118,0.0,0.0,0.24390243902439024,0.0,0.0,0.16666666666666666
119,0.45098039215686275,0.25819888974716115,0.5365853658536585,0.06666666666666667,0.125,0.20833333333333343
120,0.0,0.0,0.2926829268292683,0.0,0.0,0.0
121,0.45098039215686275,0.25819888974716115,0.5365853658536585,0.06666666666666667,0.125,0.20833333333333343
122,0.851851851851852,0.5773502691896258,0.8292682926829267,0.3333333333333333,0.5,0.7916666666666667
123,0.0,0.0,0.0,0.0,0.0,1.0
124,0.0,0.0,0.24390243902439024,0.0,0.0,0.16666666666666666
125,0.0,0.0,0.04878048780487804,0.0,0.0,0.8333333333333334
126,0.0,0.0,0.2195121951219512,0.0,0.0,0.25
127,0.0,0.0,0.1219512195121951,0.0,0.0,0.5833333333333334
128,0.0,0.0,0.26829268292682923,0.0,0.0,0.08333333333333333
129,0.0,0.0,0.14634146341463414,0.0,0.0,0.5
130,0.0,0.0,0.26829268292682923,0.0,0.0,0.08333333333333333
131,0.0,0.0,0.17073170731707313,0.0,0.0,0.4166666666666667
132,0.0,0.0,0.2195121951219512,0.0,0.0,0.25
133,0.5,0.4,0.9024390243902437,0.08695652173913043,0.16,0.0
136,0.0,0.0,0.2926829268292683,0.0,0.0,0.0
