4,0.8785714285714284,0.943768551561297,0.9761904761904759,0.8809523809523808,0.889423076923077,0.0
6,0.8785714285714284,0.943768551561297,0.9761904761904759,0.8809523809523808,0.889423076923077,0.0
7,0.8785714285714284,0.943768551561297,0.9761904761904759,0.8809523809523808,0.889423076923077,0.0
9,0.8785714285714284,0.943768551561297,0.9761904761904759,0.8809523809523808,0.889423076923077,0.0
11,1.0,1.0,1.0,1.0,1.0,0.1851851851851854
12,1.0,1.0,1.0,1.0,1.0,0.1851851851851854
13,1.0,1.0,1.0,1.0,1.0,0.1851851851851854
14,1.0,1.0,1.0,1.0,1.0,0.1851851851851854
15,1.0,1.0,1.0,1.0,1.0,0.1851851851851854
16,1.0,1.0,1.0,1.0,1.0,0.1851851851851854
17,1.0,1.0,1.0,1.0,1.0,0.1851851851851854
19,1.0,1.0,1.0,1.0,1.0,0.1851851851851854
20,1.0,1.0,1.0,1.0,1.0,0.1851851851851854
22,1.0,1.0,1.0,1.0,1.0,0.1851851851851854
23,1.0,1.0,1.0,1.0,1.0,0.1851851851851854
25,1.0,1.0,1.0,1.0,1.0,0.1851851851851854
26,1.0,1.0,1.0,1.0,1.0,0.1851851851851854
27,1.0,1.0,1.0,1.0,1.0,0.1851851851851854
28,1.0,1.0,1.0,1.0,1.0,0.1851851851851854
31,1.0,1.0,1.0,1.0,1.0,0.1851851851851854
32,0.0,0.0,0.0,0.0,0.0,1.0
33,0.0,0.0,0.0,0.0,0.0,1.0
35,0.2867132867132864,0.09727490363825952,0.047619047619047575,0.16666666666666663,0.17857142857142846,0.6296296296296297
37,0.8785714285714284,0.943768551561297,0.9761904761904759,0.8809523809523808,0.889423076923077,0.0
39,0.8785714285714284,0.943768551561297,0.9761904761904759,0.8809523809523808,0.889423076923077,0.0
