3,0.2826446280991737,1.0,1.0,1.0,1.0,0.0
5,0.2826446280991737,1.0,1.0,1.0,1.0,0.0
6,0.2826446280991737,1.0,1.0,1.0,1.0,0.0
7,0.0,0.0,0.0,0.0,0.0,0.16071428571428573
8,0.0,0.0,0.0,0.0,0.0,0.16071428571428573
9,0.0,0.0,0.0,0.0,0.0,0.16071428571428573
10,0.0,0.0,0.0,0.0,0.0,0.16071428571428573
11,0.0,0.0,0.0,0.0,0.0,0.16071428571428573
13,0.30406757057123834,0.9778528140121842,0.9484777517564403,0.9485861182519281,0.9802056555269921,0.16071428571428567
14,0.13286713286713306,0.12545520949105116,0.052693208430913345,0.02972777008766726,0.07598493453697615,0.14285714285714282
15,0.13286713286713306,0.12545520949105116,0.052693208430913345,0.02972777008766726,0.07598493453697615,0.14285714285714282
16,0.13286713286713306,0.12545520949105116,0.052693208430913345,0.02972777008766726,0.07598493453697615,0.14285714285714282
17,0.13286713286713306,0.12545520949105116,0.052693208430913345,0.02972777008766726,0.07598493453697615,0.14285714285714282
18,0.13286713286713306,0.12545520949105116,0.052693208430913345,0.02972777008766726,0.07598493453697615,0.14285714285714282
20,0.3290043290043292,0.9218008830734616,0.8442622950819672,0.80775678998547,0.9185495873359492,0.3035714285714286
21,1.0,0.5706368329686068,0.27049180327868855,0.2057441716159915,0.41011975672455947,1.0
22,1.0,0.5706368329686068,0.27049180327868855,0.2057441716159915,0.41011975672455947,1.0
23,1.0,0.5706368329686068,0.27049180327868855,0.2057441716159915,0.41011975672455947,1.0
24,1.0,0.5706368329686068,0.27049180327868855,0.2057441716159915,0.41011975672455947,1.0
25,1.0,0.5706368329686068,0.27049180327868855,0.2057441716159915,0.41011975672455947,1.0
27,0.1475250727919768,0.6296245260733788,0.522248243559719,0.33766822924542567,0.5777634961439588,0.6964285714285714
28,0.1475250727919768,0.6296245260733788,0.522248243559719,0.33766822924542567,0.5777634961439588,0.6964285714285714
30,0.2826446280991737,1.0,1.0,1.0,1.0,0.0
