4,0,1.0,1.0,1.0,1.0,1.0
6,0,1.0,1.0,1.0,1.0,1.0
8,0,1.0,1.0,1.0,1.0,1.0
9,0,1.0,1.0,1.0,1.0,1.0
10,0,0.8401680504168059,0.7058823529411765,0.1411764705882353,0.7058823529411765,0.7058823529411765
11,0,1.0,1.0,1.0,1.0,1.0
12,0,0.42008402520840293,0.17647058823529413,0.012605042016806721,0.17647058823529413,0.17647058823529413
15,0,0.9074852129730302,0.8235294117647058,0.27450980392156865,0.8235294117647058,0.8235294117647058
16,0,0.0,0.0,0.0,0.0,0.0
17,0,0.9074852129730302,0.8235294117647058,0.27450980392156865,0.8235294117647058,0.8235294117647058
18,0,0.0,0.0,0.0,0.0,0.0
19,0,0.9074852129730302,0.8235294117647058,0.27450980392156865,0.8235294117647058,0.8235294117647058
20,0,0.0,0.0,0.0,0.0,0.0
21,0,0.9074852129730302,0.8235294117647058,0.27450980392156865,0.8235294117647058,0.8235294117647058
22,0,0.0,0.0,0.0,0.0,0.0
24,0,0.9074852129730302,0.8235294117647058,0.27450980392156865,0.8235294117647058,0.8235294117647058
26,0,1.0,1.0,1.0,1.0,1.0
