3,0.3,1.0,1.0,1.0,1.0,0.0
6,0.3,1.0,1.0,1.0,1.0,0.0
7,0.3,1.0,1.0,1.0,1.0,0.0
9,0.4615384615384616,0.9138798187494201,0.8031496062992126,0.6806722689075629,0.89769820971867,1.0
10,0.4615384615384616,0.9138798187494201,0.8031496062992126,0.6806722689075629,0.89769820971867,1.0
11,0.4615384615384616,0.9138798187494201,0.8031496062992126,0.6806722689075629,0.89769820971867,1.0
15,0.0,0.1751544726914785,0.14173228346456695,0.0481283422459893,0.17228551499651243,0.9999999999999998
17,0.3,1.0,1.0,1.0,1.0,0.0
19,0.4615384615384616,0.9138798187494201,0.8031496062992126,0.6806722689075629,0.89769820971867,1.0
22,0.4615384615384616,0.9138798187494201,0.8031496062992126,0.6806722689075629,0.89769820971867,1.0
23,0.4615384615384616,0.9138798187494201,0.8031496062992126,0.6806722689075629,0.89769820971867,1.0
24,0.4615384615384616,0.9138798187494201,0.8031496062992126,0.6806722689075629,0.89769820971867,1.0
25,0.4615384615384616,0.9138798187494201,0.8031496062992126,0.6806722689075629,0.89769820971867,1.0
26,0.4615384615384616,0.9138798187494201,0.8031496062992126,0.6806722689075629,0.89769820971867,1.0
27,0.4615384615384616,0.9138798187494201,0.8031496062992126,0.6806722689075629,0.89769820971867,1.0
28,0.4615384615384616,0.9138798187494201,0.8031496062992126,0.6806722689075629,0.89769820971867,1.0
29,0.4615384615384616,0.9138798187494201,0.8031496062992126,0.6806722689075629,0.89769820971867,1.0
30,0.4615384615384616,0.9138798187494201,0.8031496062992126,0.6806722689075629,0.89769820971867,1.0
32,0.3636363636363636,0.26994088683422995,0.15748031496062992,0.05567788612771312,0.1953144894321365,0.11111111111111116
33,0.3636363636363636,0.26994088683422995,0.15748031496062992,0.05567788612771312,0.1953144894321365,0.11111111111111116
34,0.3636363636363636,0.26994088683422995,0.15748031496062992,0.05567788612771312,0.1953144894321365,0.11111111111111116
35,0.3636363636363636,0.26994088683422995,0.15748031496062992,0.05567788612771312,0.1953144894321365,0.11111111111111116
37,0.4615384615384616,0.9138798187494201,0.8031496062992126,0.6806722689075629,0.89769820971867,1.0
39,1.0,0.14174121221498487,0.05511811023622047,0.017825311942959002,0.06951871657754011,0.3333333333333333
40,1.0,0.14174121221498487,0.05511811023622047,0.017825311942959002,0.06951871657754011,0.3333333333333333
41,1.0,0.14174121221498487,0.05511811023622047,0.017825311942959002,0.06951871657754011,0.3333333333333333
42,1.0,0.14174121221498487,0.05511811023622047,0.017825311942959002,0.06951871657754011,0.3333333333333333
44,0.4615384615384616,0.9138798187494201,0.8031496062992126,0.6806722689075629,0.89769820971867,1.0
46,1.0,0.0,0.0,0.0,0.0,0.16666666666666666
47,1.0,0.0,0.0,0.0,0.0,0.16666666666666666
49,0.4615384615384616,0.9138798187494201,0.8031496062992126,0.6806722689075629,0.89769820971867,1.0
51,0.49999999999999994,0.4338284874755276,0.26771653543307083,0.10588235294117648,0.3277310924369748,0.44444444444444436
52,0.49999999999999994,0.4338284874755276,0.26771653543307083,0.10588235294117648,0.3277310924369748,0.44444444444444436
53,0.49999999999999994,0.4338284874755276,0.26771653543307083,0.10588235294117648,0.3277310924369748,0.44444444444444436
54,0.49999999999999994,0.4338284874755276,0.26771653543307083,0.10588235294117648,0.3277310924369748,0.44444444444444436
57,0.4615384615384616,0.9138798187494201,0.8031496062992126,0.6806722689075629,0.89769820971867,1.0
59,0.5483870967741936,0.5046922890336881,0.3228346456692913,0.13636363636363635,0.3939393939393939,0.6111111111111109
60,0.5483870967741936,0.5046922890336881,0.3228346456692913,0.13636363636363635,0.3939393939393939,0.6111111111111109
62,0.4615384615384616,0.9138798187494201,0.8031496062992126,0.6806722689075629,0.89769820971867,1.0
64,0.4400000000000001,0.6456341540117393,0.48031496062992124,0.23796791443850268,0.5624696159455518,0.5555555555555556
65,0.4400000000000001,0.6456341540117393,0.48031496062992124,0.23796791443850268,0.5624696159455518,0.5555555555555556
69,0.4615384615384616,0.9138798187494201,0.8031496062992126,0.6806722689075629,0.89769820971867,1.0
71,0.49999999999999994,0.7552673429466822,0.5905511811023622,0.3497326203208556,0.6888672824501701,0.8888888888888887
