11,0,1.0,1.0,1.0,1.0,1.0
16,0,1.0,1.0,1.0,1.0,1.0
17,0,1.0,1.0,1.0,1.0,1.0
18,0,1.0,1.0,1.0,1.0,1.0
19,0,1.0,1.0,1.0,1.0,1.0
20,0,1.0,1.0,1.0,1.0,1.0
21,0,0.5516218585877981,0.5,0.28,0.5000000000000001,0.5000000000000001
22,0,0.5516218585877981,0.5,0.28,0.5000000000000001,0.5000000000000001
23,0,0.5516218585877981,0.5,0.28,0.5000000000000001,0.5000000000000001
24,0,0.0,0.0,0.0,0.0,0.0
25,0,0.0,0.0,0.0,0.0,0.0
28,0,0.5516218585877981,0.5,0.28,0.5000000000000001,0.5000000000000001
29,0,0.5516218585877981,0.5,0.28,0.5000000000000001,0.5000000000000001
30,0,0.5516218585877981,0.5,0.28,0.5000000000000001,0.5000000000000001
33,0,1.0,1.0,1.0,1.0,1.0
34,0,1.0,1.0,1.0,1.0,1.0
35,0,1.0,1.0,1.0,1.0,1.0
36,0,1.0,1.0,1.0,1.0,1.0
37,0,1.0,1.0,1.0,1.0,1.0
38,0,1.0,1.0,1.0,1.0,1.0
40,0,1.0,1.0,1.0,1.0,1.0
41,0,1.0,1.0,1.0,1.0,1.0
42,0,1.0,1.0,1.0,1.0,1.0
43,0,1.0,1.0,1.0,1.0,1.0
44,0,1.0,1.0,1.0,1.0,1.0
45,0,1.0,1.0,1.0,1.0,1.0
46,0,1.0,1.0,1.0,1.0,1.0
49,0,1.0,1.0,1.0,1.0,1.0
