7,0.0,0.0,0.0,0.0,0.0,0.0
10,0.0,0.0,0.0,0.0,0.0,0.0
12,0.0,0.0,0.0,0.0,0.0,0.0
14,0.0,0.0,0.0,0.0,0.0,0.0
16,0.0,0.0,0.0,0.0,0.0,0.0
17,0.0,0.0,0.0,0.0,0.0,0.0
18,0.0,0.0,0.0,0.0,0.0,0.0
19,0.0,0.0,0.0,0.0,0.0,0.0
24,0.4871794871794902,0.48437217221127515,0.49999999999999534,0.47368421052631504,0.479166666666667,0.5000000000000006
25,0.4871794871794902,0.48437217221127515,0.49999999999999534,0.47368421052631504,0.479166666666667,0.5000000000000006
26,0.4871794871794902,0.48437217221127515,0.49999999999999534,0.47368421052631504,0.479166666666667,0.5000000000000006
27,0.4871794871794902,0.48437217221127515,0.49999999999999534,0.47368421052631504,0.479166666666667,0.5000000000000006
28,0.4871794871794902,0.48437217221127515,0.49999999999999534,0.47368421052631504,0.479166666666667,0.5000000000000006
30,1.0,1.0,1.0,1.0,1.0,1.0
32,0.0,0.0,0.0,0.0,0.0,0.0
33,0.0,0.0,0.0,0.0,0.0,0.0
