3,0.8333333333333333,0.82915619758885,0.5454545454545454,0.6666666666666666,0.6875,0.0
5,0.8333333333333333,0.82915619758885,0.5454545454545454,0.6666666666666666,0.6875,0.0
6,0.8333333333333333,0.82915619758885,0.5454545454545454,0.6666666666666666,0.6875,0.0
7,0.8333333333333333,0.82915619758885,0.5454545454545454,0.6666666666666666,0.6875,0.0
9,0.8333333333333333,0.82915619758885,0.5454545454545454,0.6666666666666666,0.6875,0.0
10,0.8333333333333333,0.82915619758885,0.5454545454545454,0.6666666666666666,0.6875,0.0
11,0.8333333333333333,0.82915619758885,0.5454545454545454,0.6666666666666666,0.6875,0.0
12,0.8333333333333333,0.82915619758885,0.5454545454545454,0.6666666666666666,0.6875,0.0
13,0.8333333333333333,0.82915619758885,0.5454545454545454,0.6666666666666666,0.6875,0.0
14,0.8333333333333333,0.82915619758885,0.5454545454545454,0.6666666666666666,0.6875,0.0
16,0.8928571428571427,0.8864052604279183,0.7272727272727273,0.7692307692307693,0.7857142857142857,0.39999999999999986
17,0.8928571428571427,0.8864052604279183,0.7272727272727273,0.7692307692307693,0.7857142857142857,0.39999999999999986
18,0.8928571428571427,0.8864052604279183,0.7272727272727273,0.7692307692307693,0.7857142857142857,0.39999999999999986
19,0.8928571428571427,0.8864052604279183,0.7272727272727273,0.7692307692307693,0.7857142857142857,0.39999999999999986
21,0.8333333333333333,0.82915619758885,0.5454545454545454,0.6666666666666666,0.6875,0.0
23,1.0,1.0,1.0,1.0,1.0,1.0
24,1.0,1.0,1.0,1.0,1.0,1.0
25,1.0,1.0,1.0,1.0,1.0,1.0
26,1.0,1.0,1.0,1.0,1.0,1.0
29,0.8333333333333333,0.82915619758885,0.5454545454545454,0.6666666666666666,0.6875,0.0
30,0.0,0.0,0.0,0.0,0.0,0.9999999999999999
31,0.8333333333333333,0.82915619758885,0.5454545454545454,0.6666666666666666,0.6875,0.0
