5,1.0,1.0,1.0,1.0,1.0,0
6,1.0,1.0,1.0,1.0,1.0,0
7,1.0,1.0,1.0,1.0,1.0,0
8,0.0,0.0,0.0,0.0,0.0,0
9,0.0,0.0,0.0,0.0,0.0,0
11,1.0,1.0,1.0,1.0,1.0,0
12,1.0,1.0,1.0,1.0,1.0,0
14,1.0,1.0,1.0,1.0,1.0,0
16,1.0,1.0,1.0,1.0,1.0,0
19,1.0,1.0,1.0,1.0,1.0,0
20,1.0,1.0,1.0,1.0,1.0,0
21,1.0,1.0,1.0,1.0,1.0,0
22,1.0,1.0,1.0,1.0,1.0,0
23,1.0,1.0,1.0,1.0,1.0,0
24,1.0,1.0,1.0,1.0,1.0,0
25,1.0,1.0,1.0,1.0,1.0,0
26,1.0,1.0,1.0,1.0,1.0,0
37,1.0,1.0,1.0,1.0,1.0,0
38,1.0,1.0,1.0,1.0,1.0,0
39,1.0,1.0,1.0,1.0,1.0,0
40,1.0,1.0,1.0,1.0,1.0,0
43,1.0,1.0,1.0,1.0,1.0,0
44,1.0,1.0,1.0,1.0,1.0,0
