2,0.0,1.0,1.0,1.0,1.0,0.0
3,0.0,1.0,1.0,1.0,1.0,0.0
5,0.0,1.0,1.0,1.0,1.0,0.0
6,0.0,1.0,1.0,1.0,1.0,0.0
7,0.0,1.0,1.0,1.0,1.0,0.0
8,0.0,1.0,1.0,1.0,1.0,0.0
9,0.0,1.0,1.0,1.0,1.0,0.0
10,0.0,1.0,1.0,1.0,1.0,0.0
12,0.0,1.0,1.0,1.0,1.0,0.0
13,0.0,1.0,1.0,1.0,1.0,0.0
15,0.10200037158605285,0.1274102363838172,0.11320754716981138,0.05075311067452526,0.1237721021611001,0.13432835820895503
16,0.10200037158605285,0.1274102363838172,0.11320754716981138,0.05075311067452526,0.1237721021611001,0.13432835820895503
18,0.0,1.0,1.0,1.0,1.0,0.0
20,1.0,0.3521831269454947,0.15094339622641464,0.15717092337917488,0.33005893909626777,1.0
21,1.0,0.3521831269454947,0.15094339622641464,0.15717092337917488,0.33005893909626777,1.0
23,0.0,1.0,1.0,1.0,1.0,0.0
25,0.07443912512907146,0.0,0.0,0.0,0.0,0.0970149253731343
26,0.07443912512907146,0.0,0.0,0.0,0.0,0.0970149253731343
30,0.0,1.0,1.0,1.0,1.0,0.0
31,0.0,1.0,1.0,1.0,1.0,0.0
32,0.0,1.0,1.0,1.0,1.0,0.0
37,0.0,1.0,1.0,1.0,1.0,0.0
38,0.0,1.0,1.0,1.0,1.0,0.0
39,0.0,1.0,1.0,1.0,1.0,0.0
