3,1.0,1.0,1.0,1.0,1.0,0.0
6,1.0,1.0,1.0,1.0,1.0,0.0
7,1.0,1.0,1.0,1.0,1.0,0.0
8,1.0,1.0,1.0,1.0,1.0,0.0
10,1.0,1.0,1.0,1.0,1.0,0.0
11,1.0,1.0,1.0,1.0,1.0,0.0
12,1.0,1.0,1.0,1.0,1.0,0.0
13,0.7142857142857143,0.5710402407201608,0.4578947368421053,0.43478260869565216,0.5357142857142858,0.5
14,1.0,1.0,1.0,1.0,1.0,0.0
15,0.903225806451613,0.7826237921249264,0.6842105263157895,0.7,0.7777777777777778,0.18750000000000003
16,1.0,1.0,1.0,1.0,1.0,0.0
17,0.2,0.12565617248750865,0.01578947368421053,0.07407407407407407,0.10714285714285714,1.0
18,1.0,1.0,1.0,1.0,1.0,0.0
19,0.38095238095238093,0.2513123449750173,0.13157894736842105,0.16,0.2222222222222222,0.8124999999999999
20,1.0,1.0,1.0,1.0,1.0,0.0
21,1.0,1.0,1.0,1.0,1.0,0.0
22,1.0,1.0,1.0,1.0,1.0,0.0
26,0.0,0.0,0.0,0.0,0.0,0.0
27,0.0,0.0,0.0,0.0,0.0,0.0
