5,0.78125,0.9393364366277245,1.0,0.59375,0.6176470588235294,0.0
6,0.78125,0.9393364366277245,1.0,0.59375,0.6176470588235294,0.0
7,0.78125,0.9393364366277245,1.0,0.59375,0.6176470588235294,0.0
8,0.78125,0.9393364366277245,1.0,0.59375,0.6176470588235294,0.0
9,1.0,1.0,0.8333333333333335,1.0,1.0,0.9333333333333332
10,1.0,1.0,0.8333333333333335,1.0,1.0,0.9333333333333332
12,0.5434782608695652,0.40160966445124946,0.2982456140350877,0.296875,0.31818181818181823,0.9333333333333333
13,0.0,0.0,0.0,0.0,0.0,1.0
14,0.0,0.0,0.0,0.0,0.0,1.0
17,0.78125,0.9393364366277245,1.0,0.59375,0.6176470588235294,0.0
18,0.78125,0.9393364366277245,1.0,0.59375,0.6176470588235294,0.0
19,0.7462686567164178,0.7352146220938078,0.6842105263157895,0.5277777777777778,0.5526315789473685,0.2
20,0.7462686567164178,0.7352146220938078,0.6842105263157895,0.5277777777777778,0.5526315789473685,0.2
23,0.78125,0.9393364366277245,1.0,0.59375,0.6176470588235294,0.0
24,0.78125,0.9393364366277245,1.0,0.59375,0.6176470588235294,0.0
25,0.78125,0.9393364366277245,1.0,0.59375,0.6176470588235294,0.0
26,0.78125,0.9393364366277245,1.0,0.59375,0.6176470588235294,0.0
30,0.78125,0.9393364366277245,1.0,0.59375,0.6176470588235294,0.0
32,0.78125,0.9393364366277245,1.0,0.59375,0.6176470588235294,0.0
