2,0.7777777777777779,0.760885910252682,0.5000000000000001,0.5555555555555555,0.5789473684210525,0.0
5,0.7777777777777779,0.760885910252682,0.5000000000000001,0.5555555555555555,0.5789473684210525,0.0
6,0.7777777777777779,0.760885910252682,0.5000000000000001,0.5555555555555555,0.5789473684210525,0.0
7,0.7777777777777779,0.760885910252682,0.5000000000000001,0.5555555555555555,0.5789473684210525,0.0
9,0.0,0.0,0.375,0.0,0.0,0.125
10,0.0,0.0,0.375,0.0,0.0,0.125
12,0.8000000000000002,0.7817359599705717,0.5625,0.588235294117647,0.611111111111111,0.12500000000000006
14,1.0,1.0,1.0,1.0,1.0,1.0
18,0.0,0.0,0.0,0.0,0.0,0.8750000000000001
20,0.8000000000000002,0.7817359599705717,0.5625,0.588235294117647,0.611111111111111,0.12500000000000006
