4,0,1.0,1.0,1.0,1.0,1.0
6,0,1.0,1.0,1.0,1.0,1.0
7,0,1.0,1.0,1.0,1.0,1.0
8,0,1.0,1.0,1.0,1.0,1.0
10,0,1.0,1.0,1.0,1.0,1.0
13,0,1.0,1.0,1.0,1.0,1.0
15,0,1.0,1.0,1.0,1.0,1.0
16,0,1.0,1.0,1.0,1.0,1.0
17,0,1.0,1.0,1.0,1.0,1.0
18,0,1.0,1.0,1.0,1.0,1.0
19,0,1.0,1.0,1.0,1.0,1.0
20,0,0.9701425001453319,0.9411764705882353,0.9411764705882353,0.9411764705882353,0.9411764705882353
21,0,1.0,1.0,1.0,1.0,1.0
22,0,0.8744746321952062,0.7647058823529411,0.19117647058823528,0.7647058823529411,0.7647058823529411
23,0,1.0,1.0,1.0,1.0,1.0
24,0,0.8744746321952062,0.7647058823529411,0.19117647058823528,0.7647058823529411,0.7647058823529411
25,0,1.0,1.0,1.0,1.0,1.0
26,0,0.7669649888473704,0.5882352941176471,0.08403361344537816,0.5882352941176471,0.5882352941176471
28,0,1.0,1.0,1.0,1.0,1.0
29,0,1.0,1.0,1.0,1.0,1.0
30,0,1.0,1.0,1.0,1.0,1.0
31,0,0.8744746321952062,0.7647058823529411,0.19117647058823528,0.7647058823529411,0.7647058823529411
32,0,1.0,1.0,1.0,1.0,1.0
33,0,0.9701425001453319,0.9411764705882353,0.9411764705882353,0.9411764705882353,0.9411764705882353
34,0,1.0,1.0,1.0,1.0,1.0
35,0,0.0,0.0,0.0,0.0,0.0
37,0,0.0,0.0,0.0,0.0,0.0
38,0,0.0,0.0,0.0,0.0,0.0
39,0,0.0,0.0,0.0,0.0,0.0
40,0,0.0,0.0,0.0,0.0,0.0
42,0,1.0,1.0,1.0,1.0,1.0
48,0,1.0,1.0,1.0,1.0,1.0
50,0,1.0,1.0,1.0,1.0,1.0
51,0,1.0,1.0,1.0,1.0,1.0
52,0,0.0,0.0,0.0,0.0,0.0
53,0,0.0,0.0,0.0,0.0,0.0
55,0,1.0,1.0,1.0,1.0,1.0
56,0,1.0,1.0,1.0,1.0,1.0
57,0,1.0,1.0,1.0,1.0,1.0
60,0,1.0,1.0,1.0,1.0,1.0
63,0,1.0,1.0,1.0,1.0,1.0
64,0,1.0,1.0,1.0,1.0,1.0
66,0,1.0,1.0,1.0,1.0,1.0
67,0,1.0,1.0,1.0,1.0,1.0
71,0,1.0,1.0,1.0,1.0,1.0
72,0,1.0,1.0,1.0,1.0,1.0
