2,0.525058275058275,1.0,1.0,1.0,1.0,0.0
3,0.525058275058275,1.0,1.0,1.0,1.0,0.0
4,0.525058275058275,1.0,1.0,1.0,1.0,0.0
5,0.525058275058275,1.0,1.0,1.0,1.0,0.0
8,0.525058275058275,1.0,1.0,1.0,1.0,0.0
9,1.0,0.38241350790489953,0.10526315789473686,0.49549549549549554,0.5325914149443561,0.9433962264150941
10,1.0,0.38241350790489953,0.10526315789473686,0.49549549549549554,0.5325914149443561,0.9433962264150941
12,0.4548494983277592,0.8477665366420263,0.812280701754386,0.8461538461538463,0.864516129032258,0.9433962264150935
13,0.18815716657443288,0.032462553384468296,0.0035087719298245597,0.033033033033033,0.03812233285917496,0.5471698113207546
14,0.18815716657443288,0.032462553384468296,0.0035087719298245597,0.033033033033033,0.03812233285917496,0.5471698113207546
16,0.491516396560907,0.8104393497780005,0.7263157894736842,0.8660399529964748,0.8823587223587224,0.3962264150943401
17,0.0,0.0,0.0,0.0,0.0,1.0
18,0.0,0.0,0.0,0.0,0.0,1.0
21,0.5859941944847604,0.7985689586348792,0.643859649122807,0.9544807965860599,0.9605170387779084,0.6037735849056601
22,0.5859941944847604,0.7985689586348792,0.643859649122807,0.9544807965860599,0.9605170387779084,0.6037735849056601
