3,0.25757575757575774,0.931078901179385,1.0,0.3636363636363635,0.4,0.0
4,0.25757575757575774,0.931078901179385,1.0,0.3636363636363635,0.4,0.0
5,0.25757575757575774,0.931078901179385,1.0,0.3636363636363635,0.4,0.0
7,0.25757575757575774,0.931078901179385,1.0,0.3636363636363635,0.4,0.0
8,0.25757575757575774,0.931078901179385,1.0,0.3636363636363635,0.4,0.0
10,0.25757575757575774,0.931078901179385,1.0,0.3636363636363635,0.4,0.0
11,0.25757575757575774,0.931078901179385,1.0,0.3636363636363635,0.4,0.0
14,0.25757575757575774,0.931078901179385,1.0,0.3636363636363635,0.4,0.0
15,0.25757575757575774,0.931078901179385,1.0,0.3636363636363635,0.4,0.0
16,0.0,0.0,0.0,0.0,0.0,0.5000000000000003
17,0.0,0.0,0.0,0.0,0.0,0.5000000000000003
18,0.0,0.0,0.0,0.0,0.0,0.5000000000000003
21,0.7351351351351353,0.7162761478396419,0.39999999999999986,0.6666666666666665,0.7000000000000001,0.7000000000000001
22,0.7351351351351353,0.7162761478396419,0.39999999999999986,0.6666666666666665,0.7000000000000001,0.7000000000000001
23,0.7351351351351353,0.7162761478396419,0.39999999999999986,0.6666666666666665,0.7000000000000001,0.7000000000000001
24,0.7351351351351353,0.7162761478396419,0.39999999999999986,0.6666666666666665,0.7000000000000001,0.7000000000000001
25,0.7351351351351353,0.7162761478396419,0.39999999999999986,0.6666666666666665,0.7000000000000001,0.7000000000000001
29,0.25757575757575774,0.931078901179385,1.0,0.3636363636363635,0.4,0.0
30,0.14782608695652175,0.13787560920825276,0.10000000000000016,0.111111111111111,0.1272727272727274,0.20000000000000023
31,0.14782608695652175,0.13787560920825276,0.10000000000000016,0.111111111111111,0.1272727272727274,0.20000000000000023
32,0.14782608695652175,0.13787560920825276,0.10000000000000016,0.111111111111111,0.1272727272727274,0.20000000000000023
35,0.25757575757575774,0.931078901179385,1.0,0.3636363636363635,0.4,0.0
36,0.25757575757575774,0.931078901179385,1.0,0.3636363636363635,0.4,0.0
37,0.0,0.0,0.0,0.0,0.0,0.5000000000000003
38,1.0,1.0,0.5,1.0,1.0,1.0
42,0.25757575757575774,0.931078901179385,1.0,0.3636363636363635,0.4,0.0
44,0.25757575757575774,0.931078901179385,1.0,0.3636363636363635,0.4,0.0
