4,0.5189909297052142,1.0,1.0,1.0,1.0,0.0
7,0.5189909297052142,1.0,1.0,1.0,1.0,0.0
10,0.5189909297052142,1.0,1.0,1.0,1.0,0.0
11,0.5189909297052142,1.0,1.0,1.0,1.0,0.0
12,0.5189909297052142,1.0,1.0,1.0,1.0,0.0
14,0.5189909297052142,1.0,1.0,1.0,1.0,0.0
15,0.5189909297052142,1.0,1.0,1.0,1.0,0.0
17,0.5189909297052142,1.0,1.0,1.0,1.0,0.0
18,0.5189909297052142,1.0,1.0,1.0,1.0,0.0
19,0.5189909297052142,1.0,1.0,1.0,1.0,0.0
22,0.5189909297052142,1.0,1.0,1.0,1.0,0.0
23,1.0,0.16755063076186555,0.10702702702702703,0.16806526806526811,0.20073369253697138,1.0
26,0.0,0.0,0.0,0.0,0.0,1.0
28,0.5189909297052142,1.0,1.0,1.0,1.0,0.0
