2,1.0,1.0,1.0,1.0,1.0,0.0
5,1.0,1.0,1.0,1.0,1.0,0.0
6,1.0,1.0,1.0,1.0,1.0,0.0
7,1.0,1.0,1.0,1.0,1.0,0.0
8,1.0,1.0,1.0,1.0,1.0,0.0
9,1.0,1.0,1.0,1.0,1.0,0.0
11,1.0,1.0,1.0,1.0,1.0,0.0
12,1.0,1.0,1.0,1.0,1.0,0.0
13,0.0,0.0,0.0,0.0,0.0,1.0
14,0.074933095450491,0.0268586355498728,0.02325581395348835,0.04347826086956515,0.04725897920604917,0.8947368421052633
15,1.0,1.0,1.0,1.0,1.0,0.0
17,0.074933095450491,0.0268586355498728,0.02325581395348835,0.04347826086956515,0.04725897920604917,0.8947368421052633
18,0.074933095450491,0.0268586355498728,0.02325581395348835,0.04347826086956515,0.04725897920604917,0.8947368421052633
20,0.074933095450491,0.0268586355498728,0.02325581395348835,0.04347826086956515,0.04725897920604917,0.8947368421052633
23,1.0,1.0,1.0,1.0,1.0,0.0
24,1.0,1.0,1.0,1.0,1.0,0.0
