3,0.12285036490597563,1.0,1.0,1.0,1.0,0.0
6,0.12285036490597563,1.0,1.0,1.0,1.0,0.0
7,0.12285036490597563,1.0,1.0,1.0,1.0,0.0
8,0.12285036490597563,1.0,1.0,1.0,1.0,0.0
9,0.12285036490597563,1.0,1.0,1.0,1.0,0.0
10,0.12285036490597563,1.0,1.0,1.0,1.0,0.0
12,0.12285036490597563,1.0,1.0,1.0,1.0,0.0
14,0.12285036490597563,1.0,1.0,1.0,1.0,0.0
15,0.12285036490597563,1.0,1.0,1.0,1.0,0.0
16,0.12285036490597563,1.0,1.0,1.0,1.0,0.0
17,0.12285036490597563,1.0,1.0,1.0,1.0,0.0
19,0.12285036490597563,1.0,1.0,1.0,1.0,0.0
21,0.12285036490597563,1.0,1.0,1.0,1.0,0.0
22,1.0,0.0,0.0,0.0,0.0,0.613793103448276
23,0.059502305938822254,0.8897401182653448,0.8930949877322117,0.8700749180297839,0.9045195314895443,0.6137931034482758
24,0.0882697500911369,0.560295307853491,0.4987732211706975,0.6008007643659857,0.6804115158051937,0.19999999999999926
26,0.016902515723270527,0.30757826031210583,0.28741675429372593,0.3638928067700986,0.44728490832157974,0.4137931034482759
27,0.12285036490597563,1.0,1.0,1.0,1.0,0.0
29,0.12285036490597563,1.0,1.0,1.0,1.0,0.0
32,0.12285036490597563,1.0,1.0,1.0,1.0,0.0
33,0.12285036490597563,1.0,1.0,1.0,1.0,0.0
34,0.06323776434281682,0.8297355937370597,0.8142306344199087,0.8249533030915257,0.8695669051901503,0.53103448275862
35,0.06323776434281682,0.8297355937370597,0.8142306344199087,0.8249533030915257,0.8695669051901503,0.53103448275862
36,0.06323776434281682,0.8297355937370597,0.8142306344199087,0.8249533030915257,0.8695669051901503,0.53103448275862
37,0.0,0.7158667396544093,0.7076761303890642,0.7061716159036326,0.7727181140439251,1.0
38,0.06323776434281682,0.8297355937370597,0.8142306344199087,0.8249533030915257,0.8695669051901503,0.53103448275862
