2,0,1.0,1.0,1.0,1.0,1.0
5,0,1.0,1.0,1.0,1.0,1.0
6,0,1.0,1.0,1.0,1.0,1.0
7,0,1.0,1.0,1.0,1.0,1.0
8,0,1.0,1.0,1.0,1.0,1.0
9,0,1.0,1.0,1.0,1.0,1.0
10,0,1.0,1.0,1.0,1.0,1.0
11,0,0.9694713793140606,0.9591836734693877,0.4818968279397629,0.9591836734693877,0.9591836734693877
12,0,0.9694713793140606,0.9591836734693877,0.4818968279397629,0.9591836734693877,0.9591836734693877
13,0,0.9694713793140606,0.9591836734693877,0.4818968279397629,0.9591836734693877,0.9591836734693877
14,0,0.9694713793140606,0.9591836734693877,0.4818968279397629,0.9591836734693877,0.9591836734693877
15,0,0.9540223992265765,0.9387755102040817,0.3144291359606963,0.9387755102040817,0.9387755102040817
16,0,0.9540223992265765,0.9387755102040817,0.3144291359606963,0.9387755102040817,0.9387755102040817
18,0,0.9694713793140606,0.9591836734693877,0.4818968279397629,0.9591836734693877,0.9591836734693877
19,0,0.7576942174243384,0.6938775510204082,0.046480828794189896,0.6938775510204082,0.6938775510204082
22,0,1.0,1.0,1.0,1.0,1.0
23,0,0.7576942174243384,0.6938775510204082,0.046480828794189896,0.6938775510204082,0.6938775510204082
25,0,0.0,0.0,0.0,0.0,0.0
26,0,1.0,1.0,1.0,1.0,1.0
