2,0.5215686274509802,0.988340573393289,0.9985250737463127,0.9304322084073416,0.9815548572209318,0.0
4,0.5215686274509802,0.988340573393289,0.9985250737463127,0.9304322084073416,0.9815548572209318,0.0
6,0.5215686274509802,0.988340573393289,0.9985250737463127,0.9304322084073416,0.9815548572209318,0.0
8,0.5215686274509802,0.988340573393289,0.9985250737463127,0.9304322084073416,0.9815548572209318,0.0
9,0.5215686274509802,0.988340573393289,0.9985250737463127,0.9304322084073416,0.9815548572209318,0.0
10,0.2260668973471741,0.24639094645829857,0.16224188790560473,0.05387803433984606,0.18472468916518653,0.9473684210526316
12,0.5215686274509802,0.988340573393289,0.9985250737463127,0.9304322084073416,0.9815548572209318,0.0
13,0.0,0.0,0.0,0.0,0.0,1.0
14,0.5215686274509802,0.988340573393289,0.9985250737463127,0.9304322084073416,0.9815548572209318,0.0
15,0.7399829497016195,0.27526088826803247,0.1430678466076696,0.05144316163410302,0.17748584067830694,0.4736842105263158
17,0.5793103448275861,1.0,1.0,1.0,1.0,0.5263157894736842
18,0.2260668973471741,0.24639094645829857,0.16224188790560473,0.05387803433984606,0.18472468916518653,0.9473684210526316
19,0.5215686274509802,0.988340573393289,0.9985250737463127,0.9304322084073416,0.9815548572209318,0.0
20,0.3759590792838876,0.2660374414109468,0.16371681415929204,0.05625351990642465,0.1917003067979977,0.42105263157894707
22,0.5215686274509802,0.988340573393289,0.9985250737463127,0.9304322084073416,0.9815548572209318,0.0
23,0.33551198257080606,0.07283902134879987,0.025073746312684365,0.008427077165975927,0.03270887094071517,0.3157894736842106
24,0.5215686274509802,0.988340573393289,0.9985250737463127,0.9304322084073416,0.9815548572209318,0.0
25,1.0,0.2649055508143728,0.12094395280235988,0.044138543516873886,0.15521246071867745,0.8421052631578948
27,0.5046543870073281,0.969802537011168,0.9749262536873157,0.8512988454706927,0.9579450744637246,0.15789473684210542
28,0.47863247863247843,0.4081297254188932,0.28023598820059,0.10652393068023618,0.321745749809693,0.15789473684210542
31,0.5215686274509802,0.988340573393289,0.9985250737463127,0.9304322084073416,0.9815548572209318,0.0
32,0.67379679144385,0.23863418658055205,0.11946902654867257,0.04200060650695316,0.14853044673078858,0.3157894736842104
33,0.67379679144385,0.23863418658055205,0.11946902654867257,0.04200060650695316,0.14853044673078858,0.3157894736842104
35,0.47863247863247843,0.7883789664836003,0.7197640117994101,0.41910894020130257,0.7416490001718903,0.31578947368421084
36,0.47863247863247843,0.7883789664836003,0.7197640117994101,0.41910894020130257,0.7416490001718903,0.31578947368421084
37,0.47863247863247843,0.7883789664836003,0.7197640117994101,0.41910894020130257,0.7416490001718903,0.31578947368421084
