8,0.6715875962954533,0.9791732221632174,0.9739130434782609,0.9192994911844753,0.9733759318423856,0.07053941908713704
10,0.6715875962954533,0.9791732221632174,0.9739130434782609,0.9192994911844753,0.9733759318423856,0.07053941908713704
13,0.0,0.0,0.0217391304347826,0.006297170903366216,0.01993288725460647,1.0
17,0.0,0.0,0.0217391304347826,0.006297170903366216,0.01993288725460647,1.0
19,0.0,0.0,0.0217391304347826,0.006297170903366216,0.01993288725460647,1.0
20,0.0,0.0,0.0217391304347826,0.006297170903366216,0.01993288725460647,1.0
22,0.0,0.0,0.0217391304347826,0.006297170903366216,0.01993288725460647,1.0
23,0.0,0.0,0.0217391304347826,0.006297170903366216,0.01993288725460647,1.0
24,0.0,0.0,0.0217391304347826,0.006297170903366216,0.01993288725460647,1.0
27,0.0,0.0,0.0217391304347826,0.006297170903366216,0.01993288725460647,1.0
28,0.0,0.0,0.0217391304347826,0.006297170903366216,0.01993288725460647,1.0
30,0.0,0.0,0.0217391304347826,0.006297170903366216,0.01993288725460647,1.0
31,0.0,0.0,0.0217391304347826,0.006297170903366216,0.01993288725460647,1.0
33,0.0,0.0,0.0217391304347826,0.006297170903366216,0.01993288725460647,1.0
35,0.0,0.0,0.0217391304347826,0.006297170903366216,0.01993288725460647,1.0
38,0.0,0.0,0.0217391304347826,0.006297170903366216,0.01993288725460647,1.0
39,0.0,0.0,0.0217391304347826,0.006297170903366216,0.01993288725460647,1.0
41,0.0,0.0,0.0217391304347826,0.006297170903366216,0.01993288725460647,1.0
43,0.0,0.0,0.0217391304347826,0.006297170903366216,0.01993288725460647,1.0
46,0.0,0.0,0.0217391304347826,0.006297170903366216,0.01993288725460647,1.0
47,0.0,0.0,0.0217391304347826,0.006297170903366216,0.01993288725460647,1.0
49,0.0,0.0,0.0217391304347826,0.006297170903366216,0.01993288725460647,1.0
51,0.0,0.0,0.0217391304347826,0.006297170903366216,0.01993288725460647,1.0
54,0.0,0.0,0.0217391304347826,0.006297170903366216,0.01993288725460647,1.0
55,0.0,0.0,0.0217391304347826,0.006297170903366216,0.01993288725460647,1.0
57,0.0,0.0,0.0217391304347826,0.006297170903366216,0.01993288725460647,1.0
59,0.0,0.0,0.0217391304347826,0.006297170903366216,0.01993288725460647,1.0
62,0.0,0.0,0.0217391304347826,0.006297170903366216,0.01993288725460647,1.0
64,0.0,0.0,0.0217391304347826,0.006297170903366216,0.01993288725460647,1.0
66,0.17337292372504967,0.000428865148030728,0.0,0.0,0.0,0.5103734439834026
67,0.17337292372504967,0.000428865148030728,0.0,0.0,0.0,0.5103734439834026
70,0.17337292372504967,0.000428865148030728,0.0,0.0,0.0,0.5103734439834026
73,0.17337292372504967,0.000428865148030728,0.0,0.0,0.0,0.5103734439834026
76,1.0,0.9559485505229706,0.8289855072463768,0.891640042598509,0.9635151658580838,1.0
80,1.0,0.9559485505229706,0.8289855072463768,0.891640042598509,0.9635151658580838,1.0
81,1.0,0.9559485505229706,0.8289855072463768,0.891640042598509,0.9635151658580838,1.0
82,1.0,0.9559485505229706,0.8289855072463768,0.891640042598509,0.9635151658580838,1.0
83,1.0,0.9559485505229706,0.8289855072463768,0.891640042598509,0.9635151658580838,1.0
84,1.0,0.9559485505229706,0.8289855072463768,0.891640042598509,0.9635151658580838,1.0
85,1.0,0.9559485505229706,0.8289855072463768,0.891640042598509,0.9635151658580838,1.0
86,1.0,0.9559485505229706,0.8289855072463768,0.891640042598509,0.9635151658580838,1.0
87,1.0,0.9559485505229706,0.8289855072463768,0.891640042598509,0.9635151658580838,1.0
88,1.0,0.9559485505229706,0.8289855072463768,0.891640042598509,0.9635151658580838,1.0
89,1.0,0.9559485505229706,0.8289855072463768,0.891640042598509,0.9635151658580838,1.0
90,1.0,0.9559485505229706,0.8289855072463768,0.891640042598509,0.9635151658580838,1.0
91,1.0,0.9559485505229706,0.8289855072463768,0.891640042598509,0.9635151658580838,1.0
92,1.0,0.9559485505229706,0.8289855072463768,0.891640042598509,0.9635151658580838,1.0
93,1.0,0.9559485505229706,0.8289855072463768,0.891640042598509,0.9635151658580838,1.0
94,1.0,0.9559485505229706,0.8289855072463768,0.891640042598509,0.9635151658580838,1.0
96,1.0,0.9559485505229706,0.8289855072463768,0.891640042598509,0.9635151658580838,1.0
97,1.0,0.9559485505229706,0.8289855072463768,0.891640042598509,0.9635151658580838,1.0
100,1.0,0.9559485505229706,0.8289855072463768,0.891640042598509,0.9635151658580838,1.0
101,1.0,0.9559485505229706,0.8289855072463768,0.891640042598509,0.9635151658580838,1.0
103,1.0,0.9559485505229706,0.8289855072463768,0.891640042598509,0.9635151658580838,1.0
104,1.0,0.9559485505229706,0.8289855072463768,0.891640042598509,0.9635151658580838,1.0
106,1.0,0.9559485505229706,0.8289855072463768,0.891640042598509,0.9635151658580838,1.0
108,1.0,0.9559485505229706,0.8289855072463768,0.891640042598509,0.9635151658580838,1.0
111,1.0,0.9559485505229706,0.8289855072463768,0.891640042598509,0.9635151658580838,1.0
112,1.0,0.9559485505229706,0.8289855072463768,0.891640042598509,0.9635151658580838,1.0
114,1.0,0.9559485505229706,0.8289855072463768,0.891640042598509,0.9635151658580838,1.0
116,1.0,0.9559485505229706,0.8289855072463768,0.891640042598509,0.9635151658580838,1.0
119,1.0,0.9559485505229706,0.8289855072463768,0.891640042598509,0.9635151658580838,1.0
120,1.0,0.9559485505229706,0.8289855072463768,0.891640042598509,0.9635151658580838,1.0
122,1.0,0.9559485505229706,0.8289855072463768,0.891640042598509,0.9635151658580838,1.0
123,1.0,0.9559485505229706,0.8289855072463768,0.891640042598509,0.9635151658580838,1.0
125,1.0,0.9559485505229706,0.8289855072463768,0.891640042598509,0.9635151658580838,1.0
128,1.0,0.9559485505229706,0.8289855072463768,0.891640042598509,0.9635151658580838,1.0
131,1.0,0.9559485505229706,0.8289855072463768,0.891640042598509,0.9635151658580838,1.0
132,1.0,0.9559485505229706,0.8289855072463768,0.891640042598509,0.9635151658580838,1.0
134,1.0,0.9559485505229706,0.8289855072463768,0.891640042598509,0.9635151658580838,1.0
136,1.0,0.9559485505229706,0.8289855072463768,0.891640042598509,0.9635151658580838,1.0
139,1.0,0.9559485505229706,0.8289855072463768,0.891640042598509,0.9635151658580838,1.0
141,1.0,0.9559485505229706,0.8289855072463768,0.891640042598509,0.9635151658580838,1.0
143,1.0,0.9559485505229706,0.8289855072463768,0.891640042598509,0.9635151658580838,1.0
144,1.0,0.9559485505229706,0.8289855072463768,0.891640042598509,0.9635151658580838,1.0
147,1.0,0.9559485505229706,0.8289855072463768,0.891640042598509,0.9635151658580838,1.0
150,1.0,0.9559485505229706,0.8289855072463768,0.891640042598509,0.9635151658580838,1.0
153,0.6869281045751634,1.0,1.0,1.0,1.0,0.0
157,0.6869281045751634,1.0,1.0,1.0,1.0,0.0
159,0.6869281045751634,1.0,1.0,1.0,1.0,0.0
160,0.6869281045751634,1.0,1.0,1.0,1.0,0.0
162,0.6869281045751634,1.0,1.0,1.0,1.0,0.0
165,0.6869281045751634,1.0,1.0,1.0,1.0,0.0
167,0.6869281045751634,1.0,1.0,1.0,1.0,0.0
169,0.6869281045751634,1.0,1.0,1.0,1.0,0.0
171,0.6869281045751634,1.0,1.0,1.0,1.0,0.0
172,0.0,0.0,0.0217391304347826,0.006297170903366216,0.01993288725460647,1.0
174,1.0,0.9559485505229706,0.8289855072463768,0.891640042598509,0.9635151658580838,1.0
177,0.6869281045751634,1.0,1.0,1.0,1.0,0.0
178,0.6869281045751634,1.0,1.0,1.0,1.0,0.0
179,0.6869281045751634,1.0,1.0,1.0,1.0,0.0
181,0.6869281045751634,1.0,1.0,1.0,1.0,0.0
184,0.6869281045751634,1.0,1.0,1.0,1.0,0.0
187,0.6869281045751634,1.0,1.0,1.0,1.0,0.0
