8,0.38888888888888873,1.0,1.0,1.0,1.0,0.0
9,0.38888888888888873,1.0,1.0,1.0,1.0,0.0
11,0.38888888888888873,1.0,1.0,1.0,1.0,0.0
12,0.38888888888888873,1.0,1.0,1.0,1.0,0.0
13,0.38888888888888873,1.0,1.0,1.0,1.0,0.0
14,0.38888888888888873,1.0,1.0,1.0,1.0,0.0
15,0.38888888888888873,1.0,1.0,1.0,1.0,0.0
17,0.38888888888888873,1.0,1.0,1.0,1.0,0.0
18,0.38888888888888873,1.0,1.0,1.0,1.0,0.0
19,0.38888888888888873,1.0,1.0,1.0,1.0,0.0
22,0.38888888888888873,1.0,1.0,1.0,1.0,0.0
23,0.38888888888888873,1.0,1.0,1.0,1.0,0.0
24,0.38888888888888873,1.0,1.0,1.0,1.0,0.0
25,0.38888888888888873,1.0,1.0,1.0,1.0,0.0
26,0.38888888888888873,1.0,1.0,1.0,1.0,0.0
28,0.38888888888888873,1.0,1.0,1.0,1.0,0.0
30,0.38888888888888873,1.0,1.0,1.0,1.0,0.0
32,0.38888888888888873,1.0,1.0,1.0,1.0,0.0
34,0.38888888888888873,1.0,1.0,1.0,1.0,0.0
37,0.38888888888888873,1.0,1.0,1.0,1.0,0.0
38,0.38888888888888873,1.0,1.0,1.0,1.0,0.0
40,0.20289855072463778,0.7108362467601798,0.7272727272727273,0.4696969696969696,0.7045454545454546,0.5000000000000003
42,0.38888888888888873,1.0,1.0,1.0,1.0,0.0
44,0.0,0.4072111264027278,0.4545454545454546,0.2045454545454545,0.40909090909090917,1.0
45,0.0,0.4072111264027278,0.4545454545454546,0.2045454545454545,0.40909090909090917,1.0
46,0.0,0.4072111264027278,0.4545454545454546,0.2045454545454545,0.40909090909090917,1.0
47,0.0,0.4072111264027278,0.4545454545454546,0.2045454545454545,0.40909090909090917,1.0
49,1.0,0.0,0.0,0.0,0.0,1.0
51,0.38888888888888873,1.0,1.0,1.0,1.0,0.0
52,0.38888888888888873,1.0,1.0,1.0,1.0,0.0
54,0.38888888888888873,1.0,1.0,1.0,1.0,0.0
55,0.0,0.4072111264027278,0.4545454545454546,0.2045454545454545,0.40909090909090917,1.0
57,0.38888888888888873,1.0,1.0,1.0,1.0,0.0
