3,0.41666666666666635,1.0,1.0,1.0,1.0,0.0
6,0.41666666666666635,1.0,1.0,1.0,1.0,0.0
7,0.41666666666666635,1.0,1.0,1.0,1.0,0.0
9,1.0,0.4863715482129002,0.28,0.3333333333333333,0.4666666666666668,1.0
10,1.0,0.4863715482129002,0.28,0.3333333333333333,0.4666666666666668,1.0
11,1.0,0.4863715482129002,0.28,0.3333333333333333,0.4666666666666668,1.0
12,1.0,0.4863715482129002,0.28,0.3333333333333333,0.4666666666666668,1.0
13,1.0,0.4863715482129002,0.28,0.3333333333333333,0.4666666666666668,1.0
15,1.0,0.4863715482129002,0.28,0.3333333333333333,0.4666666666666668,1.0
17,1.0,0.4863715482129002,0.28,0.3333333333333333,0.4666666666666668,1.0
19,0.9999999999999993,0.18165011287851804,0.02666666666666663,0.06666666666666671,0.11111111111111108,0.6666666666666665
20,0.9999999999999993,0.18165011287851804,0.02666666666666663,0.06666666666666671,0.11111111111111108,0.6666666666666665
21,0.9999999999999993,0.18165011287851804,0.02666666666666663,0.06666666666666671,0.11111111111111108,0.6666666666666665
22,0.9999999999999993,0.18165011287851804,0.02666666666666663,0.06666666666666671,0.11111111111111108,0.6666666666666665
23,0.9999999999999993,0.18165011287851804,0.02666666666666663,0.06666666666666671,0.11111111111111108,0.6666666666666665
25,0.9999999999999993,0.18165011287851804,0.02666666666666663,0.06666666666666671,0.11111111111111108,0.6666666666666665
27,0.41666666666666635,0.0810729316048929,0.013333333333333345,0.03030303030303033,0.05185185185185184,0.0
29,0.41666666666666635,0.0810729316048929,0.013333333333333345,0.03030303030303033,0.05185185185185184,0.0
30,0.41666666666666635,0.0810729316048929,0.013333333333333345,0.03030303030303033,0.05185185185185184,0.0
34,0.41666666666666635,0.0810729316048929,0.013333333333333345,0.03030303030303033,0.05185185185185184,0.0
35,0.41666666666666635,0.0810729316048929,0.013333333333333345,0.03030303030303033,0.05185185185185184,0.0
37,0.41666666666666635,0.0810729316048929,0.013333333333333345,0.03030303030303033,0.05185185185185184,0.0
38,0.41666666666666635,0.0810729316048929,0.013333333333333345,0.03030303030303033,0.05185185185185184,0.0
43,0.0,0.2638965040772321,0.24000000000000005,0.16666666666666669,0.25925925925925924,0.9999999999999997
44,0.0,0.2638965040772321,0.24000000000000005,0.16666666666666669,0.25925925925925924,0.9999999999999997
45,0.0,0.2638965040772321,0.24000000000000005,0.16666666666666669,0.25925925925925924,0.9999999999999997
46,0.0,0.2638965040772321,0.24000000000000005,0.16666666666666669,0.25925925925925924,0.9999999999999997
48,0.3225806451612901,0.20960882550275287,0.13333333333333328,0.12121212121212122,0.19444444444444448,0.16666666666666638
50,0.3225806451612901,0.20960882550275287,0.13333333333333328,0.12121212121212122,0.19444444444444448,0.16666666666666638
51,0.3225806451612901,0.20960882550275287,0.13333333333333328,0.12121212121212122,0.19444444444444448,0.16666666666666638
53,0.3225806451612901,0.20960882550275287,0.13333333333333328,0.12121212121212122,0.19444444444444448,0.16666666666666638
55,0.3225806451612901,0.20960882550275287,0.13333333333333328,0.12121212121212122,0.19444444444444448,0.16666666666666638
56,0.3225806451612901,0.20960882550275287,0.13333333333333328,0.12121212121212122,0.19444444444444448,0.16666666666666638
60,0.0,0.0,0.0,0.0,0.0,0.6666666666666665
61,0.0,0.0,0.0,0.0,0.0,0.6666666666666665
63,0.3225806451612901,0.20960882550275287,0.13333333333333328,0.12121212121212122,0.19444444444444448,0.16666666666666638
66,0.41666666666666635,1.0,1.0,1.0,1.0,0.0
