8,0.5138888888888887,1.0,1.0,0.4848484848484849,0.49275362318840576,0.0
11,0.5138888888888887,1.0,1.0,0.4848484848484849,0.49275362318840576,0.0
12,1.0,0.6362297418967748,0.5294117647058825,1.0,1.0,0.6363636363636365
14,0.5138888888888887,1.0,1.0,0.4848484848484849,0.49275362318840576,0.0
15,0.5138888888888887,1.0,1.0,0.4848484848484849,0.49275362318840576,0.0
17,0.5138888888888887,1.0,1.0,0.4848484848484849,0.49275362318840576,0.0
18,0.2517006802721084,0.14169959883804098,0.1764705882352941,0.19047619047619044,0.19540229885057472,0.4545454545454546
19,1.0,0.6362297418967748,0.5294117647058825,1.0,1.0,0.6363636363636365
22,0.0,0.0,0.0,0.0,0.0,1.0
25,0.5138888888888887,1.0,1.0,0.4848484848484849,0.49275362318840576,0.0
28,0.5138888888888887,1.0,1.0,0.4848484848484849,0.49275362318840576,0.0
29,0.5138888888888887,1.0,1.0,0.4848484848484849,0.49275362318840576,0.0
31,0.5138888888888887,1.0,1.0,0.4848484848484849,0.49275362318840576,0.0
33,0.5138888888888887,1.0,1.0,0.4848484848484849,0.49275362318840576,0.0
