3,0,1.0,1.0,1.0,1.0,1.0
5,0,1.0,1.0,1.0,1.0,1.0
6,0,1.0,1.0,1.0,1.0,1.0
7,0,1.0,1.0,1.0,1.0,1.0
8,0,1.0,1.0,1.0,1.0,1.0
9,0,1.0,1.0,1.0,1.0,1.0
10,0,0.9181112384404561,0.9047619047619048,0.4631391200951248,0.9047619047619047,0.9047619047619047
11,0,0.9181112384404561,0.9047619047619048,0.4631391200951248,0.9047619047619047,0.9047619047619047
12,0,0.9181112384404561,0.9047619047619048,0.4631391200951248,0.9047619047619047,0.9047619047619047
13,0,0.9181112384404561,0.9047619047619048,0.4631391200951248,0.9047619047619047,0.9047619047619047
14,0,0.9181112384404561,0.9047619047619048,0.4631391200951248,0.9047619047619047,0.9047619047619047
15,0,0.9181112384404561,0.9047619047619048,0.4631391200951248,0.9047619047619047,0.9047619047619047
16,0,0.9181112384404561,0.9047619047619048,0.4631391200951248,0.9047619047619047,0.9047619047619047
17,0,0.9181112384404561,0.9047619047619048,0.4631391200951248,0.9047619047619047,0.9047619047619047
18,0,0.9181112384404561,0.9047619047619048,0.4631391200951248,0.9047619047619047,0.9047619047619047
19,0,0.9181112384404561,0.9047619047619048,0.4631391200951248,0.9047619047619047,0.9047619047619047
20,0,0.9181112384404561,0.9047619047619048,0.4631391200951248,0.9047619047619047,0.9047619047619047
21,0,0.9181112384404561,0.9047619047619048,0.4631391200951248,0.9047619047619047,0.9047619047619047
22,0,0.9181112384404561,0.9047619047619048,0.4631391200951248,0.9047619047619047,0.9047619047619047
23,0,0.9181112384404561,0.9047619047619048,0.4631391200951248,0.9047619047619047,0.9047619047619047
24,0,0.9181112384404561,0.9047619047619048,0.4631391200951248,0.9047619047619047,0.9047619047619047
25,0,0.9181112384404561,0.9047619047619048,0.4631391200951248,0.9047619047619047,0.9047619047619047
26,0,0.9181112384404561,0.9047619047619048,0.4631391200951248,0.9047619047619047,0.9047619047619047
27,0,0.0,0.0,0.0,0.0,0.0
32,0,0.9181112384404561,0.9047619047619048,0.4631391200951248,0.9047619047619047,0.9047619047619047
33,0,0.0,0.0,0.0,0.0,0.0
35,0,1.0,1.0,1.0,1.0,1.0
36,0,1.0,1.0,1.0,1.0,1.0
