3,0.0,0.0,0.0,0.0,0.0,0.0
6,0.0,0.0,0.0,0.0,0.0,0.0
7,0.0,0.0,0.0,0.0,0.0,0.0
8,0.0,0.0,0.0,0.0,0.0,0.0
10,0.0,0.0,0.0,0.0,0.0,0.0
12,0.0,0.0,0.0,0.0,0.0,0.0
13,0.0,0.0,0.0,0.0,0.0,0.0
15,0.0,0.0,0.0,0.0,0.0,0.0
19,0.0,0.0,0.0,0.0,0.0,0.0
20,0.12832929782082292,0.12309716480906999,0.14285714285714285,0.11330049261083744,0.11688311688311707,0.14285714285714285
22,0.12832929782082292,0.12309716480906999,0.14285714285714285,0.11330049261083744,0.11688311688311707,0.14285714285714285
24,0.12832929782082292,0.12309716480906999,0.14285714285714285,0.11330049261083744,0.11688311688311707,0.14285714285714285
25,1.0,1.0,1.0,1.0,1.0,1.0
28,0.12832929782082292,0.12309716480906999,0.14285714285714285,0.11330049261083744,0.11688311688311707,0.14285714285714285
29,0.12832929782082292,0.12309716480906999,0.14285714285714285,0.11330049261083744,0.11688311688311707,0.14285714285714285
31,0.12832929782082292,0.12309716480906999,0.14285714285714285,0.11330049261083744,0.11688311688311707,0.14285714285714285
32,0.12832929782082292,0.12309716480906999,0.14285714285714285,0.11330049261083744,0.11688311688311707,0.14285714285714285
34,0.12832929782082292,0.12309716480906999,0.14285714285714285,0.11330049261083744,0.11688311688311707,0.14285714285714285
35,0.12832929782082292,0.12309716480906999,0.14285714285714285,0.11330049261083744,0.11688311688311707,0.14285714285714285
39,0.0,0.0,0.0,0.0,0.0,0.0
41,0.0,0.0,0.0,0.0,0.0,0.0
43,0.0,0.0,0.0,0.0,0.0,0.0
44,0.0,0.0,0.0,0.0,0.0,0.0
46,0.0,0.0,0.0,0.0,0.0,0.0
48,0.0,0.0,0.0,0.0,0.0,0.0
49,0.0,0.0,0.0,0.0,0.0,0.0
50,0.0,0.0,0.0,0.0,0.0,0.0
51,0.0,0.0,0.0,0.0,0.0,0.0
52,0.0,0.0,0.0,0.0,0.0,0.0
53,0.0,0.0,0.0,0.0,0.0,0.0
55,0.0,0.0,0.0,0.0,0.0,0.0
58,0.0,0.0,0.0,0.0,0.0,0.0
60,0.0,0.0,0.0,0.0,0.0,0.0
