2,0,1.0,1.0,1.0,1.0,1.0
5,0,1.0,1.0,1.0,1.0,1.0
6,0,1.0,1.0,1.0,1.0,1.0
8,0,0.8779054532201321,0.8222222222222222,0.10300668151447663,0.8222222222222222,0.8222222222222222
10,0,0.8779054532201321,0.8222222222222222,0.10300668151447663,0.8222222222222222,0.8222222222222222
11,0,0.8779054532201321,0.8222222222222222,0.10300668151447663,0.8222222222222222,0.8222222222222222
12,0,0.8779054532201321,0.8222222222222222,0.10300668151447663,0.8222222222222222,0.8222222222222222
14,0,0.08473285369172054,0.044444444444444446,0.001035893717304605,0.04444444444444445,0.04444444444444445
15,0,0.0,0.0,0.0,0.0,0.0
16,0,0.08473285369172054,0.044444444444444446,0.001035893717304605,0.04444444444444445,0.04444444444444445
18,0,0.7611193240263296,0.6666666666666666,0.044543429844098,0.6666666666666666,0.6666666666666666
20,0,0.7611193240263296,0.6666666666666666,0.044543429844098,0.6666666666666666,0.6666666666666666
21,0,0.48531702127015575,0.35555555555555557,0.012287842715613242,0.3555555555555555,0.3555555555555555
22,0,0.7611193240263296,0.6666666666666666,0.044543429844098,0.6666666666666666,0.6666666666666666
23,0,0.7611193240263296,0.6666666666666666,0.044543429844098,0.6666666666666666,0.6666666666666666
24,0,0.3902870140150555,0.26666666666666666,0.008098805426199635,0.26666666666666666,0.26666666666666666
25,0,0.7611193240263296,0.6666666666666666,0.044543429844098,0.6666666666666666,0.6666666666666666
30,0,0.1225148226554414,0.06666666666666667,0.001590836780146357,0.06666666666666667,0.06666666666666667
31,0,0.04414100777552297,0.022222222222222223,0.0005061753391374772,0.02222222222222221,0.02222222222222221
32,0,0.1225148226554414,0.06666666666666667,0.001590836780146357,0.06666666666666667,0.06666666666666667
34,0,1.0,1.0,1.0,1.0,1.0
