5,0.6190476190476191,1.0,1.0,0.8333333333333334,0.8653846153846155,0.0
9,0.6190476190476191,1.0,1.0,0.8333333333333334,0.8653846153846155,0.0
11,0.6190476190476191,1.0,1.0,0.8333333333333334,0.8653846153846155,0.0
12,0.6190476190476191,1.0,1.0,0.8333333333333334,0.8653846153846155,0.0
13,0.6190476190476191,1.0,1.0,0.8333333333333334,0.8653846153846155,0.0
14,0.6190476190476191,1.0,1.0,0.8333333333333334,0.8653846153846155,0.0
15,0.6190476190476191,1.0,1.0,0.8333333333333334,0.8653846153846155,0.0
16,0.6190476190476191,1.0,1.0,0.8333333333333334,0.8653846153846155,0.0
17,0.6190476190476191,1.0,1.0,0.8333333333333334,0.8653846153846155,0.0
20,0.6190476190476191,1.0,1.0,0.8333333333333334,0.8653846153846155,0.0
21,0.697986577181208,0.9893551078413475,0.8478260869565217,1.0,1.0,1.0
22,0.697986577181208,0.9893551078413475,0.8478260869565217,1.0,1.0,1.0
24,0.6190476190476191,1.0,1.0,0.8333333333333334,0.8653846153846155,0.0
25,0.5454545454545454,0.7018771822387222,0.576086956521739,0.5833333333333334,0.6428571428571429,0.8947368421052629
26,0.5454545454545454,0.7018771822387222,0.576086956521739,0.5833333333333334,0.6428571428571429,0.8947368421052629
28,0.6190476190476191,1.0,1.0,0.8333333333333334,0.8653846153846155,0.0
29,0.6190476190476191,1.0,1.0,0.8333333333333334,0.8653846153846155,0.0
30,0.6190476190476191,1.0,1.0,0.8333333333333334,0.8653846153846155,0.0
32,0.6190476190476191,1.0,1.0,0.8333333333333334,0.8653846153846155,0.0
33,0.6190476190476191,1.0,1.0,0.8333333333333334,0.8653846153846155,0.0
34,0.6190476190476191,1.0,1.0,0.8333333333333334,0.8653846153846155,0.0
36,0.6153846153846153,0.8901578244226989,0.8043478260869565,0.7777777777777778,0.8181818181818182,0.052631578947368224
40,0.6341463414634146,0.45607017003965516,0.22826086956521738,0.4375,0.5,0.052631578947368536
41,0.6341463414634146,0.45607017003965516,0.22826086956521738,0.4375,0.5,0.052631578947368536
43,1.0,0.7211102550927978,0.2608695652173913,0.7000000000000001,0.75,0.8421052631578947
45,0.6341463414634146,0.45607017003965516,0.22826086956521738,0.4375,0.5,0.052631578947368536
47,0.0,0.0,0.0,0.0,0.0,0.7894736842105262
49,0.6341463414634146,0.45607017003965516,0.22826086956521738,0.4375,0.5,0.052631578947368536
50,0.6341463414634146,0.45607017003965516,0.22826086956521738,0.4375,0.5,0.052631578947368536
52,0.7222222222222222,0.5099019513592784,0.2391304347826087,0.5,0.5625,0.31578947368421056
54,0.6341463414634146,0.45607017003965516,0.22826086956521738,0.4375,0.5,0.052631578947368536
56,1.0,0.7211102550927978,0.2608695652173913,0.7000000000000001,0.75,0.8421052631578947
58,0.6341463414634146,0.45607017003965516,0.22826086956521738,0.4375,0.5,0.052631578947368536
61,0.6190476190476191,1.0,1.0,0.8333333333333334,0.8653846153846155,0.0
