30,0,1.0,1.0,1.0,1.0,1.0
31,0,1.0,1.0,1.0,1.0,1.0
33,0,1.0,1.0,1.0,1.0,1.0
34,0,1.0,1.0,1.0,1.0,1.0
35,0,1.0,1.0,1.0,1.0,1.0
36,0,0.9239933044586515,0.9032258064516129,0.30397236614853196,0.9032258064516127,0.9032258064516127
39,0,1.0,1.0,1.0,1.0,1.0
40,0,0.0,0.0,0.0,0.0,0.0
42,0,0.8717667537615665,0.8387096774193549,0.16935603256846782,0.8387096774193546,0.8387096774193546
47,0,1.0,1.0,1.0,1.0,1.0
48,0,0.04495365706486971,0.03225806451612903,0.001085615593387614,0.032258064516129004,0.032258064516129004
49,0,0.6181838845515679,0.5483870967741935,0.03954742518769166,0.5483870967741934,0.5483870967741934
50,0,1.0,1.0,1.0,1.0,1.0
