6,0.7380952380952381,0.7071067811865475,0.3529411764705882,0.47619047619047616,0.5,0.0
8,0.7380952380952381,0.7071067811865475,0.3529411764705882,0.47619047619047616,0.5,0.0
13,0.7380952380952381,0.7071067811865475,0.3529411764705882,0.47619047619047616,0.5,0.0
15,0.7380952380952381,0.7071067811865475,0.3529411764705882,0.47619047619047616,0.5,0.0
18,0.7380952380952381,0.7071067811865475,0.3529411764705882,0.47619047619047616,0.5,0.0
20,0.7380952380952381,0.7071067811865475,0.3529411764705882,0.47619047619047616,0.5,0.0
21,0.7380952380952381,0.7071067811865475,0.3529411764705882,0.47619047619047616,0.5,0.0
23,0.7560975609756099,0.7237468644557459,0.41176470588235303,0.5,0.5238095238095237,0.09090909090909101
24,0.7560975609756099,0.7237468644557459,0.41176470588235303,0.5,0.5238095238095237,0.09090909090909101
25,0.7560975609756099,0.7237468644557459,0.41176470588235303,0.5,0.5238095238095237,0.09090909090909101
27,0.7560975609756099,0.7237468644557459,0.41176470588235303,0.5,0.5238095238095237,0.09090909090909101
28,0.7560975609756099,0.7237468644557459,0.41176470588235303,0.5,0.5238095238095237,0.09090909090909101
30,0.7560975609756099,0.7237468644557459,0.41176470588235303,0.5,0.5238095238095237,0.09090909090909101
32,0.7560975609756099,0.7237468644557459,0.41176470588235303,0.5,0.5238095238095237,0.09090909090909101
33,0.7560975609756099,0.7237468644557459,0.41176470588235303,0.5,0.5238095238095237,0.09090909090909101
34,0.7560975609756099,0.7237468644557459,0.41176470588235303,0.5,0.5238095238095237,0.09090909090909101
35,0.8378378378378378,0.8043996665398437,0.6470588235294118,0.625,0.6470588235294117,0.4545454545454546
37,0.7380952380952381,0.7071067811865475,0.3529411764705882,0.47619047619047616,0.5,0.0
39,0.7380952380952381,0.7071067811865475,0.3529411764705882,0.47619047619047616,0.5,0.0
40,0.7380952380952381,0.7071067811865475,0.3529411764705882,0.47619047619047616,0.5,0.0
41,0.7380952380952381,0.7071067811865475,0.3529411764705882,0.47619047619047616,0.5,0.0
42,0.7380952380952381,0.7071067811865475,0.3529411764705882,0.47619047619047616,0.5,0.0
43,0.7380952380952381,0.7071067811865475,0.3529411764705882,0.47619047619047616,0.5,0.0
44,0.8378378378378378,0.8043996665398437,0.6470588235294118,0.625,0.6470588235294117,0.4545454545454546
46,0.861111111111111,0.82915619758885,0.7058823529411766,0.6666666666666666,0.6875,0.5454545454545454
48,0.861111111111111,0.82915619758885,0.7058823529411766,0.6666666666666666,0.6875,0.5454545454545454
50,0.861111111111111,0.82915619758885,0.7058823529411766,0.6666666666666666,0.6875,0.5454545454545454
52,0.861111111111111,0.82915619758885,0.7058823529411766,0.6666666666666666,0.6875,0.5454545454545454
54,0.0,0.0,0.0,0.0,0.0,0.4545454545454545
58,1.0,1.0,1.0,1.0,1.0,1.0
63,0.7380952380952381,0.7071067811865475,0.3529411764705882,0.47619047619047616,0.5,0.0
