5,0.0,0.27841904412497304,0.5937499999999999,0.0,0.0,0.0
8,0.0,0.27841904412497304,0.5937499999999999,0.0,0.0,0.0
9,0.0,0.27841904412497304,0.5937499999999999,0.0,0.0,0.0
10,0.0,0.27841904412497304,0.5937499999999999,0.0,0.0,0.0
12,0.0,0.27841904412497304,0.5937499999999999,0.0,0.0,0.0
15,0.0,0.27841904412497304,0.5937499999999999,0.0,0.0,0.0
16,0.0,0.27841904412497304,0.5937499999999999,0.0,0.0,0.0
17,0.0,0.27841904412497304,0.5937499999999999,0.0,0.0,0.0
18,0.0,0.27841904412497304,0.5937499999999999,0.0,0.0,0.0
21,0.0,0.27841904412497304,0.5937499999999999,0.0,0.0,0.0
23,0.0,0.27841904412497304,0.5937499999999999,0.0,0.0,0.0
24,0.0,0.27841904412497304,0.5937499999999999,0.0,0.0,0.0
25,0.0,0.27841904412497304,0.5937499999999999,0.0,0.0,0.0
26,0.0,0.27841904412497304,0.5937499999999999,0.0,0.0,0.0
27,0.0,0.27841904412497304,0.5937499999999999,0.0,0.0,0.0
28,0.0,0.27841904412497304,0.5937499999999999,0.0,0.0,0.0
29,0.0,0.27841904412497304,0.5937499999999999,0.0,0.0,0.0
31,0.0,0.27841904412497304,0.5937499999999999,0.0,0.0,0.0
32,0.0,0.27841904412497304,0.5937499999999999,0.0,0.0,0.0
34,0.0,0.27841904412497304,0.5937499999999999,0.0,0.0,0.0
35,0.0,0.27841904412497304,0.5937499999999999,0.0,0.0,0.0
37,0.0,0.27841904412497304,0.5937499999999999,0.0,0.0,0.0
39,0.0,0.27841904412497304,0.5937499999999999,0.0,0.0,0.0
40,0.0,0.27841904412497304,0.5937499999999999,0.0,0.0,0.0
41,0.0,0.27841904412497304,0.5937499999999999,0.0,0.0,0.0
42,0.0,0.27841904412497304,0.5937499999999999,0.0,0.0,0.0
44,0.3357753357753356,0.5032518410240568,0.7499999999999999,0.2785145888594164,0.2884615384615384,0.38461538461538475
45,0.3357753357753356,0.5032518410240568,0.7499999999999999,0.2785145888594164,0.2884615384615384,0.38461538461538475
47,0.0,0.27841904412497304,0.5937499999999999,0.0,0.0,0.0
48,0.0,0.27841904412497304,0.5937499999999999,0.0,0.0,0.0
50,0.4854981084489287,0.6085593837183041,0.8125000000000001,0.4188034188034187,0.43076923076923085,0.5384615384615387
52,0.4854981084489287,0.6085593837183041,0.8125000000000001,0.4188034188034187,0.43076923076923085,0.5384615384615387
53,0.48549810844892777,0.0,0.0,0.311740890688259,0.32234432234432214,0.35897435897435886
55,0.4854981084489287,0.6085593837183041,0.8125000000000001,0.4188034188034187,0.43076923076923085,0.5384615384615387
56,0.4854981084489287,0.6085593837183041,0.8125000000000001,0.4188034188034187,0.43076923076923085,0.5384615384615387
57,0.48549810844892777,0.0,0.0,0.311740890688259,0.32234432234432214,0.35897435897435886
58,0.4854981084489287,0.6085593837183041,0.8125000000000001,0.4188034188034187,0.43076923076923085,0.5384615384615387
59,0.4854981084489287,0.6085593837183041,0.8125000000000001,0.4188034188034187,0.43076923076923085,0.5384615384615387
60,1.0,1.0,1.0,1.0,1.0,1.0
61,0.4854981084489287,0.6085593837183041,0.8125000000000001,0.4188034188034187,0.43076923076923085,0.5384615384615387
63,0.0,0.27841904412497304,0.5937499999999999,0.0,0.0,0.0
64,0.0,0.27841904412497304,0.5937499999999999,0.0,0.0,0.0
