2,0.7030938123752495,0.9010847949778782,1.0,0.4610778443113773,0.4943820224719101,0.0
4,0.7030938123752495,0.9010847949778782,1.0,0.4610778443113773,0.4943820224719101,0.0
5,0.7030938123752495,0.9010847949778782,1.0,0.4610778443113773,0.4943820224719101,0.0
6,0.7030938123752495,0.9010847949778782,1.0,0.4610778443113773,0.4943820224719101,0.0
8,0.4622703412073491,0.19320038532282716,0.09601873536299764,0.17073170731707318,0.19047619047619047,0.2924369747899159
10,0.7417351021267636,0.9044957894767262,0.9197892271662762,0.5109489051094891,0.54421768707483,0.2924369747899159
11,0.75752688172043,0.8762745818846641,0.832552693208431,0.5294117647058824,0.5625,0.3630252100840339
13,0.7782380557856946,0.8492196442575219,0.7453161592505854,0.5544554455445545,0.5871559633027523,0.43361344537815144
15,1.0,1.0,0.5843091334894613,1.0,1.0,1.0
17,0.9961117002474372,0.8117905095636587,0.39461358313817324,0.875,0.8888888888888888,0.6605042016806724
19,0.9014715291106846,0.501459857121279,0.20257611241217793,0.5384615384615385,0.5714285714285714,0.2470588235294118
20,0.9014715291106846,0.501459857121279,0.20257611241217793,0.5384615384615385,0.5714285714285714,0.2470588235294118
25,0.467330016583748,0.2753865329031345,0.1768149882903981,0.2,0.2222222222222222,0.5663865546218487
26,0.40911730545876884,0.17729283273164684,0.09250585480093676,0.14893617021276595,0.16666666666666666,0.40336134453781514
28,0.0,0.0,0.0,0.0,0.0,0.4991596638655462
30,0.0,0.0,0.00585480093676815,0.0,0.0,0.3142857142857143
31,0.0,0.0,0.00585480093676815,0.0,0.0,0.3142857142857143
36,0.7030938123752495,0.9010847949778782,1.0,0.4610778443113773,0.4943820224719101,0.0
37,0.7652855369335817,0.7808100613157157,0.6522248243559717,0.5268817204301076,0.56,0.319327731092437
38,0.7030938123752495,0.9010847949778782,1.0,0.4610778443113773,0.4943820224719101,0.0
