4,0,1.0,1.0,1.0,1.0,1.0
8,0,1.0,1.0,1.0,1.0,1.0
9,0,1.0,1.0,1.0,1.0,1.0
11,0,1.0,1.0,1.0,1.0,1.0
13,0,0.0,0.0,0.0,0.0,0.0
14,0,0.0,0.0,0.0,0.0,0.0
16,0,0.7092365964879916,0.6428571428571429,0.03229461756373937,0.6428571428571428,0.6428571428571428
19,0,0.7092365964879916,0.6428571428571429,0.03229461756373937,0.6428571428571428,0.6428571428571428
20,0,0.7092365964879916,0.6428571428571429,0.03229461756373937,0.6428571428571428,0.6428571428571428
21,0,0.7092365964879916,0.6428571428571429,0.03229461756373937,0.6428571428571428,0.6428571428571428
22,0,0.7092365964879916,0.6428571428571429,0.03229461756373937,0.6428571428571428,0.6428571428571428
23,0,0.7092365964879916,0.6428571428571429,0.03229461756373937,0.6428571428571428,0.6428571428571428
25,0,0.6934283933088677,0.625,0.029902423670129054,0.625,0.625
27,0,0.5784886584390977,0.5,0.01794145420207743,0.49999999999999994,0.49999999999999994
29,0,0.12433021127087086,0.08928571428571429,0.0017589660982428852,0.08928571428571433,0.08928571428571433
30,0,0.12433021127087086,0.08928571428571429,0.0017589660982428852,0.08928571428571433,0.08928571428571433
32,0,0.509016888363404,0.42857142857142855,0.013456090651558074,0.4285714285714286,0.4285714285714286
33,0,0.509016888363404,0.42857142857142855,0.013456090651558074,0.4285714285714286,0.4285714285714286
34,0,0.509016888363404,0.42857142857142855,0.013456090651558074,0.4285714285714286,0.4285714285714286
35,0,0.509016888363404,0.42857142857142855,0.013456090651558074,0.4285714285714286,0.4285714285714286
37,0,0.6121382009310304,0.5357142857142857,0.02070167792547396,0.5357142857142857,0.5357142857142857
39,0,0.1929891452115318,0.14285714285714285,0.002990242367012906,0.14285714285714285,0.14285714285714285
42,0,0.6121382009310304,0.5357142857142857,0.02070167792547396,0.5357142857142857,0.5357142857142857
44,0,0.6121382009310304,0.5357142857142857,0.02070167792547396,0.5357142857142857,0.5357142857142857
46,0,0.35986474416517317,0.2857142857142857,0.007176581680830974,0.2857142857142857,0.2857142857142857
52,0,0.7092365964879916,0.6428571428571429,0.03229461756373937,0.6428571428571428,0.6428571428571428
53,0,0.12433021127087086,0.08928571428571429,0.0017589660982428852,0.08928571428571433,0.08928571428571433
57,0,0.2580583252640713,0.19642857142857142,0.0043856888049522615,0.19642857142857142,0.19642857142857142
58,0,0.2580583252640713,0.19642857142857142,0.0043856888049522615,0.19642857142857142,0.19642857142857142
60,0,0.7092365964879916,0.6428571428571429,0.03229461756373937,0.6428571428571428,0.6428571428571428
