3,0.37226277372262767,0.25537695922762454,0.3947368421052631,0.06521739130434782,0.0851063829787234,0.7962962962962963
5,0.37226277372262767,0.25537695922762454,0.3947368421052631,0.06521739130434782,0.0851063829787234,0.7962962962962963
6,0.37226277372262767,0.25537695922762454,0.3947368421052631,0.06521739130434782,0.0851063829787234,0.7962962962962963
7,0.37226277372262767,0.25537695922762454,0.3947368421052631,0.06521739130434782,0.0851063829787234,0.7962962962962963
8,0.37226277372262767,0.25537695922762454,0.3947368421052631,0.06521739130434782,0.0851063829787234,0.7962962962962963
9,0.37226277372262767,0.25537695922762454,0.3947368421052631,0.06521739130434782,0.0851063829787234,0.7962962962962963
10,0.3953488372093023,0.26726124191242434,0.4473684210526316,0.07142857142857142,0.09302325581395349,0.6481481481481481
11,0.3953488372093023,0.26726124191242434,0.4473684210526316,0.07142857142857142,0.09302325581395349,0.6481481481481481
14,0.0,0.0,0.11842105263157894,0.0,0.0,0.6666666666666666
15,0.0,0.0,0.11842105263157894,0.0,0.0,0.6666666666666666
17,0.37226277372262767,0.25537695922762454,0.3947368421052631,0.06521739130434782,0.0851063829787234,0.7962962962962963
19,0.37226277372262767,0.25537695922762454,0.3947368421052631,0.06521739130434782,0.0851063829787234,0.7962962962962963
20,0.3953488372093023,0.26726124191242434,0.4473684210526316,0.07142857142857142,0.09302325581395349,0.6481481481481481
21,0.3953488372093023,0.26726124191242434,0.4473684210526316,0.07142857142857142,0.09302325581395349,0.6481481481481481
22,0.3953488372093023,0.26726124191242434,0.4473684210526316,0.07142857142857142,0.09302325581395349,0.6481481481481481
26,0.0,0.0,0.11842105263157894,0.0,0.0,0.6666666666666666
27,0.0,0.0,0.11842105263157894,0.0,0.0,0.6666666666666666
28,0.0,0.0,0.11842105263157894,0.0,0.0,0.6666666666666666
31,0.37226277372262767,0.25537695922762454,0.3947368421052631,0.06521739130434782,0.0851063829787234,0.7962962962962963
32,0.37226277372262767,0.25537695922762454,0.3947368421052631,0.06521739130434782,0.0851063829787234,0.7962962962962963
34,0.37226277372262767,0.25537695922762454,0.3947368421052631,0.06521739130434782,0.0851063829787234,0.7962962962962963
35,0.5425531914893617,0.4948716593053934,1.0,0.12765957446808512,0.16326530612244897,0.0
37,0.5425531914893617,0.4948716593053934,1.0,0.12765957446808512,0.16326530612244897,0.0
38,0.37226277372262767,0.25537695922762454,0.3947368421052631,0.06521739130434782,0.0851063829787234,0.7962962962962963
39,0.37226277372262767,0.25537695922762454,0.3947368421052631,0.06521739130434782,0.0851063829787234,0.7962962962962963
40,0.37226277372262767,0.25537695922762454,0.3947368421052631,0.06521739130434782,0.0851063829787234,0.7962962962962963
41,0.37226277372262767,0.25537695922762454,0.3947368421052631,0.06521739130434782,0.0851063829787234,0.7962962962962963
43,0.5425531914893617,0.4948716593053934,1.0,0.12765957446808512,0.16326530612244897,0.0
44,0.5425531914893617,0.4948716593053934,1.0,0.12765957446808512,0.16326530612244897,0.0
47,0.5425531914893617,0.4948716593053934,1.0,0.12765957446808512,0.16326530612244897,0.0
48,0.5425531914893617,0.4948716593053934,1.0,0.12765957446808512,0.16326530612244897,0.0
49,0.5425531914893617,0.4948716593053934,1.0,0.12765957446808512,0.16326530612244897,0.0
50,0.5425531914893617,0.4948716593053934,1.0,0.12765957446808512,0.16326530612244897,0.0
51,0.5425531914893617,0.4948716593053934,1.0,0.12765957446808512,0.16326530612244897,0.0
52,1.0,1.0,0.9605263157894737,1.0,1.0,0.7962962962962962
53,0.37226277372262767,0.25537695922762454,0.3947368421052631,0.06521739130434782,0.0851063829787234,0.7962962962962963
55,0.0,0.0,0.25,0.0,0.0,0.2962962962962963
56,0.0,0.0,0.25,0.0,0.0,0.2962962962962963
57,0.0,0.0,0.3289473684210526,0.0,0.0,0.07407407407407407
58,0.0,0.0,0.2763157894736842,0.0,0.0,0.22222222222222218
60,0.0,0.0,0.3157894736842105,0.0,0.0,0.11111111111111109
61,0.0,0.0,0.3157894736842105,0.0,0.0,0.11111111111111109
62,0.0,0.0,0.3157894736842105,0.0,0.0,0.11111111111111109
63,0.0,0.0,0.3157894736842105,0.0,0.0,0.11111111111111109
67,0.0,0.0,0.3157894736842105,0.0,0.0,0.11111111111111109
68,0.0,0.0,0.3157894736842105,0.0,0.0,0.11111111111111109
69,0.0,0.0,0.3157894736842105,0.0,0.0,0.11111111111111109
74,0.42148760330578516,0.2809757434745081,0.49999999999999994,0.07894736842105263,0.10256410256410256,0.5
75,0.42148760330578516,0.2809757434745081,0.49999999999999994,0.07894736842105263,0.10256410256410256,0.5
77,0.42148760330578516,0.2809757434745081,0.49999999999999994,0.07894736842105263,0.10256410256410256,0.5
78,0.0,0.0,0.0,0.0,0.0,1.0
79,0.4594594594594594,0.3015113445777636,0.5657894736842105,0.09090909090909091,0.11764705882352941,0.31481481481481477
80,0.4594594594594594,0.3015113445777636,0.5657894736842105,0.09090909090909091,0.11764705882352941,0.31481481481481477
83,0.6455696202531644,0.4200840252084028,0.7763157894736842,0.17647058823529413,0.2222222222222222,0.2777777777777778
84,0.6455696202531644,0.4200840252084028,0.7763157894736842,0.17647058823529413,0.2222222222222222,0.2777777777777778
87,0.0,0.0,0.07894736842105263,0.0,0.0,0.7777777777777777
89,0.0,0.0,0.28947368421052627,0.0,0.0,0.18518518518518517
90,0.0,0.0,0.3157894736842105,0.0,0.0,0.11111111111111109
92,0.0,0.0,0.3289473684210526,0.0,0.0,0.07407407407407407
93,0.0,0.0,0.3289473684210526,0.0,0.0,0.07407407407407407
94,0.0,0.0,0.3289473684210526,0.0,0.0,0.07407407407407407
98,0.0,0.0,0.14473684210526316,0.0,0.0,0.5925925925925926
99,0.0,0.0,0.3421052631578947,0.0,0.0,0.037037037037037035
100,0.0,0.0,0.15789473684210525,0.0,0.0,0.5555555555555556
102,0.0,0.0,0.3026315789473684,0.0,0.0,0.14814814814814814
104,0.0,0.0,0.3026315789473684,0.0,0.0,0.14814814814814814
105,0.0,0.0,0.3421052631578947,0.0,0.0,0.037037037037037035
106,0.0,0.0,0.3157894736842105,0.0,0.0,0.11111111111111109
107,0.0,0.0,0.3421052631578947,0.0,0.0,0.037037037037037035
109,0.0,0.0,0.3289473684210526,0.0,0.0,0.07407407407407407
111,0.0,0.0,0.35526315789473684,0.0,0.0,0.0
112,0.0,0.0,0.35526315789473684,0.0,0.0,0.0
114,0.0,0.0,0.35526315789473684,0.0,0.0,0.0
116,0.0,0.0,0.2105263157894737,0.0,0.0,0.4074074074074074
117,0.0,0.0,0.25,0.0,0.0,0.2962962962962963
118,0.0,0.0,0.3157894736842105,0.0,0.0,0.11111111111111109
119,0.0,0.0,0.35526315789473684,0.0,0.0,0.0
121,0.0,0.0,0.3157894736842105,0.0,0.0,0.11111111111111109
124,0.4678899082568807,0.30618621784789724,0.5789473684210525,0.09375,0.12121212121212122,0.2777777777777777
