5,0.0,0.32379000772445027,0.5000000000000001,0.25,0.19999999999999996,0.0
7,0.0,0.32379000772445027,0.5000000000000001,0.25,0.19999999999999996,0.0
8,0.0,0.32379000772445027,0.5000000000000001,0.25,0.19999999999999996,0.0
9,0.0,0.32379000772445027,0.5000000000000001,0.25,0.19999999999999996,0.0
10,0.0,0.32379000772445027,0.5000000000000001,0.25,0.19999999999999996,0.0
14,0.0,0.32379000772445027,0.5000000000000001,0.25,0.19999999999999996,0.0
15,0.0,0.32379000772445027,0.5000000000000001,0.25,0.19999999999999996,0.0
17,0.0,0.32379000772445027,0.5000000000000001,0.25,0.19999999999999996,0.0
18,0.0,0.32379000772445027,0.5000000000000001,0.25,0.19999999999999996,0.0
19,0.0,0.32379000772445027,0.5000000000000001,0.25,0.19999999999999996,0.0
20,0.0,0.32379000772445027,0.5000000000000001,0.25,0.19999999999999996,0.0
23,0.0,0.32379000772445027,0.5000000000000001,0.25,0.19999999999999996,0.0
24,0.0,0.32379000772445027,0.5000000000000001,0.25,0.19999999999999996,0.0
25,0.0,0.32379000772445027,0.5000000000000001,0.25,0.19999999999999996,0.0
26,1.0,1.0,1.0,1.0,1.0,1.0
27,1.0,1.0,1.0,1.0,1.0,1.0
28,0.0,0.32379000772445027,0.5000000000000001,0.25,0.19999999999999996,0.0
29,0.14285714285714302,0.0,0.0,0.0,0.0,0.16666666666666663
30,0.14285714285714302,0.0,0.0,0.0,0.0,0.16666666666666663
38,0.0,0.32379000772445027,0.5000000000000001,0.25,0.19999999999999996,0.0
39,0.0,0.32379000772445027,0.5000000000000001,0.25,0.19999999999999996,0.0
40,0.0,0.32379000772445027,0.5000000000000001,0.25,0.19999999999999996,0.0
41,0.0,0.32379000772445027,0.5000000000000001,0.25,0.19999999999999996,0.0
44,0.0,0.32379000772445027,0.5000000000000001,0.25,0.19999999999999996,0.0
46,0.0,0.32379000772445027,0.5000000000000001,0.25,0.19999999999999996,0.0
