13,0.7428571428571421,0.9228825585998015,0.9824561403508771,0.8060606060606065,0.8131313131313129,0.0
14,0.7428571428571421,0.9228825585998015,0.9824561403508771,0.8060606060606065,0.8131313131313129,0.0
15,0.7428571428571421,0.9228825585998015,0.9824561403508771,0.8060606060606065,0.8131313131313129,0.0
16,0.7428571428571421,0.9228825585998015,0.9824561403508771,0.8060606060606065,0.8131313131313129,0.0
17,0.0,0.0,0.0,0.0,0.0,1.0
19,1.0,1.0,1.0,1.0,1.0,0.5000000000000006
21,0.7428571428571421,0.9228825585998015,0.9824561403508771,0.8060606060606065,0.8131313131313129,0.0
23,0.7428571428571421,0.9228825585998015,0.9824561403508771,0.8060606060606065,0.8131313131313129,0.0
24,0.7428571428571421,0.9228825585998015,0.9824561403508771,0.8060606060606065,0.8131313131313129,0.0
25,0.7428571428571421,0.9228825585998015,0.9824561403508771,0.8060606060606065,0.8131313131313129,0.0
26,0.7428571428571421,0.9228825585998015,0.9824561403508771,0.8060606060606065,0.8131313131313129,0.0
28,0.7428571428571421,0.9228825585998015,0.9824561403508771,0.8060606060606065,0.8131313131313129,0.0
29,0.0,0.0,0.0,0.0,0.0,1.0
30,0.0,0.0,0.0,0.0,0.0,1.0
33,0.7428571428571421,0.9228825585998015,0.9824561403508771,0.8060606060606065,0.8131313131313129,0.0
34,0.7428571428571421,0.9228825585998015,0.9824561403508771,0.8060606060606065,0.8131313131313129,0.0
37,0.7428571428571421,0.9228825585998015,0.9824561403508771,0.8060606060606065,0.8131313131313129,0.0
40,0.7428571428571421,0.9228825585998015,0.9824561403508771,0.8060606060606065,0.8131313131313129,0.0
41,0.7428571428571421,0.9228825585998015,0.9824561403508771,0.8060606060606065,0.8131313131313129,0.0
43,0.7428571428571421,0.9228825585998015,0.9824561403508771,0.8060606060606065,0.8131313131313129,0.0
44,0.7428571428571421,0.9228825585998015,0.9824561403508771,0.8060606060606065,0.8131313131313129,0.0
45,0.7428571428571421,0.9228825585998015,0.9824561403508771,0.8060606060606065,0.8131313131313129,0.0
46,0.7428571428571421,0.9228825585998015,0.9824561403508771,0.8060606060606065,0.8131313131313129,0.0
47,0.7428571428571421,0.9228825585998015,0.9824561403508771,0.8060606060606065,0.8131313131313129,0.0
50,0.7428571428571421,0.9228825585998015,0.9824561403508771,0.8060606060606065,0.8131313131313129,0.0
51,0.7428571428571421,0.9228825585998015,0.9824561403508771,0.8060606060606065,0.8131313131313129,0.0
52,0.7428571428571421,0.9228825585998015,0.9824561403508771,0.8060606060606065,0.8131313131313129,0.0
54,0.7428571428571421,0.9228825585998015,0.9824561403508771,0.8060606060606065,0.8131313131313129,0.0
