2,0,1.0,1.0,1.0,1.0,1.0
4,0,1.0,1.0,1.0,1.0,1.0
5,0,1.0,1.0,1.0,1.0,1.0
6,0,1.0,1.0,1.0,1.0,1.0
8,0,0.8662116449677744,0.8571428571428571,0.9570552147239264,0.8571428571428572,0.8571428571428572
9,0,0.8662116449677744,0.8571428571428571,0.9570552147239264,0.8571428571428572,0.8571428571428572
10,0,0.8662116449677744,0.8571428571428571,0.9570552147239264,0.8571428571428572,0.8571428571428572
11,0,0.8662116449677744,0.8571428571428571,0.9570552147239264,0.8571428571428572,0.8571428571428572
13,0,0.8662116449677744,0.8571428571428571,0.9570552147239264,0.8571428571428572,0.8571428571428572
14,0,0.8662116449677744,0.8571428571428571,0.9570552147239264,0.8571428571428572,0.8571428571428572
17,0,0.0,0.0,0.0,0.0,0.0
18,0,0.0,0.0,0.0,0.0,0.0
20,0,0.8662116449677744,0.8571428571428571,0.9570552147239264,0.8571428571428572,0.8571428571428572
22,0,0.8662116449677744,0.8571428571428571,0.9570552147239264,0.8571428571428572,0.8571428571428572
