2,0,1.0,1.0,1.0,1.0,1.0
5,0,1.0,1.0,1.0,1.0,1.0
6,0,1.0,1.0,1.0,1.0,1.0
7,0,1.0,1.0,1.0,1.0,1.0
8,0,1.0,1.0,1.0,1.0,1.0
9,0,0.753319438512026,0.75,0.9775280898876404,0.7499999999999996,0.7499999999999996
10,0,0.5044653540093058,0.5,0.3258426966292135,0.5000000000000008,0.5000000000000008
11,0,0.0,0.0,0.0,0.0,0.0
12,0,1.0,1.0,1.0,1.0,1.0
14,0,1.0,1.0,1.0,1.0,1.0
16,0,0.753319438512026,0.75,0.9775280898876404,0.7499999999999996,0.7499999999999996
17,0,0.753319438512026,0.75,0.9775280898876404,0.7499999999999996,0.7499999999999996
18,0,0.753319438512026,0.75,0.9775280898876404,0.7499999999999996,0.7499999999999996
19,0,0.753319438512026,0.75,0.9775280898876404,0.7499999999999996,0.7499999999999996
20,0,0.753319438512026,0.75,0.9775280898876404,0.7499999999999996,0.7499999999999996
21,0,0.753319438512026,0.75,0.9775280898876404,0.7499999999999996,0.7499999999999996
22,0,0.753319438512026,0.75,0.9775280898876404,0.7499999999999996,0.7499999999999996
23,0,0.753319438512026,0.75,0.9775280898876404,0.7499999999999996,0.7499999999999996
24,0,0.753319438512026,0.75,0.9775280898876404,0.7499999999999996,0.7499999999999996
25,0,0.753319438512026,0.75,0.9775280898876404,0.7499999999999996,0.7499999999999996
26,0,0.753319438512026,0.75,0.9775280898876404,0.7499999999999996,0.7499999999999996
28,0,1.0,1.0,1.0,1.0,1.0
