6,0.7567934782608698,1.0,1.0,1.0,1.0,0.0
8,0.7567934782608698,1.0,1.0,1.0,1.0,0.0
9,0.7567934782608698,1.0,1.0,1.0,1.0,0.0
11,0.7567934782608698,1.0,1.0,1.0,1.0,0.0
12,0.7567934782608698,1.0,1.0,1.0,1.0,0.0
15,0.7567934782608698,1.0,1.0,1.0,1.0,0.0
16,0.7567934782608698,1.0,1.0,1.0,1.0,0.0
17,0.7567934782608698,1.0,1.0,1.0,1.0,0.0
18,0.7567934782608698,1.0,1.0,1.0,1.0,0.0
19,1.0,0.9089050422533873,0.798076923076923,0.8655737704918032,0.9308100289296046,1.0
20,1.0,0.9089050422533873,0.798076923076923,0.8655737704918032,0.9308100289296046,1.0
25,0.0,0.0,0.0,0.0,0.0,1.0
26,0.0,0.0,0.0,0.0,0.0,1.0
