5,0.8852040816326517,1.0,1.0,1.0,1.0,1.0
6,0.8852040816326517,1.0,1.0,1.0,1.0,1.0
8,0.8852040816326517,1.0,1.0,1.0,1.0,1.0
9,0.8852040816326517,1.0,1.0,1.0,1.0,1.0
12,0.8852040816326517,1.0,1.0,1.0,1.0,1.0
15,0.8852040816326517,1.0,1.0,1.0,1.0,1.0
16,0.8852040816326517,1.0,1.0,1.0,1.0,1.0
17,0.8852040816326517,1.0,1.0,1.0,1.0,1.0
18,0.8852040816326517,1.0,1.0,1.0,1.0,1.0
21,0.8852040816326517,1.0,1.0,1.0,1.0,1.0
22,0.8852040816326517,1.0,1.0,1.0,1.0,1.0
23,0.8852040816326517,1.0,1.0,1.0,1.0,1.0
24,0.8852040816326517,1.0,1.0,1.0,1.0,1.0
26,0.8852040816326517,1.0,1.0,1.0,1.0,1.0
28,0.7052845528455275,0.16580729813793824,0.24193548387096775,0.11818181818181815,0.13968957871396911,0.7241379310344827
29,0.7052845528455275,0.16580729813793824,0.24193548387096775,0.11818181818181815,0.13968957871396911,0.7241379310344827
33,0.9381047239612958,0.5088541871414528,0.5,0.4642857142857142,0.5121951219512201,0.9827586206896548
34,0.9381047239612958,0.5088541871414528,0.5,0.4642857142857142,0.5121951219512201,0.9827586206896548
36,0.8852040816326517,1.0,1.0,1.0,1.0,1.0
40,0.8852040816326517,1.0,1.0,1.0,1.0,1.0
42,0.9381047239612958,0.5088541871414528,0.5,0.4642857142857142,0.5121951219512201,0.9827586206896548
43,0.9381047239612958,0.5088541871414528,0.5,0.4642857142857142,0.5121951219512201,0.9827586206896548
44,0.9381047239612958,0.5088541871414528,0.5,0.4642857142857142,0.5121951219512201,0.9827586206896548
48,0.8852040816326517,1.0,1.0,1.0,1.0,1.0
50,1.0,0.0,0.0,0.0,0.0,0.9655172413793105
51,1.0,0.0,0.0,0.0,0.0,0.9655172413793105
52,1.0,0.0,0.0,0.0,0.0,0.9655172413793105
54,0.8852040816326517,1.0,1.0,1.0,1.0,1.0
58,0.0,0.6661068655811783,0.967741935483871,0.4727272727272726,0.520661157024793,0.0
60,0.0,0.6661068655811783,0.967741935483871,0.4727272727272726,0.520661157024793,0.0
62,0.8852040816326517,1.0,1.0,1.0,1.0,1.0
63,0.8852040816326517,1.0,1.0,1.0,1.0,1.0
64,0.8852040816326517,1.0,1.0,1.0,1.0,1.0
65,0.8852040816326517,1.0,1.0,1.0,1.0,1.0
67,0.0,0.6661068655811783,0.967741935483871,0.4727272727272726,0.520661157024793,0.0
71,0.0,0.6661068655811783,0.967741935483871,0.4727272727272726,0.520661157024793,0.0
73,0.0,0.6661068655811783,0.967741935483871,0.4727272727272726,0.520661157024793,0.0
74,0.0,0.6661068655811783,0.967741935483871,0.4727272727272726,0.520661157024793,0.0
75,0.0,0.6661068655811783,0.967741935483871,0.4727272727272726,0.520661157024793,0.0
76,0.0,0.6661068655811783,0.967741935483871,0.4727272727272726,0.520661157024793,0.0
77,0.0,0.6661068655811783,0.967741935483871,0.4727272727272726,0.520661157024793,0.0
78,0.0,0.6661068655811783,0.967741935483871,0.4727272727272726,0.520661157024793,0.0
79,0.0,0.6661068655811783,0.967741935483871,0.4727272727272726,0.520661157024793,0.0
81,0.0,0.6661068655811783,0.967741935483871,0.4727272727272726,0.520661157024793,0.0
82,0.0,0.6661068655811783,0.967741935483871,0.4727272727272726,0.520661157024793,0.0
84,0.8852040816326517,1.0,1.0,1.0,1.0,1.0
86,0.0,0.6661068655811783,0.967741935483871,0.4727272727272726,0.520661157024793,0.0
91,0.0,0.6661068655811783,0.967741935483871,0.4727272727272726,0.520661157024793,0.0
