4,0,1.0,1.0,1.0,1.0,1.0
8,0,1.0,1.0,1.0,1.0,1.0
9,0,1.0,1.0,1.0,1.0,1.0
12,0,1.0,1.0,1.0,1.0,1.0
13,0,1.0,1.0,1.0,1.0,1.0
14,0,1.0,1.0,1.0,1.0,1.0
15,0,1.0,1.0,1.0,1.0,1.0
16,0,0.6523732523343772,0.55,0.020418987006099176,0.55,0.55
17,0,0.6523732523343772,0.55,0.020418987006099176,0.55,0.55
19,0,0.6813425187759939,0.5833333333333334,0.023389021479713605,0.5833333333333333,0.5833333333333333
27,0,1.0,1.0,1.0,1.0,1.0
28,0,1.0,1.0,1.0,1.0,1.0
29,0,1.0,1.0,1.0,1.0,1.0
31,0,1.0,1.0,1.0,1.0,1.0
32,0,0.6523732523343772,0.55,0.020418987006099176,0.55,0.55
33,0,0.6523732523343772,0.55,0.020418987006099176,0.55,0.55
34,0,0.4961808062788451,0.38333333333333336,0.010385086757401794,0.3833333333333333,0.3833333333333333
35,0,0.4961808062788451,0.38333333333333336,0.010385086757401794,0.3833333333333333,0.3833333333333333
37,0,0.4091262443732153,0.3,0.007159904534606206,0.3,0.3
38,0,0.0,0.0,0.0,0.0,0.0
39,0,0.0,0.0,0.0,0.0,0.0
41,0,0.2075895575491755,0.13333333333333333,0.0025702221406278688,0.1333333333333333,0.1333333333333333
42,0,0.2075895575491755,0.13333333333333333,0.0025702221406278688,0.1333333333333333,0.1333333333333333
49,0,0.6523732523343772,0.55,0.020418987006099176,0.55,0.55
50,0,0.6523732523343772,0.55,0.020418987006099176,0.55,0.55
53,0,0.6523732523343772,0.55,0.020418987006099176,0.55,0.55
54,0,0.4961808062788451,0.38333333333333336,0.010385086757401794,0.3833333333333333,0.3833333333333333
55,0,0.4961808062788451,0.38333333333333336,0.010385086757401794,0.3833333333333333,0.3833333333333333
56,0,0.4961808062788451,0.38333333333333336,0.010385086757401794,0.3833333333333333,0.3833333333333333
58,0,0.4961808062788451,0.38333333333333336,0.010385086757401794,0.3833333333333333,0.3833333333333333
62,0,0.6523732523343772,0.55,0.020418987006099176,0.55,0.55
64,0,0.6523732523343772,0.55,0.020418987006099176,0.55,0.55
65,0,0.4091262443732153,0.3,0.007159904534606206,0.3,0.3
66,0,0.4091262443732153,0.3,0.007159904534606206,0.3,0.3
67,0,0.4091262443732153,0.3,0.007159904534606206,0.3,0.3
69,0,0.4091262443732153,0.3,0.007159904534606206,0.3,0.3
74,0,0.39080489755128994,0.2833333333333333,0.006604873175334407,0.2833333333333333,0.2833333333333333
77,0,1.0,1.0,1.0,1.0,1.0
