25,0.5,1.0,1.0,1.0,1.0,0.0
28,0.5,1.0,1.0,1.0,1.0,0.0
29,0.5,1.0,1.0,1.0,1.0,0.0
30,1.0,0.34372583262699774,0.11084043848964677,0.010604453870625663,0.11814744801512286,0.36363636363636365
31,1.0,0.10869565217391304,0.012180267965895249,0.0009555661729574774,0.011814744801512286,0.03636363636363636
32,1.0,0.34372583262699774,0.11084043848964677,0.010604453870625663,0.11814744801512286,0.36363636363636365
33,1.0,0.10869565217391304,0.012180267965895249,0.0009555661729574774,0.011814744801512286,0.03636363636363636
34,1.0,0.34372583262699774,0.11084043848964677,0.010604453870625663,0.11814744801512286,0.36363636363636365
35,1.0,0.10869565217391304,0.012180267965895249,0.0009555661729574774,0.011814744801512286,0.03636363636363636
36,1.0,0.34372583262699774,0.11084043848964677,0.010604453870625663,0.11814744801512286,0.36363636363636365
37,1.0,0.10869565217391304,0.012180267965895249,0.0009555661729574774,0.011814744801512286,0.03636363636363636
38,1.0,0.34372583262699774,0.11084043848964677,0.010604453870625663,0.11814744801512286,0.36363636363636365
39,1.0,0.10869565217391304,0.012180267965895249,0.0009555661729574774,0.011814744801512286,0.03636363636363636
40,1.0,0.34372583262699774,0.11084043848964677,0.010604453870625663,0.11814744801512286,0.36363636363636365
41,1.0,0.10869565217391304,0.012180267965895249,0.0009555661729574774,0.011814744801512286,0.03636363636363636
42,1.0,0.34372583262699774,0.11084043848964677,0.010604453870625663,0.11814744801512286,0.36363636363636365
43,1.0,0.10869565217391304,0.012180267965895249,0.0009555661729574774,0.011814744801512286,0.03636363636363636
44,1.0,0.34372583262699774,0.11084043848964677,0.010604453870625663,0.11814744801512286,0.36363636363636365
45,1.0,0.10869565217391304,0.012180267965895249,0.0009555661729574774,0.011814744801512286,0.03636363636363636
46,1.0,0.34372583262699774,0.11084043848964677,0.010604453870625663,0.11814744801512286,0.36363636363636365
47,1.0,0.10869565217391304,0.012180267965895249,0.0009555661729574774,0.011814744801512286,0.03636363636363636
49,0.5,1.0,1.0,1.0,1.0,0.0
50,0.47126436781609193,0.9395172758471273,0.8903775883069428,0.3961352657004831,0.8913043478260869,0.36363636363636376
51,1.0,0.10869565217391304,0.012180267965895249,0.0009555661729574774,0.011814744801512286,0.03636363636363636
52,0.4390243902439025,0.309353249364298,0.09866017052375152,0.009316770186335404,0.10518934081346423,0.0909090909090909
54,0.4682080924855491,0.9332590030490778,0.879415347137637,0.3707093821510298,0.8804347826086957,0.3999999999999999
55,1.0,0.10869565217391304,0.012180267965895249,0.0009555661729574774,0.011814744801512286,0.03636363636363636
56,1.0,0.10869565217391304,0.012180267965895249,0.0009555661729574774,0.011814744801512286,0.03636363636363636
59,0.46511627906976744,0.9269596363287409,0.8684531059683314,0.34782608695652173,0.8695652173913043,0.43636363636363645
60,1.0,0.10869565217391304,0.012180267965895249,0.0009555661729574774,0.011814744801512286,0.03636363636363636
61,1.0,0.10869565217391304,0.012180267965895249,0.0009555661729574774,0.011814744801512286,0.03636363636363636
64,0.4619883040935673,0.9206183723063672,0.8574908647990256,0.3271221532091097,0.8586956521739131,0.4727272727272726
65,1.0,0.10869565217391304,0.012180267965895249,0.0009555661729574774,0.011814744801512286,0.03636363636363636
66,1.0,0.10869565217391304,0.012180267965895249,0.0009555661729574774,0.011814744801512286,0.03636363636363636
69,0.4588235294117647,0.9142343815074127,0.8465286236297198,0.308300395256917,0.8478260869565217,0.5090909090909091
70,1.0,0.10869565217391304,0.012180267965895249,0.0009555661729574774,0.011814744801512286,0.03636363636363636
71,1.0,0.10869565217391304,0.012180267965895249,0.0009555661729574774,0.011814744801512286,0.03636363636363636
74,0.455621301775148,0.907806807175898,0.8355663824604141,0.29111531190926276,0.8369565217391304,0.5454545454545453
75,1.0,0.10869565217391304,0.012180267965895249,0.0009555661729574774,0.011814744801512286,0.03636363636363636
76,1.0,0.10869565217391304,0.012180267965895249,0.0009555661729574774,0.011814744801512286,0.03636363636363636
79,0.45238095238095233,0.9013347640182294,0.8246041412911084,0.2753623188405797,0.8260869565217391,0.5818181818181818
80,0.0,0.0,0.0,0.0,0.0,0.4181818181818182
81,0.0,0.0,0.0,0.0,0.0,0.4181818181818182
84,0.48562300319488816,0.9067482346974419,0.8258221680876979,0.28733459357277885,0.8344312692138778,0.16363636363636364
85,1.0,0.10869565217391304,0.012180267965895249,0.0009555661729574774,0.011814744801512286,0.03636363636363636
86,1.0,0.10869565217391304,0.012180267965895249,0.0009555661729574774,0.011814744801512286,0.03636363636363636
89,0.48231511254019294,0.9002570060449446,0.8148599269183923,0.2717391304347826,0.8234519104084321,0.20000000000000015
90,1.0,0.10869565217391304,0.012180267965895249,0.0009555661729574774,0.011814744801512286,0.03636363636363636
91,1.0,0.10869565217391304,0.012180267965895249,0.0009555661729574774,0.011814744801512286,0.03636363636363636
94,0.4789644012944984,0.8937198067632851,0.8038976857490865,0.2573913043478261,0.8124725516029864,0.2363636363636363
95,1.0,0.10869565217391304,0.012180267965895249,0.0009555661729574774,0.011814744801512286,0.03636363636363636
96,1.0,0.10869565217391304,0.012180267965895249,0.0009555661729574774,0.011814744801512286,0.03636363636363636
99,0.4755700325732899,0.8871356649863296,0.7929354445797808,0.24414715719063543,0.8014931927975406,0.2727272727272728
100,0.4390243902439025,0.309353249364298,0.09866017052375152,0.009316770186335404,0.10518934081346423,0.0909090909090909
101,0.4755700325732899,0.8871356649863296,0.7929354445797808,0.24414715719063543,0.8014931927975406,0.2727272727272728
102,0.4390243902439025,0.309353249364298,0.09866017052375152,0.009316770186335404,0.10518934081346423,0.0909090909090909
103,0.4755700325732899,0.8871356649863296,0.7929354445797808,0.24414715719063543,0.8014931927975406,0.2727272727272728
104,0.4390243902439025,0.309353249364298,0.09866017052375152,0.009316770186335404,0.10518934081346423,0.0909090909090909
105,0.4755700325732899,0.8871356649863296,0.7929354445797808,0.24414715719063543,0.8014931927975406,0.2727272727272728
106,0.16867469879518074,0.24060808283889842,0.07429963459196101,0.00691699604743083,0.08009153318077802,1.0
107,0.4755700325732899,0.8871356649863296,0.7929354445797808,0.24414715719063543,0.8014931927975406,0.2727272727272728
108,0.4390243902439025,0.309353249364298,0.09866017052375152,0.009316770186335404,0.10518934081346423,0.0909090909090909
109,0.4755700325732899,0.8871356649863296,0.7929354445797808,0.24414715719063543,0.8014931927975406,0.2727272727272728
110,1.0,0.34372583262699774,0.11084043848964677,0.010604453870625663,0.11814744801512286,0.36363636363636365
111,0.4755700325732899,0.8871356649863296,0.7929354445797808,0.24414715719063543,0.8014931927975406,0.2727272727272728
112,1.0,0.34372583262699774,0.11084043848964677,0.010604453870625663,0.11814744801512286,0.36363636363636365
113,0.4755700325732899,0.8871356649863296,0.7929354445797808,0.24414715719063543,0.8014931927975406,0.2727272727272728
114,1.0,0.34372583262699774,0.11084043848964677,0.010604453870625663,0.11814744801512286,0.36363636363636365
115,0.4755700325732899,0.8871356649863296,0.7929354445797808,0.24414715719063543,0.8014931927975406,0.2727272727272728
116,1.0,0.30743773095067284,0.08891595615103531,0.008281573498964802,0.09451795841209829,0.2909090909090909
117,0.4755700325732899,0.8871356649863296,0.7929354445797808,0.24414715719063543,0.8014931927975406,0.2727272727272728
118,1.0,0.30743773095067284,0.08891595615103531,0.008281573498964802,0.09451795841209829,0.2909090909090909
119,0.4755700325732899,0.8871356649863296,0.7929354445797808,0.24414715719063543,0.8014931927975406,0.2727272727272728
120,0.3783783783783784,0.2690080145818387,0.07673568818514007,0.007077856420626897,0.08181393174380551,0.16363636363636364
121,0.4755700325732899,0.8871356649863296,0.7929354445797808,0.24414715719063543,0.8014931927975406,0.2727272727272728
122,1.0,0.30743773095067284,0.08891595615103531,0.008281573498964802,0.09451795841209829,0.2909090909090909
123,0.4755700325732899,0.8871356649863296,0.7929354445797808,0.24414715719063543,0.8014931927975406,0.2727272727272728
124,0.3783783783783784,0.2690080145818387,0.07673568818514007,0.007077856420626897,0.08181393174380551,0.16363636363636364
125,0.4755700325732899,0.8871356649863296,0.7929354445797808,0.24414715719063543,0.8014931927975406,0.2727272727272728
126,0.20689655172413793,0.23057829821300463,0.06455542021924482,0.005928853754940711,0.06938020351526364,0.6181818181818182
127,0.4755700325732899,0.8871356649863296,0.7929354445797808,0.24414715719063543,0.8014931927975406,0.2727272727272728
128,1.0,0.30743773095067284,0.08891595615103531,0.008281573498964802,0.09451795841209829,0.2909090909090909
129,0.4755700325732899,0.8871356649863296,0.7929354445797808,0.24414715719063543,0.8014931927975406,0.2727272727272728
130,1.0,0.30743773095067284,0.08891595615103531,0.008281573498964802,0.09451795841209829,0.2909090909090909
131,0.4755700325732899,0.8871356649863296,0.7929354445797808,0.24414715719063543,0.8014931927975406,0.2727272727272728
132,0.3783783783783784,0.2690080145818387,0.07673568818514007,0.007077856420626897,0.08181393174380551,0.16363636363636364
