2,0.34848484848484845,1.0,1.0,1.0,1.0,0.0
4,0.34848484848484845,1.0,1.0,1.0,1.0,0.0
6,0.34848484848484845,1.0,1.0,1.0,1.0,0.0
7,0.34848484848484845,1.0,1.0,1.0,1.0,0.0
8,0.34848484848484845,1.0,1.0,1.0,1.0,0.0
9,0.34848484848484845,1.0,1.0,1.0,1.0,0.0
10,0.34848484848484845,1.0,1.0,1.0,1.0,0.0
12,0.34848484848484845,1.0,1.0,1.0,1.0,0.0
13,0.34848484848484845,1.0,1.0,1.0,1.0,0.0
14,0.34848484848484845,1.0,1.0,1.0,1.0,0.0
16,0.34848484848484845,1.0,1.0,1.0,1.0,0.0
18,0.34848484848484845,1.0,1.0,1.0,1.0,0.0
20,0.34848484848484845,1.0,1.0,1.0,1.0,0.0
23,0.34848484848484845,1.0,1.0,1.0,1.0,0.0
24,0.34848484848484845,1.0,1.0,1.0,1.0,0.0
25,0.34848484848484845,1.0,1.0,1.0,1.0,0.0
26,0.34848484848484845,1.0,1.0,1.0,1.0,0.0
28,0.34848484848484845,1.0,1.0,1.0,1.0,0.0
30,0.3174603174603174,0.8974056804873615,0.8695652173913043,0.21739130434782605,0.8695652173913042,0.13043478260869568
31,0.3174603174603174,0.8974056804873615,0.8695652173913043,0.21739130434782605,0.8695652173913042,0.13043478260869568
33,0.34848484848484845,1.0,1.0,1.0,1.0,0.0
34,0.34848484848484845,1.0,1.0,1.0,1.0,0.0
35,0.34848484848484845,1.0,1.0,1.0,1.0,0.0
36,1.0,0.114021404241969,0.06521739130434782,0.0025575447570332474,0.057971014492753575,0.47826086956521735
37,0.3384615384615384,0.9663551874196686,0.9565217391304348,0.47826086956521735,0.9565217391304346,0.043478260869565175
38,0.3384615384615384,0.9663551874196686,0.9565217391304348,0.47826086956521735,0.9565217391304346,0.043478260869565175
39,0.3384615384615384,0.9663551874196686,0.9565217391304348,0.47826086956521735,0.9565217391304346,0.043478260869565175
40,1.0,0.114021404241969,0.06521739130434782,0.0025575447570332474,0.057971014492753575,0.47826086956521735
41,0.3174603174603174,0.8974056804873615,0.8695652173913043,0.21739130434782605,0.8695652173913042,0.13043478260869568
42,0.3174603174603174,0.8974056804873615,0.8695652173913043,0.21739130434782605,0.8695652173913042,0.13043478260869568
43,0.3174603174603174,0.8974056804873615,0.8695652173913043,0.21739130434782605,0.8695652173913042,0.13043478260869568
44,0.0,0.0,0.0,0.0,0.0,1.0
46,0.34848484848484845,1.0,1.0,1.0,1.0,0.0
47,0.34848484848484845,1.0,1.0,1.0,1.0,0.0
48,0.34848484848484845,1.0,1.0,1.0,1.0,0.0
49,0.34848484848484845,1.0,1.0,1.0,1.0,0.0
50,0.34848484848484845,1.0,1.0,1.0,1.0,0.0
51,0.34848484848484845,1.0,1.0,1.0,1.0,0.0
52,0.34848484848484845,1.0,1.0,1.0,1.0,0.0
