3,0.9210526315789475,0.9695359714832659,0.9950331125827815,0.8421052631578947,0.9400000000000001,0.0
6,0.9210526315789475,0.9695359714832659,0.9950331125827815,0.8421052631578947,0.9400000000000001,0.0
7,0.9210526315789475,0.9695359714832659,0.9950331125827815,0.8421052631578947,0.9400000000000001,0.0
8,1.0,1.0,1.0,1.0,1.0,1.0
10,0.9990157480314962,0.9668495396661586,0.935430463576159,0.8804554079696394,0.9558204768583451,0.9247311827956982
11,0.9990157480314962,0.9668495396661586,0.935430463576159,0.8804554079696394,0.9558204768583451,0.9247311827956982
13,0.9990157480314962,0.9668495396661586,0.935430463576159,0.8804554079696394,0.9558204768583451,0.9247311827956982
14,0.9990157480314962,0.9668495396661586,0.935430463576159,0.8804554079696394,0.9558204768583451,0.9247311827956982
16,0.0,0.0,0.0,0.0,0.0,0.0
17,0.0,0.0,0.0,0.0,0.0,0.0
19,0.43209876543209885,0.18056834004028674,0.05960264900662252,0.03128054740957967,0.08663594470046083,0.9247311827956985
20,0.43209876543209885,0.18056834004028674,0.05960264900662252,0.03128054740957967,0.08663594470046083,0.9247311827956985
