10,0.742857142857143,0.6859943405700353,0.49999999999999994,0.4545454545454546,0.47058823529411764,0.18181818181818185
12,0.742857142857143,0.6859943405700353,0.49999999999999994,0.4545454545454546,0.47058823529411764,0.18181818181818185
13,0.742857142857143,0.6859943405700353,0.49999999999999994,0.4545454545454546,0.47058823529411764,0.18181818181818185
18,0.742857142857143,0.6859943405700353,0.49999999999999994,0.4545454545454546,0.47058823529411764,0.18181818181818185
19,0.742857142857143,0.6859943405700353,0.49999999999999994,0.4545454545454546,0.47058823529411764,0.18181818181818185
20,0.742857142857143,0.6859943405700353,0.49999999999999994,0.4545454545454546,0.47058823529411764,0.18181818181818185
21,0.7647058823529413,0.7071067811865475,0.5555555555555556,0.4838709677419355,0.5,0.27272727272727276
25,0.742857142857143,0.6859943405700353,0.49999999999999994,0.4545454545454546,0.47058823529411764,0.18181818181818185
26,0.7647058823529413,0.7071067811865475,0.5555555555555556,0.4838709677419355,0.5,0.27272727272727276
27,0.7647058823529413,0.7071067811865475,0.5555555555555556,0.4838709677419355,0.5,0.27272727272727276
28,0.7647058823529413,0.7071067811865475,0.5555555555555556,0.4838709677419355,0.5,0.27272727272727276
32,0.742857142857143,0.6859943405700353,0.49999999999999994,0.4545454545454546,0.47058823529411764,0.18181818181818185
34,0.8125000000000001,0.7559289460184544,0.6666666666666666,0.5555555555555556,0.5714285714285714,0.45454545454545464
35,0.8125000000000001,0.7559289460184544,0.6666666666666666,0.5555555555555556,0.5714285714285714,0.45454545454545464
36,0.8125000000000001,0.7559289460184544,0.6666666666666666,0.5555555555555556,0.5714285714285714,0.45454545454545464
37,0.8965517241379313,0.8528028654224417,0.8333333333333333,0.7142857142857143,0.7272727272727273,0.7272727272727274
38,0.0,0.0,0.3611111111111111,0.0,0.0,0.0
39,0.0,0.0,0.3611111111111111,0.0,0.0,0.0
41,0.8125000000000001,0.7559289460184544,0.6666666666666666,0.5555555555555556,0.5714285714285714,0.45454545454545464
42,1.0,1.0,1.0,1.0,1.0,1.0
44,0.8125000000000001,0.7559289460184544,0.6666666666666666,0.5555555555555556,0.5714285714285714,0.45454545454545464
45,0.8125000000000001,0.7559289460184544,0.6666666666666666,0.5555555555555556,0.5714285714285714,0.45454545454545464
49,0.7027027027027027,0.6488856845230502,0.38888888888888884,0.40540540540540543,0.42105263157894735,0.0
51,0.7027027027027027,0.6488856845230502,0.38888888888888884,0.40540540540540543,0.42105263157894735,0.0
52,0.7027027027027027,0.6488856845230502,0.38888888888888884,0.40540540540540543,0.42105263157894735,0.0
54,0.7027027027027027,0.6488856845230502,0.38888888888888884,0.40540540540540543,0.42105263157894735,0.0
55,0.7027027027027027,0.6488856845230502,0.38888888888888884,0.40540540540540543,0.42105263157894735,0.0
56,0.7027027027027027,0.6488856845230502,0.38888888888888884,0.40540540540540543,0.42105263157894735,0.0
57,0.7027027027027027,0.6488856845230502,0.38888888888888884,0.40540540540540543,0.42105263157894735,0.0
58,0.7027027027027027,0.6488856845230502,0.38888888888888884,0.40540540540540543,0.42105263157894735,0.0
60,0.7027027027027027,0.6488856845230502,0.38888888888888884,0.40540540540540543,0.42105263157894735,0.0
61,0.7027027027027027,0.6488856845230502,0.38888888888888884,0.40540540540540543,0.42105263157894735,0.0
62,0.7027027027027027,0.6488856845230502,0.38888888888888884,0.40540540540540543,0.42105263157894735,0.0
63,0.0,0.0,0.0,0.0,0.0,0.590909090909091
64,0.0,0.0,0.0,0.0,0.0,0.590909090909091
72,0.7027027027027027,0.6488856845230502,0.38888888888888884,0.40540540540540543,0.42105263157894735,0.0
73,0.7027027027027027,0.6488856845230502,0.38888888888888884,0.40540540540540543,0.42105263157894735,0.0
74,0.7222222222222222,0.6666666666666666,0.4444444444444445,0.42857142857142855,0.4444444444444444,0.09090909090909093
75,0.7647058823529413,0.7071067811865475,0.5555555555555556,0.4838709677419355,0.5,0.27272727272727276
76,0.838709677419355,0.7844645405527362,0.7222222222222221,0.6,0.6153846153846154,0.5454545454545455
77,0.838709677419355,0.7844645405527362,0.7222222222222221,0.6,0.6153846153846154,0.5454545454545455
79,0.838709677419355,0.7844645405527362,0.7222222222222221,0.6,0.6153846153846154,0.5454545454545455
81,0.0,0.0,0.19444444444444445,0.0,0.0,0.27272727272727276
82,0.7027027027027027,0.6488856845230502,0.38888888888888884,0.40540540540540543,0.42105263157894735,0.0
