3,0.7159090909090905,1.0,1.0,0.9090909090909092,0.9134615384615389,0.0
7,0.7159090909090905,1.0,1.0,0.9090909090909092,0.9134615384615389,0.0
9,0.7159090909090905,1.0,1.0,0.9090909090909092,0.9134615384615389,0.0
10,0.7159090909090905,1.0,1.0,0.9090909090909092,0.9134615384615389,0.0
11,0.7159090909090905,1.0,1.0,0.9090909090909092,0.9134615384615389,0.0
12,0.14383561643835524,0.5775799202082047,0.5961538461538461,0.2857142857142856,0.29687500000000017,1.0
13,0.0,0.2438802404586791,0.26923076923076916,0.0,0.0,0.8571428571428572
14,0.0,0.2438802404586791,0.26923076923076916,0.0,0.0,0.8571428571428572
16,1.0,0.7943795374391338,0.6923076923076922,1.0,1.0,0.428571428571429
18,1.0,0.0,0.0,0.0,0.0,0.14285714285714293
19,1.0,0.0,0.0,0.0,0.0,0.14285714285714293
21,1.0,0.7943795374391338,0.6923076923076922,1.0,1.0,0.428571428571429
26,0.7159090909090905,1.0,1.0,0.9090909090909092,0.9134615384615389,0.0
28,0.7159090909090905,1.0,1.0,0.9090909090909092,0.9134615384615389,0.0
