21,0,1.0,1.0,1.0,1.0,1.0
22,0,1.0,1.0,1.0,1.0,1.0
23,0,1.0,1.0,1.0,1.0,1.0
24,0,1.0,1.0,1.0,1.0,1.0
25,0,1.0,1.0,1.0,1.0,1.0
26,0,1.0,1.0,1.0,1.0,1.0
27,0,0.8603796100280632,0.8333333333333334,0.1404494382022472,0.8333333333333334,0.8333333333333334
28,0,1.0,1.0,1.0,1.0,1.0
29,0,0.1707718673264918,0.1388888888888889,0.004530627038782167,0.13888888888888887,0.13888888888888887
30,0,1.0,1.0,1.0,1.0,1.0
31,0,1.0,1.0,1.0,1.0,1.0
32,0,1.0,1.0,1.0,1.0,1.0
33,0,1.0,1.0,1.0,1.0,1.0
34,0,0.0,0.0,0.0,0.0,0.0
35,0,1.0,1.0,1.0,1.0,1.0
36,0,0.9542696973707006,0.9444444444444444,0.4775280898876404,0.9444444444444444,0.9444444444444444
37,0,0.5283285953123517,0.4722222222222222,0.025133057362507396,0.4722222222222222,0.4722222222222222
38,0,0.5283285953123517,0.4722222222222222,0.025133057362507396,0.4722222222222222,0.4722222222222222
40,0,1.0,1.0,1.0,1.0,1.0
41,0,1.0,1.0,1.0,1.0,1.0
42,0,0.8603796100280632,0.8333333333333334,0.1404494382022472,0.8333333333333334,0.8333333333333334
43,0,1.0,1.0,1.0,1.0,1.0
44,0,1.0,1.0,1.0,1.0,1.0
