8,1.0,1.0,1.0,1.0,1.0,0.0
9,1.0,1.0,1.0,1.0,1.0,0.0
10,0.576882290562036,0.5775113863886461,0.5426829268292683,0.527,0.5521509433962265,0.9292035398230087
12,0.576882290562036,0.5775113863886461,0.5426829268292683,0.527,0.5521509433962265,0.9292035398230087
15,1.0,1.0,1.0,1.0,1.0,0.0
17,1.0,1.0,1.0,1.0,1.0,0.0
18,1.0,1.0,1.0,1.0,1.0,0.0
19,1.0,1.0,1.0,1.0,1.0,0.0
20,1.0,1.0,1.0,1.0,1.0,0.0
21,1.0,1.0,1.0,1.0,1.0,0.0
22,1.0,1.0,1.0,1.0,1.0,0.0
24,1.0,1.0,1.0,1.0,1.0,0.0
25,1.0,1.0,1.0,1.0,1.0,0.0
26,1.0,1.0,1.0,1.0,1.0,0.0
28,1.0,1.0,1.0,1.0,1.0,0.0
29,0.5504920092120874,0.5687095672869925,0.5396341463414633,0.5079183673469388,0.5331851851851851,1.0
31,1.0,1.0,1.0,1.0,1.0,0.0
32,1.0,1.0,1.0,1.0,1.0,0.0
33,1.0,1.0,1.0,1.0,1.0,0.0
35,1.0,1.0,1.0,1.0,1.0,0.0
36,0.0,0.0,0.0,0.0,0.0,0.6106194690265486
39,1.0,1.0,1.0,1.0,1.0,0.0
43,1.0,1.0,1.0,1.0,1.0,0.0
52,1.0,1.0,1.0,1.0,1.0,0.0
53,1.0,1.0,1.0,1.0,1.0,0.0
55,1.0,1.0,1.0,1.0,1.0,0.0
57,1.0,1.0,1.0,1.0,1.0,0.0
58,1.0,1.0,1.0,1.0,1.0,0.0
59,1.0,1.0,1.0,1.0,1.0,0.0
71,1.0,1.0,1.0,1.0,1.0,0.0
73,1.0,1.0,1.0,1.0,1.0,0.0
75,1.0,1.0,1.0,1.0,1.0,0.0
